#! FIELDS time energy
 0.000000 -24652.026037
 1.000000 -24582.948141
 2.000000 -24647.042644
 3.000000 -24604.977418
 4.000000 -24602.634379
 5.000000 -24466.817049
 6.000000 -24659.346924
 7.000000 -24660.077784
 8.000000 -24539.906799
 9.000000 -24564.450745
 10.000000 -24590.846772
 11.000000 -24481.620003
 12.000000 -24562.520721
 13.000000 -24499.181255
 14.000000 -24509.380337
 15.000000 -24580.483693
 16.000000 -24656.852008
 17.000000 -24646.618623
 18.000000 -24533.886113
 19.000000 -24533.666823
 20.000000 -24544.870409
 21.000000 -24611.582854
 22.000000 -24546.411653
 23.000000 -24653.049575
 24.000000 -24578.275413
 25.000000 -24659.397731
 26.000000 -24491.075239
 27.000000 -24515.965595
 28.000000 -24541.749630
 29.000000 -24569.861244
 30.000000 -24707.838769
 31.000000 -24653.561987
 32.000000 -24664.543274
 33.000000 -24732.107777
 34.000000 -24423.731284
 35.000000 -24534.521381
 36.000000 -24668.273147
 37.000000 -24617.131251
 38.000000 -24503.688242
 39.000000 -24670.715164
 40.000000 -24579.310147
 41.000000 -24567.667483
 42.000000 -24665.529196
 43.000000 -24467.996433
 44.000000 -24608.419152
 45.000000 -24510.113951
 46.000000 -24485.267591
 47.000000 -24662.744630
 48.000000 -24666.567424
 49.000000 -24575.908814
 50.000000 -24515.107503
 51.000000 -24528.098550
 52.000000 -24662.960806
 53.000000 -24683.265641
 54.000000 -24697.011000
 55.000000 -24559.008352
 56.000000 -24448.720814
 57.000000 -24572.990039
 58.000000 -24529.675176
 59.000000 -24503.829797
 60.000000 -24720.450754
 61.000000 -24622.860927
 62.000000 -24626.917032
 63.000000 -24713.961445
 64.000000 -24673.817577
 65.000000 -24691.911997
 66.000000 -24649.723966
 67.000000 -24456.114120
 68.000000 -24506.506314
 69.000000 -24521.708035
 70.000000 -24631.319039
 71.000000 -24567.226238
 72.000000 -24619.126127
 73.000000 -24725.078182
 74.000000 -24657.880939
 75.000000 -24602.185409
 76.000000 -24596.908359
 77.000000 -24609.271710
 78.000000 -24429.933533
 79.000000 -24584.484842
 80.000000 -24656.971935
 81.000000 -24583.521037
 82.000000 -24580.431585
 83.000000 -24651.246408
 84.000000 -24645.560103
 85.000000 -24577.139531
 86.000000 -24619.661307
 87.000000 -24541.065955
 88.000000 -24602.125628
 89.000000 -24680.590422
 90.000000 -24577.266630
 91.000000 -24596.734600
 92.000000 -24528.581697
 93.000000 -24600.791893
 94.000000 -24636.431609
 95.000000 -24513.766177
 96.000000 -24471.149775
 97.000000 -24668.137736
 98.000000 -24547.164336
 99.000000 -24680.789293
 100.000000 -24541.212073
 101.000000 -24583.222793
 102.000000 -24614.770646
 103.000000 -24723.295705
 104.000000 -24542.196636
 105.000000 -24616.549592
 106.000000 -24649.516656
 107.000000 -24608.351350
 108.000000 -24654.346235
 109.000000 -24541.725506
 110.000000 -24634.606340
 111.000000 -24678.449942
 112.000000 -24613.449471
 113.000000 -24598.447701
 114.000000 -24664.059411
 115.000000 -24580.681736
 116.000000 -24532.436820
 117.000000 -24570.927197
 118.000000 -24603.551804
 119.000000 -24541.940911
 120.000000 -24618.647854
 121.000000 -24557.262713
 122.000000 -24611.309712
 123.000000 -24699.116179
 124.000000 -24710.347231
 125.000000 -24541.719428
 126.000000 -24566.551019
 127.000000 -24579.645076
 128.000000 -24612.699502
 129.000000 -24619.098700
 130.000000 -24565.847781
 131.000000 -24507.160411
 132.000000 -24689.564790
 133.000000 -24651.885728
 134.000000 -24609.522206
 135.000000 -24611.148113
 136.000000 -24562.581995
 137.000000 -24600.063716
 138.000000 -24514.393033
 139.000000 -24614.742384
 140.000000 -24602.477356
 141.000000 -24667.075577
 142.000000 -24653.470438
 143.000000 -24646.598602
 144.000000 -24639.899122
 145.000000 -24606.029349
 146.000000 -24595.740520
 147.000000 -24562.804611
 148.000000 -24556.350457
 149.000000 -24543.355970
 150.000000 -24645.269098
 151.000000 -24625.676989
 152.000000 -24674.855726
 153.000000 -24620.790917
 154.000000 -24616.955100
 155.000000 -24665.632259
 156.000000 -24466.506476
 157.000000 -24568.700871
 158.000000 -24628.054995
 159.000000 -24532.854837
 160.000000 -24573.017639
 161.000000 -24446.284496
 162.000000 -24598.651249
 163.000000 -24607.722175
 164.000000 -24489.432381
 165.000000 -24618.857562
 166.000000 -24635.602686
 167.000000 -24583.584239
 168.000000 -24734.224539
 169.000000 -24628.473878
 170.000000 -24576.972171
 171.000000 -24496.354364
 172.000000 -24646.523446
 173.000000 -24679.560276
 174.000000 -24519.593825
 175.000000 -24549.951059
 176.000000 -24470.102679
 177.000000 -24575.434229
 178.000000 -24616.212426
 179.000000 -24601.383001
 180.000000 -24577.298108
 181.000000 -24473.131237
 182.000000 -24572.964716
 183.000000 -24693.702062
 184.000000 -24520.025366
 185.000000 -24467.310760
 186.000000 -24629.832557
 187.000000 -24585.014490
 188.000000 -24586.732689
 189.000000 -24755.462317
 190.000000 -24654.601207
 191.000000 -24637.832252
 192.000000 -24457.360656
 193.000000 -24577.164953
 194.000000 -24577.726316
 195.000000 -24505.949908
 196.000000 -24617.658444
 197.000000 -24560.954530
 198.000000 -24550.141274
 199.000000 -24520.282411
 200.000000 -24565.569229
 201.000000 -24713.177389
 202.000000 -24658.668199
 203.000000 -24633.069509
 204.000000 -24661.553405
 205.000000 -24511.693028
 206.000000 -24480.515316
 207.000000 -24650.625986
 208.000000 -24548.880489
 209.000000 -24563.472927
 210.000000 -24622.277206
 211.000000 -24521.245924
 212.000000 -24485.745063
 213.000000 -24624.889111
 214.000000 -24548.880450
 215.000000 -24595.424912
 216.000000 -24531.227666
 217.000000 -24683.857600
 218.000000 -24611.507730
 219.000000 -24746.376578
 220.000000 -24661.049646
 221.000000 -24503.864761
 222.000000 -24667.527999
 223.000000 -24619.675618
 224.000000 -24608.522411
 225.000000 -24594.000468
 226.000000 -24600.571622
 227.000000 -24614.023940
 228.000000 -24657.695977
 229.000000 -24626.078395
 230.000000 -24590.926749
 231.000000 -24627.376515
 232.000000 -24636.093320
 233.000000 -24474.172457
 234.000000 -24565.348241
 235.000000 -24702.279537
 236.000000 -24560.472544
 237.000000 -24478.010248
 238.000000 -24578.663756
 239.000000 -24436.477782
 240.000000 -24573.337663
 241.000000 -24557.268437
 242.000000 -24558.702729
 243.000000 -24516.204032
 244.000000 -24483.782069
 245.000000 -24612.855032
 246.000000 -24595.939220
 247.000000 -24523.027016
 248.000000 -24589.533039
 249.000000 -24625.634130
 250.000000 -24604.499613
 251.000000 -24475.089193
 252.000000 -24610.321236
 253.000000 -24524.391768
 254.000000 -24521.611482
 255.000000 -24616.734941
 256.000000 -24595.288136
 257.000000 -24619.267575
 258.000000 -24485.879633
 259.000000 -24570.602125
 260.000000 -24739.015676
 261.000000 -24494.197237
 262.000000 -24611.609664
 263.000000 -24661.555851
 264.000000 -24648.451604
 265.000000 -24539.817782
 266.000000 -24605.872782
 267.000000 -24602.899198
 268.000000 -24625.457945
 269.000000 -24623.599654
 270.000000 -24593.207751
 271.000000 -24593.102538
 272.000000 -24469.383439
 273.000000 -24619.314473
 274.000000 -24595.408558
 275.000000 -24561.695656
 276.000000 -24606.455535
 277.000000 -24624.194667
 278.000000 -24519.132786
 279.000000 -24624.215015
 280.000000 -24584.349832
 281.000000 -24524.201380
 282.000000 -24575.064142
 283.000000 -24635.127069
 284.000000 -24600.000600
 285.000000 -24613.206751
 286.000000 -24454.301470
 287.000000 -24717.116583
 288.000000 -24571.919327
 289.000000 -24641.553824
 290.000000 -24692.710590
 291.000000 -24630.257085
 292.000000 -24561.827059
 293.000000 -24552.280199
 294.000000 -24624.769811
 295.000000 -24600.473882
 296.000000 -24663.551940
 297.000000 -24523.939738
 298.000000 -24649.655907
 299.000000 -24610.852123
 300.000000 -24676.887414
 301.000000 -24623.065173
 302.000000 -24636.405779
 303.000000 -24502.299015
 304.000000 -24531.614366
 305.000000 -24461.641784
 306.000000 -24672.810513
 307.000000 -24532.321027
 308.000000 -24559.923360
 309.000000 -24719.930760
 310.000000 -24545.919933
 311.000000 -24556.359785
 312.000000 -24613.616295
 313.000000 -24632.733858
 314.000000 -24598.532330
 315.000000 -24558.086927
 316.000000 -24577.814575
 317.000000 -24650.624547
 318.000000 -24572.539169
 319.000000 -24597.650281
 320.000000 -24655.488931
 321.000000 -24574.613075
 322.000000 -24617.348352
 323.000000 -24638.561591
 324.000000 -24539.269286
 325.000000 -24555.264485
 326.000000 -24522.476878
 327.000000 -24628.782457
 328.000000 -24579.896408
 329.000000 -24759.548566
 330.000000 -24613.508792
 331.000000 -24649.507352
 332.000000 -24420.686900
 333.000000 -24697.158948
 334.000000 -24518.222011
 335.000000 -24434.666669
 336.000000 -24486.277357
 337.000000 -24531.158094
 338.000000 -24655.455470
 339.000000 -24615.261516
 340.000000 -24598.113597
 341.000000 -24691.364844
 342.000000 -24403.338702
 343.000000 -24465.104607
 344.000000 -24610.017303
 345.000000 -24561.630714
 346.000000 -24531.240439
 347.000000 -24564.050853
 348.000000 -24531.600768
 349.000000 -24578.712413
 350.000000 -24607.220035
 351.000000 -24589.467114
 352.000000 -24669.644066
 353.000000 -24719.550925
 354.000000 -24615.692231
 355.000000 -24686.312169
 356.000000 -24487.188626
 357.000000 -24547.394054
 358.000000 -24626.997258
 359.000000 -24493.056043
 360.000000 -24564.585952
 361.000000 -24618.615813
 362.000000 -24496.245472
 363.000000 -24561.597819
 364.000000 -24689.153314
 365.000000 -24674.166944
 366.000000 -24624.809196
 367.000000 -24574.205425
 368.000000 -24594.960722
 369.000000 -24500.029573
 370.000000 -24494.706365
 371.000000 -24680.544788
 372.000000 -24675.002431
 373.000000 -24610.728014
 374.000000 -24560.192211
 375.000000 -24438.568312
 376.000000 -24636.710731
 377.000000 -24600.228796
 378.000000 -24613.746252
 379.000000 -24658.941521
 380.000000 -24500.732213
 381.000000 -24656.563245
 382.000000 -24585.659490
 383.000000 -24643.866644
 384.000000 -24561.391342
 385.000000 -24567.689448
 386.000000 -24601.234622
 387.000000 -24649.304074
 388.000000 -24631.296985
 389.000000 -24653.572167
 390.000000 -24585.960086
 391.000000 -24717.414747
 392.000000 -24596.197372
 393.000000 -24668.781850
 394.000000 -24524.215235
 395.000000 -24574.144981
 396.000000 -24686.221087
 397.000000 -24733.459641
 398.000000 -24636.976028
 399.000000 -24514.325940
 400.000000 -24565.684823
 401.000000 -24548.973837
 402.000000 -24484.260597
 403.000000 -24458.604817
 404.000000 -24686.583945
 405.000000 -24680.415871
 406.000000 -24634.370200
 407.000000 -24542.112910
 408.000000 -24601.661105
 409.000000 -24617.327265
 410.000000 -24546.129602
 411.000000 -24510.770876
 412.000000 -24674.023954
 413.000000 -24637.142729
 414.000000 -24658.788318
 415.000000 -24757.184708
 416.000000 -24702.844628
 417.000000 -24547.724933
 418.000000 -24584.306852
 419.000000 -24736.624438
 420.000000 -24533.572166
 421.000000 -24572.912134
 422.000000 -24644.816262
 423.000000 -24601.439596
 424.000000 -24675.219425
 425.000000 -24569.641347
 426.000000 -24531.116723
 427.000000 -24630.714443
 428.000000 -24585.444612
 429.000000 -24572.333165
 430.000000 -24561.343705
 431.000000 -24663.528169
 432.000000 -24623.618489
 433.000000 -24567.652955
 434.000000 -24597.070505
 435.000000 -24538.983826
 436.000000 -24682.268859
 437.000000 -24575.902192
 438.000000 -24601.694168
 439.000000 -24808.057919
 440.000000 -24633.697988
 441.000000 -24516.471874
 442.000000 -24580.837348
 443.000000 -24736.099794
 444.000000 -24634.211031
 445.000000 -24513.553481
 446.000000 -24530.954894
 447.000000 -24637.850816
 448.000000 -24612.483773
 449.000000 -24612.411676
 450.000000 -24685.263580
 451.000000 -24686.968755
 452.000000 -24703.455882
 453.000000 -24484.835160
 454.000000 -24639.788304
 455.000000 -24538.939664
 456.000000 -24576.185869
 457.000000 -24660.203319
 458.000000 -24644.496162
 459.000000 -24534.145821
 460.000000 -24477.002407
 461.000000 -24672.311094
 462.000000 -24521.782170
 463.000000 -24692.985342
 464.000000 -24547.354711
 465.000000 -24562.799590
 466.000000 -24665.019946
 467.000000 -24629.761579
 468.000000 -24666.650345
 469.000000 -24495.075617
 470.000000 -24628.431111
 471.000000 -24557.646187
 472.000000 -24476.837281
 473.000000 -24507.877901
 474.000000 -24638.787138
 475.000000 -24657.999084
 476.000000 -24612.007758
 477.000000 -24457.058142
 478.000000 -24542.886794
 479.000000 -24666.393652
 480.000000 -24557.500147
 481.000000 -24641.588661
 482.000000 -24681.988554
 483.000000 -24690.925105
 484.000000 -24579.822864
 485.000000 -24706.876567
 486.000000 -24577.984631
 487.000000 -24543.574676
 488.000000 -24635.609301
 489.000000 -24637.564257
 490.000000 -24544.752554
 491.000000 -24677.042607
 492.000000 -24469.113236
 493.000000 -24664.263504
 494.000000 -24578.398128
 495.000000 -24600.762206
 496.000000 -24506.980989
 497.000000 -24612.569145
 498.000000 -24668.815889
 499.000000 -24575.805249
 500.000000 -24527.456343
 501.000000 -24518.052801
 502.000000 -24641.813577
 503.000000 -24580.133011
 504.000000 -24474.770041
 505.000000 -24482.547771
 506.000000 -24520.911497
 507.000000 -24630.194702
 508.000000 -24538.267505
 509.000000 -24624.366093
 510.000000 -24737.455952
 511.000000 -24474.636097
 512.000000 -24551.470372
 513.000000 -24500.086040
 514.000000 -24515.531109
 515.000000 -24674.871805
 516.000000 -24406.524615
 517.000000 -24613.769736
 518.000000 -24503.848563
 519.000000 -24528.818421
 520.000000 -24667.114184
 521.000000 -24523.342525
 522.000000 -24474.301553
 523.000000 -24712.512408
 524.000000 -24602.110485
 525.000000 -24538.565254
 526.000000 -24614.619321
 527.000000 -24559.926335
 528.000000 -24579.493034
 529.000000 -24534.627005
 530.000000 -24744.941875
 531.000000 -24603.996578
 532.000000 -24629.973367
 533.000000 -24546.909779
 534.000000 -24567.977429
 535.000000 -24623.010854
 536.000000 -24552.428270
 537.000000 -24577.077317
 538.000000 -24537.456141
 539.000000 -24619.741613
 540.000000 -24501.809177
 541.000000 -24607.104206
 542.000000 -24542.995596
 543.000000 -24484.494390
 544.000000 -24624.138523
 545.000000 -24609.101195
 546.000000 -24505.026656
 547.000000 -24620.127053
 548.000000 -24613.478081
 549.000000 -24573.944825
 550.000000 -24667.718716
 551.000000 -24579.615726
 552.000000 -24618.328588
 553.000000 -24597.660623
 554.000000 -24540.240298
 555.000000 -24615.613316
 556.000000 -24449.941217
 557.000000 -24554.454260
 558.000000 -24681.741195
 559.000000 -24564.347053
 560.000000 -24643.605413
 561.000000 -24571.664665
 562.000000 -24668.787600
 563.000000 -24631.276560
 564.000000 -24506.895174
 565.000000 -24481.786429
 566.000000 -24536.342889
 567.000000 -24630.302017
 568.000000 -24661.376387
 569.000000 -24557.538522
 570.000000 -24705.777279
 571.000000 -24651.597099
 572.000000 -24652.007090
 573.000000 -24503.169601
 574.000000 -24629.195363
 575.000000 -24602.800745
 576.000000 -24603.395572
 577.000000 -24526.395217
 578.000000 -24704.431660
 579.000000 -24599.241513
 580.000000 -24536.881748
 581.000000 -24487.157582
 582.000000 -24608.334771
 583.000000 -24589.835048
 584.000000 -24646.879827
 585.000000 -24603.977906
 586.000000 -24603.769458
 587.000000 -24523.914481
 588.000000 -24610.598809
 589.000000 -24547.003614
 590.000000 -24599.306150
 591.000000 -24702.834960
 592.000000 -24474.138331
 593.000000 -24573.641094
 594.000000 -24591.570790
 595.000000 -24663.378699
 596.000000 -24581.909669
 597.000000 -24492.829701
 598.000000 -24697.732755
 599.000000 -24601.733629
 600.000000 -24619.307680
 601.000000 -24550.191245
 602.000000 -24463.913435
 603.000000 -24481.825651
 604.000000 -24488.199577
 605.000000 -24523.901079
 606.000000 -24670.783042
 607.000000 -24546.179668
 608.000000 -24584.188503
 609.000000 -24605.182320
 610.000000 -24751.872018
 611.000000 -24507.661534
 612.000000 -24478.806784
 613.000000 -24654.658112
 614.000000 -24582.830501
 615.000000 -24472.587313
 616.000000 -24560.638643
 617.000000 -24515.635019
 618.000000 -24728.149257
 619.000000 -24618.634519
 620.000000 -24626.435215
 621.000000 -24479.311188
 622.000000 -24509.477804
 623.000000 -24488.346028
 624.000000 -24664.952313
 625.000000 -24703.616987
 626.000000 -24508.406130
 627.000000 -24535.525786
 628.000000 -24732.882803
 629.000000 -24595.298084
 630.000000 -24580.342897
 631.000000 -24645.554917
 632.000000 -24507.909334
 633.000000 -24679.393344
 634.000000 -24617.968087
 635.000000 -24631.825908
 636.000000 -24547.709632
 637.000000 -24538.710752
 638.000000 -24451.206438
 639.000000 -24507.733679
 640.000000 -24492.038539
 641.000000 -24583.194159
 642.000000 -24588.030174
 643.000000 -24683.762856
 644.000000 -24581.021607
 645.000000 -24575.891066
 646.000000 -24663.742206
 647.000000 -24665.867969
 648.000000 -24647.186903
 649.000000 -24529.722036
 650.000000 -24510.739041
 651.000000 -24543.509000
 652.000000 -24591.596454
 653.000000 -24660.764782
 654.000000 -24552.149966
 655.000000 -24624.893042
 656.000000 -24520.378586
 657.000000 -24443.417119
 658.000000 -24437.015940
 659.000000 -24598.389086
 660.000000 -24544.399925
 661.000000 -24493.519619
 662.000000 -24588.735547
 663.000000 -24611.235535
 664.000000 -24515.792329
 665.000000 -24619.356208
 666.000000 -24517.861152
 667.000000 -24546.653242
 668.000000 -24664.837030
 669.000000 -24594.817339
 670.000000 -24576.452614
 671.000000 -24605.779986
 672.000000 -24693.815570
 673.000000 -24636.902504
 674.000000 -24581.424659
 675.000000 -24573.604103
 676.000000 -24559.858653
 677.000000 -24552.105516
 678.000000 -24543.859098
 679.000000 -24474.377056
 680.000000 -24588.891800
 681.000000 -24558.559629
 682.000000 -24711.376938
 683.000000 -24705.003356
 684.000000 -24612.780278
 685.000000 -24678.706880
 686.000000 -24662.418027
 687.000000 -24610.194056
 688.000000 -24648.696105
 689.000000 -24598.184557
 690.000000 -24567.316337
 691.000000 -24638.927155
 692.000000 -24752.086928
 693.000000 -24624.394238
 694.000000 -24563.134613
 695.000000 -24575.483089
 696.000000 -24546.710955
 697.000000 -24578.884158
 698.000000 -24673.985908
 699.000000 -24561.450833
 700.000000 -24535.768510
 701.000000 -24611.244404
 702.000000 -24578.191455
 703.000000 -24636.396627
 704.000000 -24500.614148
 705.000000 -24591.519346
 706.000000 -24570.514756
 707.000000 -24579.124166
 708.000000 -24529.317644
 709.000000 -24453.312853
 710.000000 -24494.472558
 711.000000 -24507.173079
 712.000000 -24616.835093
 713.000000 -24506.289791
 714.000000 -24659.223089
 715.000000 -24661.937884
 716.000000 -24617.325708
 717.000000 -24588.716862
 718.000000 -24531.100074
 719.000000 -24529.670918
 720.000000 -24609.134081
 721.000000 -24617.512456
 722.000000 -24531.566910
 723.000000 -24726.772282
 724.000000 -24540.403166
 725.000000 -24594.799573
 726.000000 -24651.625854
 727.000000 -24654.637230
 728.000000 -24566.157215
 729.000000 -24665.090015
 730.000000 -24591.790350
 731.000000 -24621.542897
 732.000000 -24601.450819
 733.000000 -24608.686867
 734.000000 -24554.623416
 735.000000 -24561.400845
 736.000000 -24719.250546
 737.000000 -24622.681725
 738.000000 -24574.454213
 739.000000 -24705.574335
 740.000000 -24554.622055
 741.000000 -24614.800629
 742.000000 -24584.911875
 743.000000 -24700.182809
 744.000000 -24643.292835
 745.000000 -24646.582275
 746.000000 -24697.555997
 747.000000 -24573.667144
 748.000000 -24548.155798
 749.000000 -24563.331999
 750.000000 -24680.977819
 751.000000 -24666.420019
 752.000000 -24691.218174
 753.000000 -24595.882069
 754.000000 -24628.685815
 755.000000 -24619.286706
 756.000000 -24637.575477
 757.000000 -24538.501881
 758.000000 -24510.225224
 759.000000 -24557.067860
 760.000000 -24624.416464
 761.000000 -24596.532277
 762.000000 -24620.504721
 763.000000 -24604.045590
 764.000000 -24590.891600
 765.000000 -24612.795225
 766.000000 -24669.296268
 767.000000 -24476.035329
 768.000000 -24508.645978
 769.000000 -24556.776382
 770.000000 -24486.593154
 771.000000 -24434.559116
 772.000000 -24560.948882
 773.000000 -24648.122829
 774.000000 -24625.406153
 775.000000 -24693.215249
 776.000000 -24491.065253
 777.000000 -24675.054121
 778.000000 -24677.993885
 779.000000 -24584.716936
 780.000000 -24501.076394
 781.000000 -24597.285275
 782.000000 -24630.127782
 783.000000 -24675.504484
 784.000000 -24557.366525
 785.000000 -24699.971966
 786.000000 -24568.254108
 787.000000 -24453.690458
 788.000000 -24596.472559
 789.000000 -24621.210438
 790.000000 -24613.955138
 791.000000 -24638.703822
 792.000000 -24631.350291
 793.000000 -24553.176363
 794.000000 -24633.905886
 795.000000 -24724.161354
 796.000000 -24569.175297
 797.000000 -24678.593666
 798.000000 -24705.082771
 799.000000 -24538.759585
 800.000000 -24573.995702
 801.000000 -24620.378321
 802.000000 -24561.929817
 803.000000 -24473.841198
 804.000000 -24577.127608
 805.000000 -24541.479065
 806.000000 -24533.050874
 807.000000 -24500.079838
 808.000000 -24540.201526
 809.000000 -24626.217672
 810.000000 -24744.519559
 811.000000 -24559.275610
 812.000000 -24633.719415
 813.000000 -24532.904746
 814.000000 -24607.765382
 815.000000 -24610.576267
 816.000000 -24697.128227
 817.000000 -24625.629834
 818.000000 -24627.041176
 819.000000 -24618.360477
 820.000000 -24781.015289
 821.000000 -24640.884613
 822.000000 -24630.654104
 823.000000 -24592.504720
 824.000000 -24692.320882
 825.000000 -24602.287538
 826.000000 -24651.670269
 827.000000 -24542.107265
 828.000000 -24677.903559
 829.000000 -24645.997669
 830.000000 -24481.294510
 831.000000 -24557.123082
 832.000000 -24581.744800
 833.000000 -24527.009414
 834.000000 -24454.402243
 835.000000 -24518.376602
 836.000000 -24495.354250
 837.000000 -24558.102928
 838.000000 -24621.401533
 839.000000 -24599.232448
 840.000000 -24549.976829
 841.000000 -24454.179584
 842.000000 -24570.608302
 843.000000 -24501.873309
 844.000000 -24623.564785
 845.000000 -24445.064833
 846.000000 -24440.764264
 847.000000 -24572.284366
 848.000000 -24582.696771
 849.000000 -24550.507102
 850.000000 -24586.226391
 851.000000 -24547.821469
 852.000000 -24505.417334
 853.000000 -24570.521382
 854.000000 -24569.249213
 855.000000 -24581.158041
 856.000000 -24667.612429
 857.000000 -24490.878207
 858.000000 -24571.855015
 859.000000 -24605.803353
 860.000000 -24714.579712
 861.000000 -24542.378928
 862.000000 -24586.515291
 863.000000 -24638.345566
 864.000000 -24584.706901
 865.000000 -24502.164648
 866.000000 -24585.165775
 867.000000 -24604.221736
 868.000000 -24600.325207
 869.000000 -24725.390956
 870.000000 -24537.963809
 871.000000 -24521.578214
 872.000000 -24603.628088
 873.000000 -24575.679774
 874.000000 -24584.849177
 875.000000 -24637.242931
 876.000000 -24680.592680
 877.000000 -24664.239196
 878.000000 -24572.966846
 879.000000 -24500.129160
 880.000000 -24526.436370
 881.000000 -24577.724002
 882.000000 -24553.537889
 883.000000 -24485.301085
 884.000000 -24592.465308
 885.000000 -24513.281479
 886.000000 -24622.552670
 887.000000 -24387.773191
 888.000000 -24613.886085
 889.000000 -24692.157545
 890.000000 -24532.042622
 891.000000 -24492.357483
 892.000000 -24562.000120
 893.000000 -24510.778558
 894.000000 -24630.117397
 895.000000 -24656.082269
 896.000000 -24499.841526
 897.000000 -24599.220760
 898.000000 -24549.440258
 899.000000 -24661.102799
 900.000000 -24644.583544
 901.000000 -24621.321029
 902.000000 -24516.253408
 903.000000 -24630.602353
 904.000000 -24438.698964
 905.000000 -24692.148133
 906.000000 -24599.431767
 907.000000 -24567.320443
 908.000000 -24509.741806
 909.000000 -24513.244203
 910.000000 -24584.730063
 911.000000 -24655.306817
 912.000000 -24580.635524
 913.000000 -24566.406316
 914.000000 -24677.868947
 915.000000 -24596.653007
 916.000000 -24628.838786
 917.000000 -24613.430148
 918.000000 -24476.212666
 919.000000 -24568.236808
 920.000000 -24562.538096
 921.000000 -24586.089250
 922.000000 -24487.118908
 923.000000 -24540.786242
 924.000000 -24595.070393
 925.000000 -24700.431681
 926.000000 -24638.015301
 927.000000 -24561.141178
 928.000000 -24665.301723
 929.000000 -24515.384520
 930.000000 -24553.202333
 931.000000 -24691.403344
 932.000000 -24534.397223
 933.000000 -24608.360073
 934.000000 -24596.517459
 935.000000 -24450.624244
 936.000000 -24613.943035
 937.000000 -24621.969690
 938.000000 -24738.169140
 939.000000 -24675.731144
 940.000000 -24717.045355
 941.000000 -24612.676355
 942.000000 -24652.918336
 943.000000 -24578.196997
 944.000000 -24678.185792
 945.000000 -24706.462190
 946.000000 -24585.067421
 947.000000 -24569.862869
 948.000000 -24659.565013
 949.000000 -24609.313027
 950.000000 -24690.517311
 951.000000 -24551.032696
 952.000000 -24698.739122
 953.000000 -24606.883160
 954.000000 -24611.456182
 955.000000 -24610.684559
 956.000000 -24585.913457
 957.000000 -24598.370535
 958.000000 -24570.928205
 959.000000 -24615.611905
 960.000000 -24536.826447
 961.000000 -24580.303792
 962.000000 -24541.397570
 963.000000 -24591.730865
 964.000000 -24661.731523
 965.000000 -24590.770656
 966.000000 -24623.111141
 967.000000 -24551.280482
 968.000000 -24649.203898
 969.000000 -24513.714982
 970.000000 -24456.432730
 971.000000 -24495.635138
 972.000000 -24604.041725
 973.000000 -24569.726398
 974.000000 -24513.643343
 975.000000 -24589.526247
 976.000000 -24616.420525
 977.000000 -24499.348502
 978.000000 -24545.210324
 979.000000 -24537.420031
 980.000000 -24608.166142
 981.000000 -24649.679976
 982.000000 -24552.192761
 983.000000 -24623.595662
 984.000000 -24512.440550
 985.000000 -24633.157169
 986.000000 -24659.841150
 987.000000 -24530.502601
 988.000000 -24517.300415
 989.000000 -24662.601921
 990.000000 -24559.935330
 991.000000 -24483.879428
 992.000000 -24601.818533
 993.000000 -24673.790966
 994.000000 -24510.131934
 995.000000 -24525.582372
 996.000000 -24510.567404
 997.000000 -24576.220807
 998.000000 -24566.413298
 999.000000 -24664.572165
 1000.000000 -24536.989636
