#! FIELDS energy ff dff_energy
#! SET normalisation     1.0000000000
#! SET min_energy -25000
#! SET max_energy -23500
#! SET nbins_energy  1000
#! SET periodic_energy false
 -25000.0000000000             inf    0.0000000000
 -24998.5000000000             inf    0.0000000000
 -24997.0000000000             inf    0.0000000000
 -24995.5000000000             inf    0.0000000000
 -24994.0000000000             inf    0.0000000000
 -24992.5000000000             inf    0.0000000000
 -24991.0000000000             inf    0.0000000000
 -24989.5000000000             inf    0.0000000000
 -24988.0000000000             inf    0.0000000000
 -24986.5000000000   60.2200927622   -0.2373839871
 -24985.0000000000   59.8655133847   -0.2353885162
 -24983.5000000000   59.5139272136   -0.2333930453
 -24982.0000000000   59.1653342488   -0.2313975744
 -24980.5000000000   58.8197344904   -0.2294021035
 -24979.0000000000   58.4771279383   -0.2274066326
 -24977.5000000000   58.1375145925   -0.2254111617
 -24976.0000000000   57.8008944532   -0.2234156908
 -24974.5000000000   57.4672675202   -0.2214202199
 -24973.0000000000   57.1366337935   -0.2194247490
 -24971.5000000000   56.8089932732   -0.2174292781
 -24970.0000000000   56.4843459592   -0.2154338072
 -24968.5000000000   56.1626918517   -0.2134383363
 -24967.0000000000   55.8440309504   -0.2114428654
 -24965.5000000000   55.5283632555   -0.2094473945
 -24964.0000000000   55.2156887670   -0.2074519236
 -24962.5000000000   54.9060074849   -0.2054564527
 -24961.0000000000   54.5993194090   -0.2034609818
 -24959.5000000000   53.7794533552   -0.2066372499
 -24958.0000000000   53.4709399872   -0.2047140462
 -24956.5000000000   53.1653107988   -0.2027916780
 -24955.0000000000   52.8625645330   -0.2008701501
 -24953.5000000000   52.5626999260   -0.1989494671
 -24952.0000000000   52.2657157069   -0.1970296337
 -24950.5000000000   51.9716105979   -0.1951106542
 -24949.0000000000   51.6803833151   -0.1931925330
 -24947.5000000000   51.3920325677   -0.1912752742
 -24946.0000000000   51.1065570592   -0.1893588819
 -24944.5000000000   50.8239554869   -0.1874433599
 -24943.0000000000   50.5442265424   -0.1855287120
 -24941.5000000000   50.2673689119   -0.1836149419
 -24940.0000000000   49.9933812761   -0.1817020529
 -24938.5000000000   49.7222623109   -0.1797900484
 -24937.0000000000   49.3167190868   -0.1802320507
 -24935.5000000000   48.9331081609   -0.1803720137
 -24934.0000000000   48.6639043190   -0.1785669217
 -24932.5000000000   48.2939793403   -0.1785636620
 -24931.0000000000   48.0274533493   -0.1768049121
 -24929.5000000000   47.5998540831   -0.1779848036
 -24928.0000000000   47.3341418418   -0.1762989127
 -24926.5000000000   47.0709551633   -0.1746173850
 -24925.0000000000   46.8102875104   -0.1729402098
 -24923.5000000000   46.4927145568   -0.1724070476
 -24922.0000000000   46.1291499105   -0.1728096916
 -24920.5000000000   45.8711283761   -0.1712198711
 -24919.0000000000   45.6154877611   -0.1696351225
 -24917.5000000000   45.3243840438   -0.1688402795
 -24916.0000000000   45.0359516595   -0.1680380805
 -24914.5000000000   44.6855172449   -0.1685691539
 -24913.0000000000   44.4337716703   -0.1670925467
 -24911.5000000000   44.1280511371   -0.1668059395
 -24910.0000000000   43.8270683507   -0.1664632581
 -24908.5000000000   43.5784286703   -0.1650572331
 -24907.0000000000   43.3318939502   -0.1636566099
 -24905.5000000000   43.0667063507   -0.1627193864
 -24904.0000000000   42.8043224664   -0.1617719008
 -24902.5000000000   42.5107545776   -0.1615839344
 -24901.0000000000   42.2535413351   -0.1606168182
 -24899.5000000000   42.0136028940   -0.1593018617
 -24898.0000000000   41.7357325409   -0.1589313148
 -24896.5000000000   41.4853217105   -0.1579540891
 -24895.0000000000   41.2147389492   -0.1575110387
 -24893.5000000000   40.9794057596   -0.1562671679
 -24892.0000000000   40.7259486634   -0.1555145579
 -24890.5000000000   40.4749658987   -0.1547489483
 -24889.0000000000   40.2350781487   -0.1537560805
 -24887.5000000000   39.9969987197   -0.1527646510
 -24886.0000000000   39.7615096952   -0.1517587057
 -24884.5000000000   39.5209621630   -0.1509304292
 -24883.0000000000   39.2694605908   -0.1504317389
 -24881.5000000000   39.0266098348   -0.1497521141
 -24880.0000000000   38.7856527819   -0.1490657129
 -24878.5000000000   38.5528515919   -0.1482122133
 -24877.0000000000   38.3168398297   -0.1474879456
 -24875.5000000000   38.0746289970   -0.1469787361
 -24874.0000000000   37.8549734221   -0.1458953386
 -24872.5000000000   37.6369431736   -0.1448115563
 -24871.0000000000   37.4021273404   -0.1442385479
 -24869.5000000000   37.1625603952   -0.1438396138
 -24868.0000000000   36.9379551638   -0.1430605473
 -24866.5000000000   36.7210745056   -0.1421047461
 -24865.0000000000   36.5032902311   -0.1412191438
 -24863.5000000000   36.2842756882   -0.1404100846
 -24862.0000000000   36.0696778420   -0.1395159897
 -24860.5000000000   35.8565649270   -0.1386198288
 -24859.0000000000   35.6345322580   -0.1380317451
 -24857.5000000000   35.4221661636   -0.1371947436
 -24856.0000000000   35.2038785408   -0.1365778206
 -24854.5000000000   34.9961566755   -0.1356813314
 -24853.0000000000   34.7817695611   -0.1350309064
 -24851.5000000000   34.5720276293   -0.1342775243
 -24850.0000000000   34.3683466214   -0.1333779377
 -24848.5000000000   34.1662556246   -0.1324709829
 -24847.0000000000   33.9618649502   -0.1316791847
 -24845.5000000000   33.7565794489   -0.1309576536
 -24844.0000000000   33.5528701139   -0.1302274023
 -24842.5000000000   33.3474724978   -0.1295931670
 -24841.0000000000   33.1466897838   -0.1288507302
 -24839.5000000000   32.9465425540   -0.1281299325
 -24838.0000000000   32.7505957567   -0.1273131666
 -24836.5000000000   32.5551131838   -0.1265227978
 -24835.0000000000   32.3611900758   -0.1257237457
 -24833.5000000000   32.1703194403   -0.1248657885
 -24832.0000000000   31.9794389900   -0.1240516513
 -24830.5000000000   31.7913448750   -0.1231863438
 -24829.0000000000   31.6027731105   -0.1223818020
 -24827.5000000000   31.4157491566   -0.1215688973
 -24826.0000000000   31.2323718353   -0.1206735494
 -24824.5000000000   31.0482761648   -0.1198491168
 -24823.0000000000   30.8661277611   -0.1190017505
 -24821.5000000000   30.6863870213   -0.1181151106
 -24820.0000000000   30.5086069794   -0.1172055128
 -24818.5000000000   30.3330765777   -0.1162618444
 -24817.0000000000   30.1569404943   -0.1153885348
 -24815.5000000000   29.9814435444   -0.1145402751
 -24814.0000000000   29.8069693728   -0.1137029985
 -24812.5000000000   29.6357335120   -0.1127949579
 -24811.0000000000   29.4652214464   -0.1119096857
 -24809.5000000000   29.2965149141   -0.1110071883
 -24808.0000000000   29.1273819845   -0.1101718274
 -24806.5000000000   28.9608334838   -0.1092891577
 -24805.0000000000   28.7965300020   -0.1083720849
 -24803.5000000000   28.6325834008   -0.1074937001
 -24802.0000000000   28.4685657175   -0.1066712094
 -24800.5000000000   28.3076047614   -0.1057819960
 -24799.0000000000   28.1480599566   -0.1048908075
 -24797.5000000000   27.9888851341   -0.1040396226
 -24796.0000000000   27.8316775149   -0.1031642262
 -24794.5000000000   27.6756561225   -0.1022962716
 -24793.0000000000   27.5214301562   -0.1014113807
 -24791.5000000000   27.3678819279   -0.1005550818
 -24790.0000000000   27.2156865606   -0.0996996286
 -24788.5000000000   27.0647042897   -0.0988510135
 -24787.0000000000   26.9160452079   -0.0979631568
 -24785.5000000000   26.7684328764   -0.0970891159
 -24784.0000000000   26.6226426300   -0.0961965947
 -24782.5000000000   26.4782343684   -0.0953041163
 -24781.0000000000   26.3347758818   -0.0944299554
 -24779.5000000000   26.1921782959   -0.0935781845
 -24778.0000000000   26.0515239391   -0.0927020298
 -24776.5000000000   25.9117677131   -0.0918468637
 -24775.0000000000   25.7736995878   -0.0909782187
 -24773.5000000000   25.6368541940   -0.0901162945
 -24772.0000000000   25.5019378979   -0.0892297421
 -24770.5000000000   25.3683757846   -0.0883441418
 -24769.0000000000   25.2356830857   -0.0874810856
 -24767.5000000000   25.1047761520   -0.0865993255
 -24766.0000000000   24.9751913981   -0.0857195921
 -24764.5000000000   24.8469550267   -0.0848407649
 -24763.0000000000   24.7193974173   -0.0839933279
 -24761.5000000000   24.5934457768   -0.0831344795
 -24760.0000000000   24.4690279790   -0.0822674331
 -24758.5000000000   24.3454979044   -0.0814221897
 -24757.0000000000   24.2233237341   -0.0805766311
 -24755.5000000000   24.1021799729   -0.0797460113
 -24754.0000000000   23.9826364588   -0.0789031577
 -24752.5000000000   23.8644935583   -0.0780573140
 -24751.0000000000   23.7473285952   -0.0772285469
 -24749.5000000000   23.6318336975   -0.0763833910
 -24748.0000000000   23.5173351361   -0.0755542225
 -24746.5000000000   23.4043719133   -0.0747146764
 -24745.0000000000   23.2925111287   -0.0738856253
 -24743.5000000000   23.1819570523   -0.0730568855
 -24742.0000000000   23.0728057935   -0.0722235041
 -24740.5000000000   22.9646703064   -0.0714044434
 -24739.0000000000   22.8575855191   -0.0705977496
 -24737.5000000000   22.7519538013   -0.0697830894
 -24736.0000000000   22.6476027469   -0.0689689062
 -24734.5000000000   22.5444281235   -0.0681601481
 -24733.0000000000   22.4426863567   -0.0673436445
 -24731.5000000000   22.3421295876   -0.0665317485
 -24730.0000000000   22.2427534451   -0.0657244595
 -24728.5000000000   22.1445536752   -0.0649217676
 -24727.0000000000   22.0475609176   -0.0641218483
 -24725.5000000000   21.9517073889   -0.0633280282
 -24724.0000000000   21.8570772842   -0.0625355980
 -24722.5000000000   21.7637421662   -0.0617405998
 -24721.0000000000   21.6715355004   -0.0609515517
 -24719.5000000000   21.5803281037   -0.0601750768
 -24718.0000000000   21.4904770583   -0.0593919270
 -24716.5000000000   21.4017435181   -0.0586146059
 -24715.0000000000   21.3142378215   -0.0578369460
 -24713.5000000000   21.2279851733   -0.0570573339
 -24712.0000000000   21.1427945517   -0.0562858868
 -24710.5000000000   21.0587905761   -0.0555155758
 -24709.0000000000   20.9758382214   -0.0547535285
 -24707.5000000000   20.8941868911   -0.0539858304
 -24706.0000000000   20.8137102559   -0.0532191733
 -24704.5000000000   20.7343600832   -0.0524560048
 -24703.0000000000   20.6562266362   -0.0516910730
 -24701.5000000000   20.5790757001   -0.0509372009
 -24700.0000000000   20.5031310030   -0.0501816687
 -24698.5000000000   20.4283185034   -0.0494283686
 -24697.0000000000   20.3547002553   -0.0486735702
 -24695.5000000000   20.2821485823   -0.0479242861
 -24694.0000000000   20.2106842533   -0.0471791490
 -24692.5000000000   20.1403970920   -0.0464327689
 -24691.0000000000   20.0711876724   -0.0456906346
 -24689.5000000000   20.0031721632   -0.0449458656
 -24688.0000000000   19.9361576509   -0.0442093914
 -24686.5000000000   19.8703247202   -0.0434705369
 -24685.0000000000   19.8055083246   -0.0427387117
 -24683.5000000000   19.7418829722   -0.0420035228
 -24682.0000000000   19.6793623270   -0.0412698427
 -24680.5000000000   19.6179582512   -0.0405367667
 -24679.0000000000   19.5576187591   -0.0398071889
 -24677.5000000000   19.4983396138   -0.0390811822
 -24676.0000000000   19.4402664441   -0.0383499030
 -24674.5000000000   19.3832578814   -0.0376216331
 -24673.0000000000   19.3273086147   -0.0368965202
 -24671.5000000000   19.2724464903   -0.0361727299
 -24670.0000000000   19.2186853181   -0.0354492750
 -24668.5000000000   19.1660088592   -0.0347269903
 -24667.0000000000   19.1144462710   -0.0340039626
 -24665.5000000000   19.0639096251   -0.0332854267
 -24664.0000000000   19.0144652794   -0.0325671775
 -24662.5000000000   18.9660830284   -0.0318509396
 -24661.0000000000   18.9188034614   -0.0311340879
 -24659.5000000000   18.8725860319   -0.0304190212
 -24658.0000000000   18.8274816684   -0.0297024510
 -24656.5000000000   18.7834249564   -0.0289883550
 -24655.0000000000   18.7404531272   -0.0282743021
 -24653.5000000000   18.6985381319   -0.0275619484
 -24652.0000000000   18.6576388672   -0.0268537926
 -24650.5000000000   18.6178668070   -0.0261426978
 -24649.0000000000   18.5791741014   -0.0254316120
 -24647.5000000000   18.5415228411   -0.0247228680
 -24646.0000000000   18.5049590325   -0.0240134446
 -24644.5000000000   18.4694336573   -0.0233064065
 -24643.0000000000   18.4349934260   -0.0225986834
 -24641.5000000000   18.4016140366   -0.0218917695
 -24640.0000000000   18.3692951773   -0.0211856230
 -24638.5000000000   18.3380463901   -0.0204795536
 -24637.0000000000   18.3078449047   -0.0197749874
 -24635.5000000000   18.2786884312   -0.0190720122
 -24634.0000000000   18.2505849895   -0.0183700340
 -24632.5000000000   18.2235236410   -0.0176697221
 -24631.0000000000   18.1975340213   -0.0169707400
 -24629.5000000000   18.1725924985   -0.0162710280
 -24628.0000000000   18.1486881473   -0.0155731394
 -24626.5000000000   18.1258411222   -0.0148756684
 -24625.0000000000   18.1040505551   -0.0141786047
 -24623.5000000000   18.0832828697   -0.0134841307
 -24622.0000000000   18.0635777958   -0.0127895015
 -24620.5000000000   18.0449023642   -0.0120968631
 -24619.0000000000   18.0272658357   -0.0114055181
 -24617.5000000000   18.0106757170   -0.0107148675
 -24616.0000000000   17.9950985464   -0.0100271009
 -24614.5000000000   17.9805525245   -0.0093408892
 -24613.0000000000   17.9670356109   -0.0086562762
 -24611.5000000000   17.9545646120   -0.0079719929
 -24610.0000000000   17.9431188055   -0.0072893627
 -24608.5000000000   17.9326956679   -0.0066084443
 -24607.0000000000   17.9232815951   -0.0059300554
 -24605.5000000000   17.9148946761   -0.0052528141
 -24604.0000000000   17.9075331860   -0.0045782590
 -24602.5000000000   17.9011711516   -0.0039047846
 -24601.0000000000   17.8958070785   -0.0032340757
 -24599.5000000000   17.8914582136   -0.0025647609
 -24598.0000000000   17.8881010445   -0.0018983246
 -24596.5000000000   17.8857525331   -0.0012333920
 -24595.0000000000   17.8843997525   -0.0005706914
 -24593.5000000000   17.8840393201    0.0000897316
 -24592.0000000000   17.8846677872    0.0007478345
 -24590.5000000000   17.8862816439    0.0014035782
 -24589.0000000000   17.8888773244    0.0020569273
 -24587.5000000000   17.8924512127    0.0027078503
 -24586.0000000000   17.8969996487    0.0033563200
 -24584.5000000000   17.9025086936    0.0040015722
 -24583.0000000000   17.9089939301    0.0046449916
 -24581.5000000000   17.9164424925    0.0052844442
 -24580.0000000000   17.9248591575    0.0059220581
 -24578.5000000000   17.9342194860    0.0065579554
 -24577.0000000000   17.9445417689    0.0071906150
 -24575.5000000000   17.9558011701    0.0078214974
 -24574.0000000000   17.9680258813    0.0084484193
 -24572.5000000000   17.9811683108    0.0090744024
 -24571.0000000000   17.9952478435    0.0096978957
 -24569.5000000000   18.0102607701    0.0103189338
 -24568.0000000000   18.0262137670    0.0109368546
 -24566.5000000000   18.0431025667    0.0115517531
 -24565.0000000000   18.0608797569    0.0121650421
 -24563.5000000000   18.0795864286    0.0127768126
 -24562.0000000000   18.0992207208    0.0133855966
 -24560.5000000000   18.1197661728    0.0139923446
 -24559.0000000000   18.1412426914    0.0145956037
 -24557.5000000000   18.1635891338    0.0151993278
 -24556.0000000000   18.1868622544    0.0157996550
 -24554.5000000000   18.2110345236    0.0163983249
 -24553.0000000000   18.2360811591    0.0169969130
 -24551.5000000000   18.2620244634    0.0175939031
 -24550.0000000000   18.2888734912    0.0181886697
 -24548.5000000000   18.3166136867    0.0187821556
 -24547.0000000000   18.3452672392    0.0193729218
 -24545.5000000000   18.3747828499    0.0199643345
 -24544.0000000000   18.4051729376    0.0205556338
 -24542.5000000000   18.4364867285    0.0211437015
 -24541.0000000000   18.4686567862    0.0217329637
 -24539.5000000000   18.5017360130    0.0223201304
 -24538.0000000000   18.5356583201    0.0229095638
 -24536.5000000000   18.5704900122    0.0234971637
 -24535.0000000000   18.6062033038    0.0240848654
 -24533.5000000000   18.6427856645    0.0246736508
 -24532.0000000000   18.6802511762    0.0252628251
 -24530.5000000000   18.7186019314    0.0258524845
 -24529.0000000000   18.7578510810    0.0264420311
 -24527.5000000000   18.7980122703    0.0270308624
 -24526.0000000000   18.8390447267    0.0276218206
 -24524.5000000000   18.8809642278    0.0282142088
 -24523.0000000000   18.9237619488    0.0288089096
 -24521.5000000000   18.9674667151    0.0294044417
 -24520.0000000000   19.0120981810    0.0299999514
 -24518.5000000000   19.0575496828    0.0306023780
 -24517.0000000000   19.1039063449    0.0312068644
 -24515.5000000000   19.1512469831    0.0318089531
 -24514.0000000000   19.1995246072    0.0324119357
 -24512.5000000000   19.2486482618    0.0330218030
 -24511.0000000000   19.2986577771    0.0336365658
 -24509.5000000000   19.3496095404    0.0342532560
 -24508.0000000000   19.4015038987    0.0348722948
 -24506.5000000000   19.4543152798    0.0354957211
 -24505.0000000000   19.5080639479    0.0361227833
 -24503.5000000000   19.5628442700    0.0367483276
 -24502.0000000000   19.6184963642    0.0373824058
 -24500.5000000000   19.6751747000    0.0380163310
 -24499.0000000000   19.7327186940    0.0386601719
 -24497.5000000000   19.7913253687    0.0393027887
 -24496.0000000000   19.8508625021    0.0399525110
 -24494.5000000000   19.9113229643    0.0406103165
 -24493.0000000000   19.9727751760    0.0412727340
 -24491.5000000000   20.0352859679    0.0419364050
 -24490.0000000000   20.0988382247    0.0426028725
 -24488.5000000000   20.1633969479    0.0432747288
 -24487.0000000000   20.2290332802    0.0439484171
 -24485.5000000000   20.2956241655    0.0446315980
 -24484.0000000000   20.3632706340    0.0453190382
 -24482.5000000000   20.4318887976    0.0460160898
 -24481.0000000000   20.5015776155    0.0467176432
 -24479.5000000000   20.5723283734    0.0474247911
 -24478.0000000000   20.6441016835    0.0481403146
 -24476.5000000000   20.7170023668    0.0488588343
 -24475.0000000000   20.7909380266    0.0495860938
 -24473.5000000000   20.8660472186    0.0503148845
 -24472.0000000000   20.9422623553    0.0510495455
 -24470.5000000000   21.0194781492    0.0517964157
 -24469.0000000000   21.0979299908    0.0525430263
 -24467.5000000000   21.1774831307    0.0532973314
 -24466.0000000000   21.2581194357    0.0540608440
 -24464.5000000000   21.3398834182    0.0548316638
 -24463.0000000000   21.4227462419    0.0556118107
 -24461.5000000000   21.5069403840    0.0563892235
 -24460.0000000000   21.5923724410    0.0571694292
 -24458.5000000000   21.6790158992    0.0579543371
 -24457.0000000000   21.7666867781    0.0587543002
 -24455.5000000000   21.8556305691    0.0595566656
 -24454.0000000000   21.9457592178    0.0603666193
 -24452.5000000000   22.0373251178    0.0611712484
 -24451.0000000000   22.1299674966    0.0619899899
 -24449.5000000000   22.2237353487    0.0628206875
 -24448.0000000000   22.3189118703    0.0636490128
 -24446.5000000000   22.4155892403    0.0644706711
 -24445.0000000000   22.5132287244    0.0653138224
 -24443.5000000000   22.6121473025    0.0661625974
 -24442.0000000000   22.7125821570    0.0670053389
 -24440.5000000000   22.8141564528    0.0678614705
 -24439.0000000000   22.9170760485    0.0687209913
 -24437.5000000000   23.0212151146    0.0695906476
 -24436.0000000000   23.1268761827    0.0704556256
 -24434.5000000000   23.2338523656    0.0713265449
 -24433.0000000000   23.3422148663    0.0722002700
 -24431.5000000000   23.4515917279    0.0730954431
 -24430.0000000000   23.5624311700    0.0739903028
 -24428.5000000000   23.6744671796    0.0748982168
 -24427.0000000000   23.7878849867    0.0758104531
 -24425.5000000000   23.9028645408    0.0767185539
 -24424.0000000000   24.0194947846    0.0776186797
 -24422.5000000000   24.1371693459    0.0785399392
 -24421.0000000000   24.2565361921    0.0794519692
 -24419.5000000000   24.3771000936    0.0803783748
 -24418.0000000000   24.4991501692    0.0813057504
 -24416.5000000000   24.6221398456    0.0822596709
 -24415.0000000000   24.7465823251    0.0832166979
 -24413.5000000000   24.8728983819    0.0841577354
 -24412.0000000000   25.0002259912    0.0851223825
 -24410.5000000000   25.1290044995    0.0860907522
 -24409.0000000000   25.2592715557    0.0870615280
 -24407.5000000000   25.3918009007    0.0880002461
 -24406.0000000000   25.5253671708    0.0889616283
 -24404.5000000000   25.6600907672    0.0899405212
 -24403.0000000000   25.7969913772    0.0908924675
 -24401.5000000000   25.9352479238    0.0918534129
 -24400.0000000000   26.0755011440    0.0927960006
 -24398.5000000000   26.2166140824    0.0937692646
 -24397.0000000000   26.3589633849    0.0947570890
 -24395.5000000000   26.5035250630    0.0957183161
 -24394.0000000000   26.6485883552    0.0967251986
 -24392.5000000000   26.7959577435    0.0977023999
 -24391.0000000000   26.9440852978    0.0987144509
 -24389.5000000000   27.0942469887    0.0997086573
 -24388.0000000000   27.2457939097    0.1007119400
 -24386.5000000000   27.3983714675    0.1017388142
 -24385.0000000000   27.5534733655    0.1027291646
 -24383.5000000000   27.7109231227    0.1036903975
 -24382.0000000000   27.8689192480    0.1046945228
 -24380.5000000000   28.0283220929    0.1057076858
 -24379.0000000000   28.1895020147    0.1067150676
 -24377.5000000000   28.3511305130    0.1077688934
 -24376.0000000000   28.5146210055    0.1088143428
 -24374.5000000000   28.6799888557    0.1098510769
 -24373.0000000000   28.8472590647    0.1108784729
 -24371.5000000000   29.0161503545    0.1119073055
 -24370.0000000000   29.1873494068    0.1129126049
 -24368.5000000000   29.3598020899    0.1139329922
 -24367.0000000000   29.5329013729    0.1149912332
 -24365.5000000000   29.7083772376    0.1160243494
 -24364.0000000000   29.8878340183    0.1169753417
 -24362.5000000000   30.0665640211    0.1180128203
 -24361.0000000000   30.2478363322    0.1190207831
 -24359.5000000000   30.4299165713    0.1200605040
 -24358.0000000000   30.6122744255    0.1211502513
 -24356.5000000000   30.7984075346    0.1221699072
 -24355.0000000000   30.9857469189    0.1232076479
 -24353.5000000000   31.1770691598    0.1241697797
 -24352.0000000000   31.3666054762    0.1252504708
 -24350.5000000000   31.5572159448    0.1263536368
 -24349.0000000000   31.7502854549    0.1274343322
 -24347.5000000000   31.9430085901    0.1285839891
 -24346.0000000000   32.1427370868    0.1295657495
 -24344.5000000000   32.3420895768    0.1306177906
 -24343.0000000000   32.5432088765    0.1316708399
 -24341.5000000000   32.7434003052    0.1328092215
 -24340.0000000000   32.9482355178    0.1338604328
 -24338.5000000000   33.1572135683    0.1348426500
 -24337.0000000000   33.3647201108    0.1359247146
 -24335.5000000000   33.5763293625    0.1369392911
 -24334.0000000000   33.7850716397    0.1380950808
 -24332.5000000000   34.0035668355    0.1390205412
 -24331.0000000000   34.2185608934    0.1401031187
 -24329.5000000000   34.4430991274    0.1409674500
 -24328.0000000000   34.6619571922    0.1420490769
 -24326.5000000000   34.8830629520    0.1431237581
 -24325.0000000000   35.1042913518    0.1442491729
 -24323.5000000000   35.3314638660    0.1452659651
 -24322.0000000000   35.5649917599    0.1461645360
 -24320.5000000000   35.7852210652    0.1474747136
 -24319.0000000000   36.0123910357    0.1486557013
 -24317.5000000000   36.2467380859    0.1497024607
 -24316.0000000000   36.4833380508    0.1507444970
 -24314.5000000000   36.7192926545    0.1518562778
 -24313.0000000000   36.9575085175    0.1529641919
 -24311.5000000000   37.1913604521    0.1542339367
 -24310.0000000000   37.4424157759    0.1551374340
 -24308.5000000000   37.6922407679    0.1561231892
 -24307.0000000000   37.9488565856    0.1569983874
 -24305.5000000000   38.1991959136    0.1580746414
 -24304.0000000000   38.4575925515    0.1590181050
 -24302.5000000000   38.7024970541    0.1603226001
 -24301.0000000000   38.9616257467    0.1613587441
 -24299.5000000000   39.2176615893    0.1625174810
 -24298.0000000000   39.4829682218    0.1635231870
 -24296.5000000000   39.7811072601    0.1638668304
 -24295.0000000000   40.0440737296    0.1650184704
 -24293.5000000000   40.3015370791    0.1663398447
 -24292.0000000000   40.5810789248    0.1672563815
 -24290.5000000000   40.8435854472    0.1685725369
 -24289.0000000000   41.1308351457    0.1694396735
 -24287.5000000000   41.3984384493    0.1707507543
 -24286.0000000000   41.6687627552    0.1720577835
 -24284.5000000000   41.9429654150    0.1733455346
 -24283.0000000000   42.2041645272    0.1749202430
 -24281.5000000000   42.4853535698    0.1761826673
 -24280.0000000000   42.7890375503    0.1770971691
 -24278.5000000000   43.0961444332    0.1779927948
 -24277.0000000000   43.4331910497    0.1784315197
 -24275.5000000000   43.7502344995    0.1792437080
 -24274.0000000000   44.0482982003    0.1804386237
 -24272.5000000000   44.3792299147    0.1811330627
 -24271.0000000000   44.6848105587    0.1822933198
 -24269.5000000000   44.9595253774    0.1839933811
 -24268.0000000000   45.3154201669    0.1844837892
 -24266.5000000000   45.5934391842    0.1862084992
 -24265.0000000000   45.9189448991    0.1872631761
 -24263.5000000000   46.2549888793    0.1882385277
 -24262.0000000000   46.5386614137    0.1899917759
 -24260.5000000000   46.9483673956    0.1900369368
 -24259.0000000000   47.3787040865    0.1898462359
 -24257.5000000000   47.8368821128    0.1893295970
 -24256.0000000000   48.1222692713    0.1911867446
 -24254.5000000000   48.4104427388    0.1930446764
 -24253.0000000000   48.7014036952    0.1949033975
 -24251.5000000000   49.1110052441    0.1953233681
 -24250.0000000000   49.4054022448    0.1972060606
 -24248.5000000000   49.7026237102    0.1990893216
 -24247.0000000000   50.0026704958    0.2009731549
 -24245.5000000000   50.4814064574    0.2009979484
 -24244.0000000000   50.7843352008    0.2029071073
 -24242.5000000000   51.3151259639    0.2025609124
 -24241.0000000000   51.6204214797    0.2044997949
 -24239.5000000000   51.9286254077    0.2064387957
 -24238.0000000000   52.2397379273    0.2083779175
 -24236.5000000000   52.5537592218    0.2103171626
 -24235.0000000000   52.8706894781    0.2122565337
 -24233.5000000000   53.1905288870    0.2141960331
 -24232.0000000000   53.5132776429    0.2161356634
 -24230.5000000000   53.8389359439    0.2180754269
 -24229.0000000000   54.7991575619    0.2166377752
 -24227.5000000000   55.1255828436    0.2185959615
 -24226.0000000000   56.4479803164    0.2152091305
 -24224.5000000000   56.7722906152    0.2172046014
 -24223.0000000000   57.0995941205    0.2192000723
 -24221.5000000000   57.4298908320    0.2211955432
 -24220.0000000000   57.7631807500    0.2231910141
 -24218.5000000000   58.0994638743    0.2251864850
 -24217.0000000000   58.4387402049    0.2271819559
 -24215.5000000000   58.7810097419    0.2291774268
 -24214.0000000000   59.1262724853    0.2311728977
 -24212.5000000000   59.4745284350    0.2331683686
 -24211.0000000000   59.8257775911    0.2351638395
 -24209.5000000000             inf    0.0000000000
 -24208.0000000000             inf    0.0000000000
 -24206.5000000000             inf    0.0000000000
 -24205.0000000000             inf    0.0000000000
 -24203.5000000000             inf    0.0000000000
 -24202.0000000000             inf    0.0000000000
 -24200.5000000000             inf    0.0000000000
 -24199.0000000000             inf    0.0000000000
 -24197.5000000000             inf    0.0000000000
 -24196.0000000000             inf    0.0000000000
 -24194.5000000000             inf    0.0000000000
 -24193.0000000000             inf    0.0000000000
 -24191.5000000000             inf    0.0000000000
 -24190.0000000000             inf    0.0000000000
 -24188.5000000000             inf    0.0000000000
 -24187.0000000000             inf    0.0000000000
 -24185.5000000000             inf    0.0000000000
 -24184.0000000000             inf    0.0000000000
 -24182.5000000000             inf    0.0000000000
 -24181.0000000000             inf    0.0000000000
 -24179.5000000000             inf    0.0000000000
 -24178.0000000000             inf    0.0000000000
 -24176.5000000000             inf    0.0000000000
 -24175.0000000000             inf    0.0000000000
 -24173.5000000000             inf    0.0000000000
 -24172.0000000000             inf    0.0000000000
 -24170.5000000000             inf    0.0000000000
 -24169.0000000000             inf    0.0000000000
 -24167.5000000000             inf    0.0000000000
 -24166.0000000000             inf    0.0000000000
 -24164.5000000000             inf    0.0000000000
 -24163.0000000000             inf    0.0000000000
 -24161.5000000000             inf    0.0000000000
 -24160.0000000000             inf    0.0000000000
 -24158.5000000000             inf    0.0000000000
 -24157.0000000000             inf    0.0000000000
 -24155.5000000000             inf    0.0000000000
 -24154.0000000000             inf    0.0000000000
 -24152.5000000000             inf    0.0000000000
 -24151.0000000000             inf    0.0000000000
 -24149.5000000000             inf    0.0000000000
 -24148.0000000000             inf    0.0000000000
 -24146.5000000000             inf    0.0000000000
 -24145.0000000000             inf    0.0000000000
 -24143.5000000000             inf    0.0000000000
 -24142.0000000000             inf    0.0000000000
 -24140.5000000000             inf    0.0000000000
 -24139.0000000000             inf    0.0000000000
 -24137.5000000000             inf    0.0000000000
 -24136.0000000000             inf    0.0000000000
 -24134.5000000000             inf    0.0000000000
 -24133.0000000000             inf    0.0000000000
 -24131.5000000000             inf    0.0000000000
 -24130.0000000000             inf    0.0000000000
 -24128.5000000000             inf    0.0000000000
 -24127.0000000000             inf    0.0000000000
 -24125.5000000000             inf    0.0000000000
 -24124.0000000000             inf    0.0000000000
 -24122.5000000000             inf    0.0000000000
 -24121.0000000000             inf    0.0000000000
 -24119.5000000000             inf    0.0000000000
 -24118.0000000000             inf    0.0000000000
 -24116.5000000000             inf    0.0000000000
 -24115.0000000000             inf    0.0000000000
 -24113.5000000000             inf    0.0000000000
 -24112.0000000000             inf    0.0000000000
 -24110.5000000000             inf    0.0000000000
 -24109.0000000000             inf    0.0000000000
 -24107.5000000000             inf    0.0000000000
 -24106.0000000000             inf    0.0000000000
 -24104.5000000000             inf    0.0000000000
 -24103.0000000000             inf    0.0000000000
 -24101.5000000000             inf    0.0000000000
 -24100.0000000000             inf    0.0000000000
 -24098.5000000000             inf    0.0000000000
 -24097.0000000000             inf    0.0000000000
 -24095.5000000000             inf    0.0000000000
 -24094.0000000000             inf    0.0000000000
 -24092.5000000000             inf    0.0000000000
 -24091.0000000000             inf    0.0000000000
 -24089.5000000000             inf    0.0000000000
 -24088.0000000000             inf    0.0000000000
 -24086.5000000000             inf    0.0000000000
 -24085.0000000000             inf    0.0000000000
 -24083.5000000000             inf    0.0000000000
 -24082.0000000000             inf    0.0000000000
 -24080.5000000000             inf    0.0000000000
 -24079.0000000000             inf    0.0000000000
 -24077.5000000000             inf    0.0000000000
 -24076.0000000000             inf    0.0000000000
 -24074.5000000000             inf    0.0000000000
 -24073.0000000000             inf    0.0000000000
 -24071.5000000000             inf    0.0000000000
 -24070.0000000000             inf    0.0000000000
 -24068.5000000000             inf    0.0000000000
 -24067.0000000000             inf    0.0000000000
 -24065.5000000000             inf    0.0000000000
 -24064.0000000000             inf    0.0000000000
 -24062.5000000000             inf    0.0000000000
 -24061.0000000000             inf    0.0000000000
 -24059.5000000000             inf    0.0000000000
 -24058.0000000000             inf    0.0000000000
 -24056.5000000000             inf    0.0000000000
 -24055.0000000000             inf    0.0000000000
 -24053.5000000000             inf    0.0000000000
 -24052.0000000000             inf    0.0000000000
 -24050.5000000000             inf    0.0000000000
 -24049.0000000000             inf    0.0000000000
 -24047.5000000000             inf    0.0000000000
 -24046.0000000000             inf    0.0000000000
 -24044.5000000000             inf    0.0000000000
 -24043.0000000000             inf    0.0000000000
 -24041.5000000000             inf    0.0000000000
 -24040.0000000000             inf    0.0000000000
 -24038.5000000000             inf    0.0000000000
 -24037.0000000000             inf    0.0000000000
 -24035.5000000000             inf    0.0000000000
 -24034.0000000000             inf    0.0000000000
 -24032.5000000000             inf    0.0000000000
 -24031.0000000000             inf    0.0000000000
 -24029.5000000000             inf    0.0000000000
 -24028.0000000000             inf    0.0000000000
 -24026.5000000000             inf    0.0000000000
 -24025.0000000000             inf    0.0000000000
 -24023.5000000000             inf    0.0000000000
 -24022.0000000000             inf    0.0000000000
 -24020.5000000000             inf    0.0000000000
 -24019.0000000000             inf    0.0000000000
 -24017.5000000000             inf    0.0000000000
 -24016.0000000000             inf    0.0000000000
 -24014.5000000000             inf    0.0000000000
 -24013.0000000000             inf    0.0000000000
 -24011.5000000000             inf    0.0000000000
 -24010.0000000000             inf    0.0000000000
 -24008.5000000000             inf    0.0000000000
 -24007.0000000000             inf    0.0000000000
 -24005.5000000000             inf    0.0000000000
 -24004.0000000000             inf    0.0000000000
 -24002.5000000000             inf    0.0000000000
 -24001.0000000000             inf    0.0000000000
 -23999.5000000000             inf    0.0000000000
 -23998.0000000000             inf    0.0000000000
 -23996.5000000000             inf    0.0000000000
 -23995.0000000000             inf    0.0000000000
 -23993.5000000000             inf    0.0000000000
 -23992.0000000000             inf    0.0000000000
 -23990.5000000000             inf    0.0000000000
 -23989.0000000000             inf    0.0000000000
 -23987.5000000000             inf    0.0000000000
 -23986.0000000000             inf    0.0000000000
 -23984.5000000000             inf    0.0000000000
 -23983.0000000000             inf    0.0000000000
 -23981.5000000000             inf    0.0000000000
 -23980.0000000000             inf    0.0000000000
 -23978.5000000000             inf    0.0000000000
 -23977.0000000000             inf    0.0000000000
 -23975.5000000000             inf    0.0000000000
 -23974.0000000000             inf    0.0000000000
 -23972.5000000000             inf    0.0000000000
 -23971.0000000000             inf    0.0000000000
 -23969.5000000000             inf    0.0000000000
 -23968.0000000000             inf    0.0000000000
 -23966.5000000000             inf    0.0000000000
 -23965.0000000000             inf    0.0000000000
 -23963.5000000000             inf    0.0000000000
 -23962.0000000000             inf    0.0000000000
 -23960.5000000000             inf    0.0000000000
 -23959.0000000000             inf    0.0000000000
 -23957.5000000000             inf    0.0000000000
 -23956.0000000000             inf    0.0000000000
 -23954.5000000000             inf    0.0000000000
 -23953.0000000000             inf    0.0000000000
 -23951.5000000000             inf    0.0000000000
 -23950.0000000000             inf    0.0000000000
 -23948.5000000000             inf    0.0000000000
 -23947.0000000000             inf    0.0000000000
 -23945.5000000000             inf    0.0000000000
 -23944.0000000000             inf    0.0000000000
 -23942.5000000000             inf    0.0000000000
 -23941.0000000000             inf    0.0000000000
 -23939.5000000000             inf    0.0000000000
 -23938.0000000000             inf    0.0000000000
 -23936.5000000000             inf    0.0000000000
 -23935.0000000000             inf    0.0000000000
 -23933.5000000000             inf    0.0000000000
 -23932.0000000000             inf    0.0000000000
 -23930.5000000000             inf    0.0000000000
 -23929.0000000000             inf    0.0000000000
 -23927.5000000000             inf    0.0000000000
 -23926.0000000000             inf    0.0000000000
 -23924.5000000000             inf    0.0000000000
 -23923.0000000000             inf    0.0000000000
 -23921.5000000000             inf    0.0000000000
 -23920.0000000000             inf    0.0000000000
 -23918.5000000000             inf    0.0000000000
 -23917.0000000000             inf    0.0000000000
 -23915.5000000000             inf    0.0000000000
 -23914.0000000000             inf    0.0000000000
 -23912.5000000000             inf    0.0000000000
 -23911.0000000000             inf    0.0000000000
 -23909.5000000000             inf    0.0000000000
 -23908.0000000000             inf    0.0000000000
 -23906.5000000000             inf    0.0000000000
 -23905.0000000000             inf    0.0000000000
 -23903.5000000000             inf    0.0000000000
 -23902.0000000000             inf    0.0000000000
 -23900.5000000000             inf    0.0000000000
 -23899.0000000000             inf    0.0000000000
 -23897.5000000000             inf    0.0000000000
 -23896.0000000000             inf    0.0000000000
 -23894.5000000000             inf    0.0000000000
 -23893.0000000000             inf    0.0000000000
 -23891.5000000000             inf    0.0000000000
 -23890.0000000000             inf    0.0000000000
 -23888.5000000000             inf    0.0000000000
 -23887.0000000000             inf    0.0000000000
 -23885.5000000000             inf    0.0000000000
 -23884.0000000000             inf    0.0000000000
 -23882.5000000000             inf    0.0000000000
 -23881.0000000000             inf    0.0000000000
 -23879.5000000000             inf    0.0000000000
 -23878.0000000000             inf    0.0000000000
 -23876.5000000000             inf    0.0000000000
 -23875.0000000000             inf    0.0000000000
 -23873.5000000000             inf    0.0000000000
 -23872.0000000000             inf    0.0000000000
 -23870.5000000000             inf    0.0000000000
 -23869.0000000000             inf    0.0000000000
 -23867.5000000000             inf    0.0000000000
 -23866.0000000000             inf    0.0000000000
 -23864.5000000000             inf    0.0000000000
 -23863.0000000000             inf    0.0000000000
 -23861.5000000000             inf    0.0000000000
 -23860.0000000000             inf    0.0000000000
 -23858.5000000000             inf    0.0000000000
 -23857.0000000000             inf    0.0000000000
 -23855.5000000000             inf    0.0000000000
 -23854.0000000000             inf    0.0000000000
 -23852.5000000000             inf    0.0000000000
 -23851.0000000000             inf    0.0000000000
 -23849.5000000000             inf    0.0000000000
 -23848.0000000000             inf    0.0000000000
 -23846.5000000000             inf    0.0000000000
 -23845.0000000000             inf    0.0000000000
 -23843.5000000000             inf    0.0000000000
 -23842.0000000000             inf    0.0000000000
 -23840.5000000000             inf    0.0000000000
 -23839.0000000000             inf    0.0000000000
 -23837.5000000000             inf    0.0000000000
 -23836.0000000000             inf    0.0000000000
 -23834.5000000000             inf    0.0000000000
 -23833.0000000000             inf    0.0000000000
 -23831.5000000000             inf    0.0000000000
 -23830.0000000000             inf    0.0000000000
 -23828.5000000000             inf    0.0000000000
 -23827.0000000000             inf    0.0000000000
 -23825.5000000000             inf    0.0000000000
 -23824.0000000000             inf    0.0000000000
 -23822.5000000000             inf    0.0000000000
 -23821.0000000000             inf    0.0000000000
 -23819.5000000000             inf    0.0000000000
 -23818.0000000000             inf    0.0000000000
 -23816.5000000000             inf    0.0000000000
 -23815.0000000000             inf    0.0000000000
 -23813.5000000000             inf    0.0000000000
 -23812.0000000000             inf    0.0000000000
 -23810.5000000000             inf    0.0000000000
 -23809.0000000000             inf    0.0000000000
 -23807.5000000000             inf    0.0000000000
 -23806.0000000000             inf    0.0000000000
 -23804.5000000000             inf    0.0000000000
 -23803.0000000000             inf    0.0000000000
 -23801.5000000000             inf    0.0000000000
 -23800.0000000000             inf    0.0000000000
 -23798.5000000000             inf    0.0000000000
 -23797.0000000000             inf    0.0000000000
 -23795.5000000000             inf    0.0000000000
 -23794.0000000000             inf    0.0000000000
 -23792.5000000000             inf    0.0000000000
 -23791.0000000000             inf    0.0000000000
 -23789.5000000000             inf    0.0000000000
 -23788.0000000000             inf    0.0000000000
 -23786.5000000000             inf    0.0000000000
 -23785.0000000000             inf    0.0000000000
 -23783.5000000000             inf    0.0000000000
 -23782.0000000000             inf    0.0000000000
 -23780.5000000000             inf    0.0000000000
 -23779.0000000000             inf    0.0000000000
 -23777.5000000000             inf    0.0000000000
 -23776.0000000000             inf    0.0000000000
 -23774.5000000000             inf    0.0000000000
 -23773.0000000000             inf    0.0000000000
 -23771.5000000000             inf    0.0000000000
 -23770.0000000000             inf    0.0000000000
 -23768.5000000000             inf    0.0000000000
 -23767.0000000000             inf    0.0000000000
 -23765.5000000000             inf    0.0000000000
 -23764.0000000000             inf    0.0000000000
 -23762.5000000000             inf    0.0000000000
 -23761.0000000000             inf    0.0000000000
 -23759.5000000000             inf    0.0000000000
 -23758.0000000000             inf    0.0000000000
 -23756.5000000000             inf    0.0000000000
 -23755.0000000000             inf    0.0000000000
 -23753.5000000000             inf    0.0000000000
 -23752.0000000000             inf    0.0000000000
 -23750.5000000000             inf    0.0000000000
 -23749.0000000000             inf    0.0000000000
 -23747.5000000000             inf    0.0000000000
 -23746.0000000000             inf    0.0000000000
 -23744.5000000000             inf    0.0000000000
 -23743.0000000000             inf    0.0000000000
 -23741.5000000000             inf    0.0000000000
 -23740.0000000000             inf    0.0000000000
 -23738.5000000000             inf    0.0000000000
 -23737.0000000000             inf    0.0000000000
 -23735.5000000000             inf    0.0000000000
 -23734.0000000000             inf    0.0000000000
 -23732.5000000000             inf    0.0000000000
 -23731.0000000000             inf    0.0000000000
 -23729.5000000000             inf    0.0000000000
 -23728.0000000000             inf    0.0000000000
 -23726.5000000000             inf    0.0000000000
 -23725.0000000000             inf    0.0000000000
 -23723.5000000000             inf    0.0000000000
 -23722.0000000000             inf    0.0000000000
 -23720.5000000000             inf    0.0000000000
 -23719.0000000000             inf    0.0000000000
 -23717.5000000000             inf    0.0000000000
 -23716.0000000000             inf    0.0000000000
 -23714.5000000000             inf    0.0000000000
 -23713.0000000000             inf    0.0000000000
 -23711.5000000000             inf    0.0000000000
 -23710.0000000000             inf    0.0000000000
 -23708.5000000000             inf    0.0000000000
 -23707.0000000000             inf    0.0000000000
 -23705.5000000000             inf    0.0000000000
 -23704.0000000000             inf    0.0000000000
 -23702.5000000000             inf    0.0000000000
 -23701.0000000000             inf    0.0000000000
 -23699.5000000000             inf    0.0000000000
 -23698.0000000000             inf    0.0000000000
 -23696.5000000000             inf    0.0000000000
 -23695.0000000000             inf    0.0000000000
 -23693.5000000000             inf    0.0000000000
 -23692.0000000000             inf    0.0000000000
 -23690.5000000000             inf    0.0000000000
 -23689.0000000000             inf    0.0000000000
 -23687.5000000000             inf    0.0000000000
 -23686.0000000000             inf    0.0000000000
 -23684.5000000000             inf    0.0000000000
 -23683.0000000000             inf    0.0000000000
 -23681.5000000000             inf    0.0000000000
 -23680.0000000000             inf    0.0000000000
 -23678.5000000000             inf    0.0000000000
 -23677.0000000000             inf    0.0000000000
 -23675.5000000000             inf    0.0000000000
 -23674.0000000000             inf    0.0000000000
 -23672.5000000000             inf    0.0000000000
 -23671.0000000000             inf    0.0000000000
 -23669.5000000000             inf    0.0000000000
 -23668.0000000000             inf    0.0000000000
 -23666.5000000000             inf    0.0000000000
 -23665.0000000000             inf    0.0000000000
 -23663.5000000000             inf    0.0000000000
 -23662.0000000000             inf    0.0000000000
 -23660.5000000000             inf    0.0000000000
 -23659.0000000000             inf    0.0000000000
 -23657.5000000000             inf    0.0000000000
 -23656.0000000000             inf    0.0000000000
 -23654.5000000000             inf    0.0000000000
 -23653.0000000000             inf    0.0000000000
 -23651.5000000000             inf    0.0000000000
 -23650.0000000000             inf    0.0000000000
 -23648.5000000000             inf    0.0000000000
 -23647.0000000000             inf    0.0000000000
 -23645.5000000000             inf    0.0000000000
 -23644.0000000000             inf    0.0000000000
 -23642.5000000000             inf    0.0000000000
 -23641.0000000000             inf    0.0000000000
 -23639.5000000000             inf    0.0000000000
 -23638.0000000000             inf    0.0000000000
 -23636.5000000000             inf    0.0000000000
 -23635.0000000000             inf    0.0000000000
 -23633.5000000000             inf    0.0000000000
 -23632.0000000000             inf    0.0000000000
 -23630.5000000000             inf    0.0000000000
 -23629.0000000000             inf    0.0000000000
 -23627.5000000000             inf    0.0000000000
 -23626.0000000000             inf    0.0000000000
 -23624.5000000000             inf    0.0000000000
 -23623.0000000000             inf    0.0000000000
 -23621.5000000000             inf    0.0000000000
 -23620.0000000000             inf    0.0000000000
 -23618.5000000000             inf    0.0000000000
 -23617.0000000000             inf    0.0000000000
 -23615.5000000000             inf    0.0000000000
 -23614.0000000000             inf    0.0000000000
 -23612.5000000000             inf    0.0000000000
 -23611.0000000000             inf    0.0000000000
 -23609.5000000000             inf    0.0000000000
 -23608.0000000000             inf    0.0000000000
 -23606.5000000000             inf    0.0000000000
 -23605.0000000000             inf    0.0000000000
 -23603.5000000000             inf    0.0000000000
 -23602.0000000000             inf    0.0000000000
 -23600.5000000000             inf    0.0000000000
 -23599.0000000000             inf    0.0000000000
 -23597.5000000000             inf    0.0000000000
 -23596.0000000000             inf    0.0000000000
 -23594.5000000000             inf    0.0000000000
 -23593.0000000000             inf    0.0000000000
 -23591.5000000000             inf    0.0000000000
 -23590.0000000000             inf    0.0000000000
 -23588.5000000000             inf    0.0000000000
 -23587.0000000000             inf    0.0000000000
 -23585.5000000000             inf    0.0000000000
 -23584.0000000000             inf    0.0000000000
 -23582.5000000000             inf    0.0000000000
 -23581.0000000000             inf    0.0000000000
 -23579.5000000000             inf    0.0000000000
 -23578.0000000000             inf    0.0000000000
 -23576.5000000000             inf    0.0000000000
 -23575.0000000000             inf    0.0000000000
 -23573.5000000000             inf    0.0000000000
 -23572.0000000000             inf    0.0000000000
 -23570.5000000000             inf    0.0000000000
 -23569.0000000000             inf    0.0000000000
 -23567.5000000000             inf    0.0000000000
 -23566.0000000000             inf    0.0000000000
 -23564.5000000000             inf    0.0000000000
 -23563.0000000000             inf    0.0000000000
 -23561.5000000000             inf    0.0000000000
 -23560.0000000000             inf    0.0000000000
 -23558.5000000000             inf    0.0000000000
 -23557.0000000000             inf    0.0000000000
 -23555.5000000000             inf    0.0000000000
 -23554.0000000000             inf    0.0000000000
 -23552.5000000000             inf    0.0000000000
 -23551.0000000000             inf    0.0000000000
 -23549.5000000000             inf    0.0000000000
 -23548.0000000000             inf    0.0000000000
 -23546.5000000000             inf    0.0000000000
 -23545.0000000000             inf    0.0000000000
 -23543.5000000000             inf    0.0000000000
 -23542.0000000000             inf    0.0000000000
 -23540.5000000000             inf    0.0000000000
 -23539.0000000000             inf    0.0000000000
 -23537.5000000000             inf    0.0000000000
 -23536.0000000000             inf    0.0000000000
 -23534.5000000000             inf    0.0000000000
 -23533.0000000000             inf    0.0000000000
 -23531.5000000000             inf    0.0000000000
 -23530.0000000000             inf    0.0000000000
 -23528.5000000000             inf    0.0000000000
 -23527.0000000000             inf    0.0000000000
 -23525.5000000000             inf    0.0000000000
 -23524.0000000000             inf    0.0000000000
 -23522.5000000000             inf    0.0000000000
 -23521.0000000000             inf    0.0000000000
 -23519.5000000000             inf    0.0000000000
 -23518.0000000000             inf    0.0000000000
 -23516.5000000000             inf    0.0000000000
 -23515.0000000000             inf    0.0000000000
 -23513.5000000000             inf    0.0000000000
 -23512.0000000000             inf    0.0000000000
 -23510.5000000000             inf    0.0000000000
 -23509.0000000000             inf    0.0000000000
 -23507.5000000000             inf    0.0000000000
 -23506.0000000000             inf    0.0000000000
 -23504.5000000000             inf    0.0000000000
 -23503.0000000000             inf    0.0000000000
 -23501.5000000000             inf    0.0000000000
 -23500.0000000000             inf    0.0000000000
