#! FIELDS energy hh dhh_energy
#! SET normalisation  1000.0000000000
#! SET min_energy -25000
#! SET max_energy -23500
#! SET nbins_energy  1000
#! SET periodic_energy false
 -25000.0000000000    0.0000000000    0.0000000000
 -24998.5000000000    0.0000000000    0.0000000000
 -24997.0000000000    0.0000000000    0.0000000000
 -24995.5000000000    0.0000000000    0.0000000000
 -24994.0000000000    0.0000000000    0.0000000000
 -24992.5000000000    0.0000000000    0.0000000000
 -24991.0000000000    0.0000000000    0.0000000000
 -24989.5000000000    0.0000000000    0.0000000000
 -24988.0000000000    0.0000000000    0.0000000000
 -24986.5000000000    0.0000000137    0.0000000010
 -24985.0000000000    0.0000000152    0.0000000011
 -24983.5000000000    0.0000000169    0.0000000012
 -24982.0000000000    0.0000000188    0.0000000013
 -24980.5000000000    0.0000000208    0.0000000014
 -24979.0000000000    0.0000000231    0.0000000016
 -24977.5000000000    0.0000000256    0.0000000017
 -24976.0000000000    0.0000000283    0.0000000019
 -24974.5000000000    0.0000000313    0.0000000021
 -24973.0000000000    0.0000000346    0.0000000023
 -24971.5000000000    0.0000000382    0.0000000025
 -24970.0000000000    0.0000000421    0.0000000027
 -24968.5000000000    0.0000000463    0.0000000030
 -24967.0000000000    0.0000000510    0.0000000032
 -24965.5000000000    0.0000000561    0.0000000035
 -24964.0000000000    0.0000000616    0.0000000038
 -24962.5000000000    0.0000000676    0.0000000042
 -24961.0000000000    0.0000000742    0.0000000045
 -24959.5000000000    0.0000000949    0.0000000059
 -24958.0000000000    0.0000001041    0.0000000064
 -24956.5000000000    0.0000001141    0.0000000070
 -24955.0000000000    0.0000001250    0.0000000076
 -24953.5000000000    0.0000001368    0.0000000082
 -24952.0000000000    0.0000001496    0.0000000089
 -24950.5000000000    0.0000001634    0.0000000096
 -24949.0000000000    0.0000001784    0.0000000104
 -24947.5000000000    0.0000001945    0.0000000112
 -24946.0000000000    0.0000002120    0.0000000121
 -24944.5000000000    0.0000002308    0.0000000130
 -24943.0000000000    0.0000002510    0.0000000140
 -24941.5000000000    0.0000002728    0.0000000151
 -24940.0000000000    0.0000002963    0.0000000162
 -24938.5000000000    0.0000003214    0.0000000174
 -24937.0000000000    0.0000003631    0.0000000197
 -24935.5000000000    0.0000004075    0.0000000221
 -24934.0000000000    0.0000004418    0.0000000237
 -24932.5000000000    0.0000004938    0.0000000265
 -24931.0000000000    0.0000005350    0.0000000284
 -24929.5000000000    0.0000006084    0.0000000326
 -24928.0000000000    0.0000006590    0.0000000349
 -24926.5000000000    0.0000007133    0.0000000375
 -24925.0000000000    0.0000007715    0.0000000401
 -24923.5000000000    0.0000008488    0.0000000440
 -24922.0000000000    0.0000009468    0.0000000492
 -24920.5000000000    0.0000010232    0.0000000527
 -24919.0000000000    0.0000011050    0.0000000564
 -24917.5000000000    0.0000012060    0.0000000612
 -24916.0000000000    0.0000013153    0.0000000665
 -24914.5000000000    0.0000014614    0.0000000741
 -24913.0000000000    0.0000015764    0.0000000792
 -24911.5000000000    0.0000017281    0.0000000867
 -24910.0000000000    0.0000018918    0.0000000947
 -24908.5000000000    0.0000020387    0.0000001012
 -24907.0000000000    0.0000021956    0.0000001080
 -24905.5000000000    0.0000023778    0.0000001163
 -24904.0000000000    0.0000025730    0.0000001252
 -24902.5000000000    0.0000028104    0.0000001365
 -24901.0000000000    0.0000030364    0.0000001466
 -24899.5000000000    0.0000032636    0.0000001563
 -24898.0000000000    0.0000035480    0.0000001695
 -24896.5000000000    0.0000038254    0.0000001817
 -24895.0000000000    0.0000041497    0.0000001965
 -24893.5000000000    0.0000044539    0.0000002093
 -24892.0000000000    0.0000048066    0.0000002248
 -24890.5000000000    0.0000051834    0.0000002412
 -24889.0000000000    0.0000055711    0.0000002576
 -24887.5000000000    0.0000059845    0.0000002749
 -24886.0000000000    0.0000064236    0.0000002931
 -24884.5000000000    0.0000069055    0.0000003134
 -24883.0000000000    0.0000074479    0.0000003369
 -24881.5000000000    0.0000080121    0.0000003608
 -24880.0000000000    0.0000086141    0.0000003861
 -24878.5000000000    0.0000092387    0.0000004117
 -24877.0000000000    0.0000099182    0.0000004398
 -24875.5000000000    0.0000106674    0.0000004714
 -24874.0000000000    0.0000113958    0.0000004999
 -24872.5000000000    0.0000121679    0.0000005298
 -24871.0000000000    0.0000130581    0.0000005663
 -24869.5000000000    0.0000140334    0.0000006069
 -24868.0000000000    0.0000150138    0.0000006458
 -24866.5000000000    0.0000160256    0.0000006847
 -24865.0000000000    0.0000171101    0.0000007265
 -24863.5000000000    0.0000182748    0.0000007715
 -24862.0000000000    0.0000194928    0.0000008177
 -24860.5000000000    0.0000207828    0.0000008662
 -24859.0000000000    0.0000222177    0.0000009221
 -24857.5000000000    0.0000236826    0.0000009770
 -24856.0000000000    0.0000252892    0.0000010385
 -24854.5000000000    0.0000269191    0.0000010982
 -24853.0000000000    0.0000287115    0.0000011657
 -24851.5000000000    0.0000305805    0.0000012347
 -24850.0000000000    0.0000325119    0.0000013039
 -24848.5000000000    0.0000345487    0.0000013761
 -24847.0000000000    0.0000367385    0.0000014546
 -24845.5000000000    0.0000390777    0.0000015387
 -24844.0000000000    0.0000415461    0.0000016268
 -24842.5000000000    0.0000441928    0.0000017220
 -24841.0000000000    0.0000469430    0.0000018187
 -24839.5000000000    0.0000498548    0.0000019207
 -24838.0000000000    0.0000528803    0.0000020243
 -24836.5000000000    0.0000560817    0.0000021335
 -24835.0000000000    0.0000594490    0.0000022473
 -24833.5000000000    0.0000629606    0.0000023638
 -24832.0000000000    0.0000666799    0.0000024872
 -24830.5000000000    0.0000705598    0.0000026135
 -24829.0000000000    0.0000746761    0.0000027479
 -24827.5000000000    0.0000789958    0.0000028876
 -24826.0000000000    0.0000834738    0.0000030288
 -24824.5000000000    0.0000882247    0.0000031793
 -24823.0000000000    0.0000931914    0.0000033345
 -24821.5000000000    0.0000983665    0.0000034935
 -24820.0000000000    0.0001037677    0.0000036569
 -24818.5000000000    0.0001093915    0.0000038241
 -24817.0000000000    0.0001153412    0.0000040018
 -24815.5000000000    0.0001215910    0.0000041876
 -24814.0000000000    0.0001281401    0.0000043809
 -24812.5000000000    0.0001349105    0.0000045755
 -24811.0000000000    0.0001420077    0.0000047784
 -24809.5000000000    0.0001493971    0.0000049865
 -24808.0000000000    0.0001571912    0.0000052072
 -24806.5000000000    0.0001652635    0.0000054307
 -24805.0000000000    0.0001736330    0.0000056579
 -24803.5000000000    0.0001824068    0.0000058956
 -24802.0000000000    0.0001916281    0.0000061463
 -24800.5000000000    0.0002011306    0.0000063973
 -24799.0000000000    0.0002110144    0.0000066551
 -24797.5000000000    0.0002213593    0.0000069247
 -24796.0000000000    0.0002320741    0.0000071988
 -24794.5000000000    0.0002432207    0.0000074811
 -24793.0000000000    0.0002547651    0.0000077684
 -24791.5000000000    0.0002668031    0.0000080668
 -24790.0000000000    0.0002792963    0.0000083727
 -24788.5000000000    0.0002922679    0.0000086870
 -24787.0000000000    0.0003056283    0.0000090025
 -24785.5000000000    0.0003194989    0.0000093271
 -24784.0000000000    0.0003338161    0.0000096555
 -24782.5000000000    0.0003486300    0.0000099904
 -24781.0000000000    0.0003639972    0.0000103351
 -24779.5000000000    0.0003799435    0.0000106905
 -24778.0000000000    0.0003963568    0.0000110479
 -24776.5000000000    0.0004133674    0.0000114158
 -24775.0000000000    0.0004308893    0.0000117872
 -24773.5000000000    0.0004489888    0.0000121659
 -24772.0000000000    0.0004675773    0.0000125450
 -24770.5000000000    0.0004867372    0.0000129294
 -24769.0000000000    0.0005065497    0.0000133242
 -24767.5000000000    0.0005268857    0.0000137195
 -24766.0000000000    0.0005478203    0.0000141197
 -24764.5000000000    0.0005693558    0.0000145243
 -24763.0000000000    0.0005916172    0.0000149414
 -24761.5000000000    0.0006144521    0.0000153594
 -24760.0000000000    0.0006378742    0.0000157786
 -24758.5000000000    0.0006620123    0.0000162075
 -24757.0000000000    0.0006867839    0.0000166393
 -24755.5000000000    0.0007122616    0.0000170787
 -24754.0000000000    0.0007383291    0.0000175166
 -24752.5000000000    0.0007650284    0.0000179555
 -24751.0000000000    0.0007924602    0.0000184018
 -24749.5000000000    0.0008204635    0.0000188436
 -24748.0000000000    0.0008492019    0.0000192919
 -24746.5000000000    0.0008785412    0.0000197367
 -24745.0000000000    0.0009085930    0.0000201853
 -24743.5000000000    0.0009393036    0.0000206335
 -24742.0000000000    0.0009706427    0.0000210787
 -24740.5000000000    0.0010027211    0.0000215284
 -24739.0000000000    0.0010355325    0.0000219817
 -24737.5000000000    0.0010689504    0.0000224292
 -24736.0000000000    0.0011030219    0.0000228741
 -24734.5000000000    0.0011377768    0.0000233181
 -24733.0000000000    0.0011731213    0.0000237545
 -24731.5000000000    0.0012091329    0.0000241885
 -24730.0000000000    0.0012458076    0.0000246198
 -24728.5000000000    0.0012831408    0.0000250479
 -24727.0000000000    0.0013211132    0.0000254713
 -24725.5000000000    0.0013597434    0.0000258916
 -24724.0000000000    0.0013989885    0.0000263055
 -24722.5000000000    0.0014388059    0.0000267103
 -24721.0000000000    0.0014792546    0.0000271103
 -24719.5000000000    0.0015203836    0.0000275091
 -24718.0000000000    0.0015620189    0.0000278946
 -24716.5000000000    0.0016042553    0.0000282739
 -24715.0000000000    0.0016470255    0.0000286425
 -24713.5000000000    0.0016902990    0.0000289989
 -24712.0000000000    0.0017341557    0.0000293490
 -24710.5000000000    0.0017785155    0.0000296878
 -24709.0000000000    0.0018234334    0.0000300198
 -24707.5000000000    0.0018687546    0.0000303346
 -24706.0000000000    0.0019145259    0.0000306362
 -24704.5000000000    0.0019607540    0.0000309260
 -24703.0000000000    0.0020073638    0.0000311995
 -24701.5000000000    0.0020544746    0.0000314660
 -24700.0000000000    0.0021019285    0.0000317153
 -24698.5000000000    0.0021497466    0.0000319499
 -24697.0000000000    0.0021978631    0.0000321662
 -24695.5000000000    0.0022463360    0.0000323695
 -24694.0000000000    0.0022951276    0.0000325584
 -24692.5000000000    0.0023441490    0.0000327277
 -24691.0000000000    0.0023934417    0.0000328818
 -24689.5000000000    0.0024428939    0.0000330142
 -24688.0000000000    0.0024926174    0.0000331342
 -24686.5000000000    0.0025424496    0.0000332317
 -24685.0000000000    0.0025924855    0.0000333153
 -24683.5000000000    0.0026425597    0.0000333746
 -24682.0000000000    0.0026927064    0.0000334139
 -24680.5000000000    0.0027428837    0.0000334320
 -24679.0000000000    0.0027931018    0.0000334314
 -24677.5000000000    0.0028433327    0.0000334119
 -24676.0000000000    0.0028934175    0.0000333642
 -24674.5000000000    0.0029434423    0.0000332965
 -24673.0000000000    0.0029933783    0.0000332088
 -24671.5000000000    0.0030431665    0.0000330988
 -24670.0000000000    0.0030927590    0.0000329655
 -24668.5000000000    0.0031421346    0.0000328094
 -24667.0000000000    0.0031912294    0.0000326282
 -24665.5000000000    0.0032400918    0.0000324278
 -24664.0000000000    0.0032886220    0.0000322033
 -24662.5000000000    0.0033368133    0.0000319566
 -24661.0000000000    0.0033845884    0.0000316846
 -24659.5000000000    0.0034319513    0.0000313901
 -24658.0000000000    0.0034788126    0.0000310691
 -24656.5000000000    0.0035252031    0.0000307265
 -24655.0000000000    0.0035710471    0.0000303594
 -24653.5000000000    0.0036163379    0.0000299699
 -24652.0000000000    0.0036610849    0.0000295611
 -24650.5000000000    0.0037051295    0.0000291246
 -24649.0000000000    0.0037484873    0.0000286639
 -24647.5000000000    0.0037911651    0.0000281824
 -24646.0000000000    0.0038330753    0.0000276763
 -24644.5000000000    0.0038742389    0.0000271499
 -24643.0000000000    0.0039145671    0.0000265995
 -24641.5000000000    0.0039540536    0.0000260273
 -24640.0000000000    0.0039926651    0.0000254337
 -24638.5000000000    0.0040303566    0.0000248182
 -24637.0000000000    0.0040671230    0.0000241830
 -24635.5000000000    0.0041029354    0.0000235287
 -24634.0000000000    0.0041377528    0.0000228550
 -24632.5000000000    0.0041715584    0.0000221633
 -24631.0000000000    0.0042042851    0.0000214535
 -24629.5000000000    0.0042359334    0.0000207238
 -24628.0000000000    0.0042664892    0.0000199780
 -24626.5000000000    0.0042958994    0.0000192148
 -24625.0000000000    0.0043241386    0.0000184348
 -24623.5000000000    0.0043512249    0.0000176417
 -24622.0000000000    0.0043770822    0.0000168323
 -24620.5000000000    0.0044017302    0.0000160104
 -24619.0000000000    0.0044251344    0.0000151757
 -24617.5000000000    0.0044472636    0.0000143280
 -24616.0000000000    0.0044681423    0.0000134713
 -24614.5000000000    0.0044877275    0.0000126044
 -24613.0000000000    0.0045060040    0.0000117281
 -24611.5000000000    0.0045229323    0.0000108416
 -24610.0000000000    0.0045385249    0.0000099474
 -24608.5000000000    0.0045527712    0.0000090465
 -24607.0000000000    0.0045656766    0.0000081408
 -24605.5000000000    0.0045772048    0.0000072293
 -24604.0000000000    0.0045873475    0.0000063149
 -24602.5000000000    0.0045961312    0.0000053963
 -24601.0000000000    0.0046035502    0.0000044766
 -24599.5000000000    0.0046095738    0.0000035548
 -24598.0000000000    0.0046142292    0.0000026338
 -24596.5000000000    0.0046174887    0.0000017124
 -24595.0000000000    0.0046193673    0.0000007927
 -24593.5000000000    0.0046198680   -0.0000001246
 -24592.0000000000    0.0046189950   -0.0000010386
 -24590.5000000000    0.0046167542   -0.0000019484
 -24589.0000000000    0.0046131524   -0.0000028531
 -24587.5000000000    0.0046081977   -0.0000037520
 -24586.0000000000    0.0046018997   -0.0000046442
 -24584.5000000000    0.0045942832   -0.0000055278
 -24583.0000000000    0.0045853331   -0.0000064042
 -24581.5000000000    0.0045750751   -0.0000072695
 -24580.0000000000    0.0045635114   -0.0000081260
 -24578.5000000000    0.0045506856   -0.0000089733
 -24577.0000000000    0.0045365835   -0.0000098085
 -24575.5000000000    0.0045212509   -0.0000106330
 -24574.0000000000    0.0045046625   -0.0000114431
 -24572.5000000000    0.0044868967   -0.0000122425
 -24571.0000000000    0.0044679418   -0.0000130284
 -24569.5000000000    0.0044478185   -0.0000138003
 -24568.0000000000    0.0044265344   -0.0000145567
 -24566.5000000000    0.0044041129   -0.0000152972
 -24565.0000000000    0.0043806345   -0.0000160235
 -24563.5000000000    0.0043560638   -0.0000167349
 -24562.0000000000    0.0043304228   -0.0000174291
 -24560.5000000000    0.0043037536   -0.0000181069
 -24559.0000000000    0.0042760513   -0.0000187660
 -24557.5000000000    0.0042474162   -0.0000194113
 -24556.0000000000    0.0042177974   -0.0000200373
 -24554.5000000000    0.0041872530   -0.0000206459
 -24553.0000000000    0.0041558371   -0.0000212390
 -24551.5000000000    0.0041235449   -0.0000218142
 -24550.0000000000    0.0040903896   -0.0000223703
 -24548.5000000000    0.0040564138   -0.0000229083
 -24547.0000000000    0.0040216155   -0.0000234262
 -24545.5000000000    0.0039860825   -0.0000239280
 -24544.0000000000    0.0039498247   -0.0000244126
 -24542.5000000000    0.0039128098   -0.0000248757
 -24541.0000000000    0.0038751440   -0.0000253229
 -24539.5000000000    0.0038367917   -0.0000257496
 -24538.0000000000    0.0037978561   -0.0000261614
 -24536.5000000000    0.0037582879   -0.0000265529
 -24535.0000000000    0.0037181462   -0.0000269263
 -24533.5000000000    0.0036774721   -0.0000272828
 -24532.0000000000    0.0036362772   -0.0000276213
 -24530.5000000000    0.0035945869   -0.0000279420
 -24529.0000000000    0.0035524149   -0.0000282439
 -24527.5000000000    0.0035097749   -0.0000285263
 -24526.0000000000    0.0034667385   -0.0000287925
 -24524.5000000000    0.0034233166   -0.0000290416
 -24523.0000000000    0.0033795460   -0.0000292746
 -24521.5000000000    0.0033354253   -0.0000294897
 -24520.0000000000    0.0032909635   -0.0000296858
 -24518.5000000000    0.0032462938   -0.0000298709
 -24517.0000000000    0.0032013590   -0.0000300393
 -24515.5000000000    0.0031561123   -0.0000301861
 -24514.0000000000    0.0031106286   -0.0000303151
 -24512.5000000000    0.0030650205   -0.0000304327
 -24511.0000000000    0.0030192769   -0.0000305366
 -24509.5000000000    0.0029733734   -0.0000306237
 -24508.0000000000    0.0029273381   -0.0000306944
 -24506.5000000000    0.0028812209   -0.0000307509
 -24505.0000000000    0.0028350312   -0.0000307925
 -24503.5000000000    0.0027887167   -0.0000308140
 -24502.0000000000    0.0027424399   -0.0000308255
 -24500.5000000000    0.0026960990   -0.0000308185
 -24499.0000000000    0.0026498513   -0.0000308029
 -24497.5000000000    0.0026035649   -0.0000307679
 -24496.0000000000    0.0025573714   -0.0000307216
 -24494.5000000000    0.0025113002   -0.0000306649
 -24493.0000000000    0.0024653237   -0.0000305945
 -24491.5000000000    0.0024194188   -0.0000305076
 -24490.0000000000    0.0023736251   -0.0000304058
 -24488.5000000000    0.0023279937   -0.0000302916
 -24487.0000000000    0.0022824997   -0.0000301620
 -24485.5000000000    0.0022372526   -0.0000300236
 -24484.0000000000    0.0021922066   -0.0000298723
 -24482.5000000000    0.0021474400   -0.0000297123
 -24481.0000000000    0.0021029105   -0.0000295398
 -24479.5000000000    0.0020586469   -0.0000293557
 -24478.0000000000    0.0020146955   -0.0000291625
 -24476.5000000000    0.0019710142   -0.0000289560
 -24475.0000000000    0.0019276800   -0.0000287409
 -24473.5000000000    0.0018846333   -0.0000285121
 -24472.0000000000    0.0018419354   -0.0000282730
 -24470.5000000000    0.0017996632   -0.0000280283
 -24469.0000000000    0.0017577078   -0.0000277695
 -24467.5000000000    0.0017161621   -0.0000275023
 -24466.0000000000    0.0016750528   -0.0000272281
 -24464.5000000000    0.0016343739   -0.0000269457
 -24463.0000000000    0.0015941561   -0.0000266565
 -24461.5000000000    0.0015543057   -0.0000263535
 -24460.0000000000    0.0015148875   -0.0000260405
 -24458.5000000000    0.0014759312   -0.0000257192
 -24457.0000000000    0.0014375326   -0.0000253959
 -24455.5000000000    0.0013995972   -0.0000250634
 -24454.0000000000    0.0013621775   -0.0000247250
 -24452.5000000000    0.0013251854   -0.0000243742
 -24451.0000000000    0.0012887807   -0.0000240218
 -24449.5000000000    0.0012529520   -0.0000236670
 -24448.0000000000    0.0012176036   -0.0000233025
 -24446.5000000000    0.0011827185   -0.0000229271
 -24445.0000000000    0.0011485006   -0.0000225550
 -24443.5000000000    0.0011148438   -0.0000221785
 -24442.0000000000    0.0010816801   -0.0000217929
 -24440.5000000000    0.0010491434   -0.0000214074
 -24439.0000000000    0.0010171739   -0.0000210180
 -24437.5000000000    0.0009858170   -0.0000206278
 -24436.0000000000    0.0009549896   -0.0000202311
 -24434.5000000000    0.0009247605   -0.0000198329
 -24433.0000000000    0.0008951150   -0.0000194323
 -24431.5000000000    0.0008661557   -0.0000190367
 -24430.0000000000    0.0008377648   -0.0000186381
 -24428.5000000000    0.0008100130   -0.0000182419
 -24427.0000000000    0.0007828552   -0.0000178450
 -24425.5000000000    0.0007562527   -0.0000174451
 -24424.0000000000    0.0007301917   -0.0000170415
 -24422.5000000000    0.0007048074   -0.0000166444
 -24421.0000000000    0.0006799595   -0.0000162440
 -24419.5000000000    0.0006557516   -0.0000158484
 -24418.0000000000    0.0006321229   -0.0000154536
 -24416.5000000000    0.0006091736   -0.0000150672
 -24415.0000000000    0.0005868010   -0.0000146827
 -24413.5000000000    0.0005649318   -0.0000142954
 -24412.0000000000    0.0005437121   -0.0000139161
 -24410.5000000000    0.0005230613   -0.0000135399
 -24409.0000000000    0.0005029697   -0.0000131666
 -24407.5000000000    0.0004833209   -0.0000127887
 -24406.0000000000    0.0004642950   -0.0000124195
 -24404.5000000000    0.0004458628   -0.0000120576
 -24403.0000000000    0.0004278822   -0.0000116939
 -24401.5000000000    0.0004104593   -0.0000113363
 -24400.0000000000    0.0003935095   -0.0000109797
 -24398.5000000000    0.0003771622   -0.0000106339
 -24397.0000000000    0.0003613596   -0.0000102957
 -24395.5000000000    0.0003459889   -0.0000099578
 -24394.0000000000    0.0003312220   -0.0000096331
 -24392.5000000000    0.0003168656   -0.0000093086
 -24391.0000000000    0.0003030624   -0.0000089954
 -24389.5000000000    0.0002896832   -0.0000086848
 -24388.0000000000    0.0002767793   -0.0000083815
 -24386.5000000000    0.0002643683   -0.0000080873
 -24385.0000000000    0.0002523223   -0.0000077939
 -24383.5000000000    0.0002406552   -0.0000075031
 -24382.0000000000    0.0002294898   -0.0000072243
 -24380.5000000000    0.0002187499   -0.0000069528
 -24379.0000000000    0.0002084013   -0.0000066870
 -24377.5000000000    0.0001985155   -0.0000064327
 -24376.0000000000    0.0001889927   -0.0000061835
 -24374.5000000000    0.0001798252   -0.0000059396
 -24373.0000000000    0.0001710046   -0.0000057011
 -24371.5000000000    0.0001625374   -0.0000054691
 -24370.0000000000    0.0001543823   -0.0000052414
 -24368.5000000000    0.0001465811   -0.0000050215
 -24367.0000000000    0.0001391470   -0.0000048111
 -24365.5000000000    0.0001319956   -0.0000046048
 -24364.0000000000    0.0001250620   -0.0000043987
 -24362.5000000000    0.0001185185   -0.0000042055
 -24361.0000000000    0.0001122315   -0.0000040165
 -24359.5000000000    0.0001062522   -0.0000038357
 -24358.0000000000    0.0001005831   -0.0000036640
 -24356.5000000000    0.0000951084   -0.0000034937
 -24355.0000000000    0.0000898991   -0.0000033304
 -24353.5000000000    0.0000848734   -0.0000031688
 -24352.0000000000    0.0000801717   -0.0000030193
 -24350.5000000000    0.0000757061   -0.0000028762
 -24349.0000000000    0.0000714363   -0.0000027372
 -24347.5000000000    0.0000674143   -0.0000026064
 -24346.0000000000    0.0000634850   -0.0000024732
 -24344.5000000000    0.0000597914   -0.0000023483
 -24343.0000000000    0.0000562828   -0.0000022283
 -24341.5000000000    0.0000529949   -0.0000021163
 -24340.0000000000    0.0000498294   -0.0000020056
 -24338.5000000000    0.0000467947   -0.0000018973
 -24337.0000000000    0.0000439642   -0.0000017968
 -24335.5000000000    0.0000412541   -0.0000016986
 -24334.0000000000    0.0000387443   -0.0000016088
 -24332.5000000000    0.0000362807   -0.0000015166
 -24331.0000000000    0.0000340096   -0.0000014327
 -24329.5000000000    0.0000317893   -0.0000013474
 -24328.0000000000    0.0000297647   -0.0000012713
 -24326.5000000000    0.0000278502   -0.0000011985
 -24325.0000000000    0.0000260579   -0.0000011302
 -24323.5000000000    0.0000243374   -0.0000010630
 -24322.0000000000    0.0000226871   -0.0000009971
 -24320.5000000000    0.0000212335   -0.0000009416
 -24319.0000000000    0.0000198315   -0.0000008864
 -24317.5000000000    0.0000184822   -0.0000008319
 -24316.0000000000    0.0000172130   -0.0000007802
 -24314.5000000000    0.0000160341   -0.0000007321
 -24313.0000000000    0.0000149258   -0.0000006865
 -24311.5000000000    0.0000139124   -0.0000006452
 -24310.0000000000    0.0000129008   -0.0000006018
 -24308.5000000000    0.0000119672   -0.0000005618
 -24307.0000000000    0.0000110786   -0.0000005230
 -24305.5000000000    0.0000102753   -0.0000004884
 -24304.0000000000    0.0000095072   -0.0000004546
 -24302.5000000000    0.0000088322   -0.0000004258
 -24301.0000000000    0.0000081702   -0.0000003964
 -24299.5000000000    0.0000075648   -0.0000003697
 -24298.0000000000    0.0000069848   -0.0000003434
 -24296.5000000000    0.0000063859   -0.0000003146
 -24295.0000000000    0.0000059004   -0.0000002928
 -24293.5000000000    0.0000054609   -0.0000002731
 -24292.0000000000    0.0000050206   -0.0000002525
 -24290.5000000000    0.0000046396   -0.0000002352
 -24289.0000000000    0.0000042557   -0.0000002168
 -24287.5000000000    0.0000039267   -0.0000002016
 -24286.0000000000    0.0000036201   -0.0000001873
 -24284.5000000000    0.0000033336   -0.0000001738
 -24283.0000000000    0.0000030818   -0.0000001621
 -24281.5000000000    0.0000028320   -0.0000001500
 -24280.0000000000    0.0000025848   -0.0000001376
 -24278.5000000000    0.0000023568   -0.0000001261
 -24277.0000000000    0.0000021297   -0.0000001143
 -24275.5000000000    0.0000019361   -0.0000001043
 -24274.0000000000    0.0000017701   -0.0000000960
 -24272.5000000000    0.0000016024   -0.0000000873
 -24271.0000000000    0.0000014618   -0.0000000801
 -24269.5000000000    0.0000013459   -0.0000000745
 -24268.0000000000    0.0000012093   -0.0000000671
 -24266.5000000000    0.0000011123   -0.0000000623
 -24265.0000000000    0.0000010086   -0.0000000568
 -24263.5000000000    0.0000009117   -0.0000000516
 -24262.0000000000    0.0000008371   -0.0000000478
 -24260.5000000000    0.0000007401   -0.0000000423
 -24259.0000000000    0.0000006503   -0.0000000371
 -24257.5000000000    0.0000005666   -0.0000000323
 -24256.0000000000    0.0000005200   -0.0000000299
 -24254.5000000000    0.0000004768   -0.0000000277
 -24253.0000000000    0.0000004369   -0.0000000256
 -24251.5000000000    0.0000003863   -0.0000000227
 -24250.0000000000    0.0000003535   -0.0000000210
 -24248.5000000000    0.0000003233   -0.0000000194
 -24247.0000000000    0.0000002954   -0.0000000179
 -24245.5000000000    0.0000002558   -0.0000000155
 -24244.0000000000    0.0000002335   -0.0000000142
 -24242.5000000000    0.0000001991   -0.0000000121
 -24241.0000000000    0.0000001816   -0.0000000112
 -24239.5000000000    0.0000001656   -0.0000000103
 -24238.0000000000    0.0000001508   -0.0000000094
 -24236.5000000000    0.0000001372   -0.0000000087
 -24235.0000000000    0.0000001247   -0.0000000080
 -24233.5000000000    0.0000001133   -0.0000000073
 -24232.0000000000    0.0000001028   -0.0000000067
 -24230.5000000000    0.0000000932   -0.0000000061
 -24229.0000000000    0.0000000698   -0.0000000045
 -24227.5000000000    0.0000000633   -0.0000000042
 -24226.0000000000    0.0000000425   -0.0000000028
 -24224.5000000000    0.0000000386   -0.0000000025
 -24223.0000000000    0.0000000350   -0.0000000023
 -24221.5000000000    0.0000000317   -0.0000000021
 -24220.0000000000    0.0000000286   -0.0000000019
 -24218.5000000000    0.0000000259   -0.0000000018
 -24217.0000000000    0.0000000234   -0.0000000016
 -24215.5000000000    0.0000000211   -0.0000000015
 -24214.0000000000    0.0000000190   -0.0000000013
 -24212.5000000000    0.0000000171   -0.0000000012
 -24211.0000000000    0.0000000154   -0.0000000011
 -24209.5000000000    0.0000000000    0.0000000000
 -24208.0000000000    0.0000000000    0.0000000000
 -24206.5000000000    0.0000000000    0.0000000000
 -24205.0000000000    0.0000000000    0.0000000000
 -24203.5000000000    0.0000000000    0.0000000000
 -24202.0000000000    0.0000000000    0.0000000000
 -24200.5000000000    0.0000000000    0.0000000000
 -24199.0000000000    0.0000000000    0.0000000000
 -24197.5000000000    0.0000000000    0.0000000000
 -24196.0000000000    0.0000000000    0.0000000000
 -24194.5000000000    0.0000000000    0.0000000000
 -24193.0000000000    0.0000000000    0.0000000000
 -24191.5000000000    0.0000000000    0.0000000000
 -24190.0000000000    0.0000000000    0.0000000000
 -24188.5000000000    0.0000000000    0.0000000000
 -24187.0000000000    0.0000000000    0.0000000000
 -24185.5000000000    0.0000000000    0.0000000000
 -24184.0000000000    0.0000000000    0.0000000000
 -24182.5000000000    0.0000000000    0.0000000000
 -24181.0000000000    0.0000000000    0.0000000000
 -24179.5000000000    0.0000000000    0.0000000000
 -24178.0000000000    0.0000000000    0.0000000000
 -24176.5000000000    0.0000000000    0.0000000000
 -24175.0000000000    0.0000000000    0.0000000000
 -24173.5000000000    0.0000000000    0.0000000000
 -24172.0000000000    0.0000000000    0.0000000000
 -24170.5000000000    0.0000000000    0.0000000000
 -24169.0000000000    0.0000000000    0.0000000000
 -24167.5000000000    0.0000000000    0.0000000000
 -24166.0000000000    0.0000000000    0.0000000000
 -24164.5000000000    0.0000000000    0.0000000000
 -24163.0000000000    0.0000000000    0.0000000000
 -24161.5000000000    0.0000000000    0.0000000000
 -24160.0000000000    0.0000000000    0.0000000000
 -24158.5000000000    0.0000000000    0.0000000000
 -24157.0000000000    0.0000000000    0.0000000000
 -24155.5000000000    0.0000000000    0.0000000000
 -24154.0000000000    0.0000000000    0.0000000000
 -24152.5000000000    0.0000000000    0.0000000000
 -24151.0000000000    0.0000000000    0.0000000000
 -24149.5000000000    0.0000000000    0.0000000000
 -24148.0000000000    0.0000000000    0.0000000000
 -24146.5000000000    0.0000000000    0.0000000000
 -24145.0000000000    0.0000000000    0.0000000000
 -24143.5000000000    0.0000000000    0.0000000000
 -24142.0000000000    0.0000000000    0.0000000000
 -24140.5000000000    0.0000000000    0.0000000000
 -24139.0000000000    0.0000000000    0.0000000000
 -24137.5000000000    0.0000000000    0.0000000000
 -24136.0000000000    0.0000000000    0.0000000000
 -24134.5000000000    0.0000000000    0.0000000000
 -24133.0000000000    0.0000000000    0.0000000000
 -24131.5000000000    0.0000000000    0.0000000000
 -24130.0000000000    0.0000000000    0.0000000000
 -24128.5000000000    0.0000000000    0.0000000000
 -24127.0000000000    0.0000000000    0.0000000000
 -24125.5000000000    0.0000000000    0.0000000000
 -24124.0000000000    0.0000000000    0.0000000000
 -24122.5000000000    0.0000000000    0.0000000000
 -24121.0000000000    0.0000000000    0.0000000000
 -24119.5000000000    0.0000000000    0.0000000000
 -24118.0000000000    0.0000000000    0.0000000000
 -24116.5000000000    0.0000000000    0.0000000000
 -24115.0000000000    0.0000000000    0.0000000000
 -24113.5000000000    0.0000000000    0.0000000000
 -24112.0000000000    0.0000000000    0.0000000000
 -24110.5000000000    0.0000000000    0.0000000000
 -24109.0000000000    0.0000000000    0.0000000000
 -24107.5000000000    0.0000000000    0.0000000000
 -24106.0000000000    0.0000000000    0.0000000000
 -24104.5000000000    0.0000000000    0.0000000000
 -24103.0000000000    0.0000000000    0.0000000000
 -24101.5000000000    0.0000000000    0.0000000000
 -24100.0000000000    0.0000000000    0.0000000000
 -24098.5000000000    0.0000000000    0.0000000000
 -24097.0000000000    0.0000000000    0.0000000000
 -24095.5000000000    0.0000000000    0.0000000000
 -24094.0000000000    0.0000000000    0.0000000000
 -24092.5000000000    0.0000000000    0.0000000000
 -24091.0000000000    0.0000000000    0.0000000000
 -24089.5000000000    0.0000000000    0.0000000000
 -24088.0000000000    0.0000000000    0.0000000000
 -24086.5000000000    0.0000000000    0.0000000000
 -24085.0000000000    0.0000000000    0.0000000000
 -24083.5000000000    0.0000000000    0.0000000000
 -24082.0000000000    0.0000000000    0.0000000000
 -24080.5000000000    0.0000000000    0.0000000000
 -24079.0000000000    0.0000000000    0.0000000000
 -24077.5000000000    0.0000000000    0.0000000000
 -24076.0000000000    0.0000000000    0.0000000000
 -24074.5000000000    0.0000000000    0.0000000000
 -24073.0000000000    0.0000000000    0.0000000000
 -24071.5000000000    0.0000000000    0.0000000000
 -24070.0000000000    0.0000000000    0.0000000000
 -24068.5000000000    0.0000000000    0.0000000000
 -24067.0000000000    0.0000000000    0.0000000000
 -24065.5000000000    0.0000000000    0.0000000000
 -24064.0000000000    0.0000000000    0.0000000000
 -24062.5000000000    0.0000000000    0.0000000000
 -24061.0000000000    0.0000000000    0.0000000000
 -24059.5000000000    0.0000000000    0.0000000000
 -24058.0000000000    0.0000000000    0.0000000000
 -24056.5000000000    0.0000000000    0.0000000000
 -24055.0000000000    0.0000000000    0.0000000000
 -24053.5000000000    0.0000000000    0.0000000000
 -24052.0000000000    0.0000000000    0.0000000000
 -24050.5000000000    0.0000000000    0.0000000000
 -24049.0000000000    0.0000000000    0.0000000000
 -24047.5000000000    0.0000000000    0.0000000000
 -24046.0000000000    0.0000000000    0.0000000000
 -24044.5000000000    0.0000000000    0.0000000000
 -24043.0000000000    0.0000000000    0.0000000000
 -24041.5000000000    0.0000000000    0.0000000000
 -24040.0000000000    0.0000000000    0.0000000000
 -24038.5000000000    0.0000000000    0.0000000000
 -24037.0000000000    0.0000000000    0.0000000000
 -24035.5000000000    0.0000000000    0.0000000000
 -24034.0000000000    0.0000000000    0.0000000000
 -24032.5000000000    0.0000000000    0.0000000000
 -24031.0000000000    0.0000000000    0.0000000000
 -24029.5000000000    0.0000000000    0.0000000000
 -24028.0000000000    0.0000000000    0.0000000000
 -24026.5000000000    0.0000000000    0.0000000000
 -24025.0000000000    0.0000000000    0.0000000000
 -24023.5000000000    0.0000000000    0.0000000000
 -24022.0000000000    0.0000000000    0.0000000000
 -24020.5000000000    0.0000000000    0.0000000000
 -24019.0000000000    0.0000000000    0.0000000000
 -24017.5000000000    0.0000000000    0.0000000000
 -24016.0000000000    0.0000000000    0.0000000000
 -24014.5000000000    0.0000000000    0.0000000000
 -24013.0000000000    0.0000000000    0.0000000000
 -24011.5000000000    0.0000000000    0.0000000000
 -24010.0000000000    0.0000000000    0.0000000000
 -24008.5000000000    0.0000000000    0.0000000000
 -24007.0000000000    0.0000000000    0.0000000000
 -24005.5000000000    0.0000000000    0.0000000000
 -24004.0000000000    0.0000000000    0.0000000000
 -24002.5000000000    0.0000000000    0.0000000000
 -24001.0000000000    0.0000000000    0.0000000000
 -23999.5000000000    0.0000000000    0.0000000000
 -23998.0000000000    0.0000000000    0.0000000000
 -23996.5000000000    0.0000000000    0.0000000000
 -23995.0000000000    0.0000000000    0.0000000000
 -23993.5000000000    0.0000000000    0.0000000000
 -23992.0000000000    0.0000000000    0.0000000000
 -23990.5000000000    0.0000000000    0.0000000000
 -23989.0000000000    0.0000000000    0.0000000000
 -23987.5000000000    0.0000000000    0.0000000000
 -23986.0000000000    0.0000000000    0.0000000000
 -23984.5000000000    0.0000000000    0.0000000000
 -23983.0000000000    0.0000000000    0.0000000000
 -23981.5000000000    0.0000000000    0.0000000000
 -23980.0000000000    0.0000000000    0.0000000000
 -23978.5000000000    0.0000000000    0.0000000000
 -23977.0000000000    0.0000000000    0.0000000000
 -23975.5000000000    0.0000000000    0.0000000000
 -23974.0000000000    0.0000000000    0.0000000000
 -23972.5000000000    0.0000000000    0.0000000000
 -23971.0000000000    0.0000000000    0.0000000000
 -23969.5000000000    0.0000000000    0.0000000000
 -23968.0000000000    0.0000000000    0.0000000000
 -23966.5000000000    0.0000000000    0.0000000000
 -23965.0000000000    0.0000000000    0.0000000000
 -23963.5000000000    0.0000000000    0.0000000000
 -23962.0000000000    0.0000000000    0.0000000000
 -23960.5000000000    0.0000000000    0.0000000000
 -23959.0000000000    0.0000000000    0.0000000000
 -23957.5000000000    0.0000000000    0.0000000000
 -23956.0000000000    0.0000000000    0.0000000000
 -23954.5000000000    0.0000000000    0.0000000000
 -23953.0000000000    0.0000000000    0.0000000000
 -23951.5000000000    0.0000000000    0.0000000000
 -23950.0000000000    0.0000000000    0.0000000000
 -23948.5000000000    0.0000000000    0.0000000000
 -23947.0000000000    0.0000000000    0.0000000000
 -23945.5000000000    0.0000000000    0.0000000000
 -23944.0000000000    0.0000000000    0.0000000000
 -23942.5000000000    0.0000000000    0.0000000000
 -23941.0000000000    0.0000000000    0.0000000000
 -23939.5000000000    0.0000000000    0.0000000000
 -23938.0000000000    0.0000000000    0.0000000000
 -23936.5000000000    0.0000000000    0.0000000000
 -23935.0000000000    0.0000000000    0.0000000000
 -23933.5000000000    0.0000000000    0.0000000000
 -23932.0000000000    0.0000000000    0.0000000000
 -23930.5000000000    0.0000000000    0.0000000000
 -23929.0000000000    0.0000000000    0.0000000000
 -23927.5000000000    0.0000000000    0.0000000000
 -23926.0000000000    0.0000000000    0.0000000000
 -23924.5000000000    0.0000000000    0.0000000000
 -23923.0000000000    0.0000000000    0.0000000000
 -23921.5000000000    0.0000000000    0.0000000000
 -23920.0000000000    0.0000000000    0.0000000000
 -23918.5000000000    0.0000000000    0.0000000000
 -23917.0000000000    0.0000000000    0.0000000000
 -23915.5000000000    0.0000000000    0.0000000000
 -23914.0000000000    0.0000000000    0.0000000000
 -23912.5000000000    0.0000000000    0.0000000000
 -23911.0000000000    0.0000000000    0.0000000000
 -23909.5000000000    0.0000000000    0.0000000000
 -23908.0000000000    0.0000000000    0.0000000000
 -23906.5000000000    0.0000000000    0.0000000000
 -23905.0000000000    0.0000000000    0.0000000000
 -23903.5000000000    0.0000000000    0.0000000000
 -23902.0000000000    0.0000000000    0.0000000000
 -23900.5000000000    0.0000000000    0.0000000000
 -23899.0000000000    0.0000000000    0.0000000000
 -23897.5000000000    0.0000000000    0.0000000000
 -23896.0000000000    0.0000000000    0.0000000000
 -23894.5000000000    0.0000000000    0.0000000000
 -23893.0000000000    0.0000000000    0.0000000000
 -23891.5000000000    0.0000000000    0.0000000000
 -23890.0000000000    0.0000000000    0.0000000000
 -23888.5000000000    0.0000000000    0.0000000000
 -23887.0000000000    0.0000000000    0.0000000000
 -23885.5000000000    0.0000000000    0.0000000000
 -23884.0000000000    0.0000000000    0.0000000000
 -23882.5000000000    0.0000000000    0.0000000000
 -23881.0000000000    0.0000000000    0.0000000000
 -23879.5000000000    0.0000000000    0.0000000000
 -23878.0000000000    0.0000000000    0.0000000000
 -23876.5000000000    0.0000000000    0.0000000000
 -23875.0000000000    0.0000000000    0.0000000000
 -23873.5000000000    0.0000000000    0.0000000000
 -23872.0000000000    0.0000000000    0.0000000000
 -23870.5000000000    0.0000000000    0.0000000000
 -23869.0000000000    0.0000000000    0.0000000000
 -23867.5000000000    0.0000000000    0.0000000000
 -23866.0000000000    0.0000000000    0.0000000000
 -23864.5000000000    0.0000000000    0.0000000000
 -23863.0000000000    0.0000000000    0.0000000000
 -23861.5000000000    0.0000000000    0.0000000000
 -23860.0000000000    0.0000000000    0.0000000000
 -23858.5000000000    0.0000000000    0.0000000000
 -23857.0000000000    0.0000000000    0.0000000000
 -23855.5000000000    0.0000000000    0.0000000000
 -23854.0000000000    0.0000000000    0.0000000000
 -23852.5000000000    0.0000000000    0.0000000000
 -23851.0000000000    0.0000000000    0.0000000000
 -23849.5000000000    0.0000000000    0.0000000000
 -23848.0000000000    0.0000000000    0.0000000000
 -23846.5000000000    0.0000000000    0.0000000000
 -23845.0000000000    0.0000000000    0.0000000000
 -23843.5000000000    0.0000000000    0.0000000000
 -23842.0000000000    0.0000000000    0.0000000000
 -23840.5000000000    0.0000000000    0.0000000000
 -23839.0000000000    0.0000000000    0.0000000000
 -23837.5000000000    0.0000000000    0.0000000000
 -23836.0000000000    0.0000000000    0.0000000000
 -23834.5000000000    0.0000000000    0.0000000000
 -23833.0000000000    0.0000000000    0.0000000000
 -23831.5000000000    0.0000000000    0.0000000000
 -23830.0000000000    0.0000000000    0.0000000000
 -23828.5000000000    0.0000000000    0.0000000000
 -23827.0000000000    0.0000000000    0.0000000000
 -23825.5000000000    0.0000000000    0.0000000000
 -23824.0000000000    0.0000000000    0.0000000000
 -23822.5000000000    0.0000000000    0.0000000000
 -23821.0000000000    0.0000000000    0.0000000000
 -23819.5000000000    0.0000000000    0.0000000000
 -23818.0000000000    0.0000000000    0.0000000000
 -23816.5000000000    0.0000000000    0.0000000000
 -23815.0000000000    0.0000000000    0.0000000000
 -23813.5000000000    0.0000000000    0.0000000000
 -23812.0000000000    0.0000000000    0.0000000000
 -23810.5000000000    0.0000000000    0.0000000000
 -23809.0000000000    0.0000000000    0.0000000000
 -23807.5000000000    0.0000000000    0.0000000000
 -23806.0000000000    0.0000000000    0.0000000000
 -23804.5000000000    0.0000000000    0.0000000000
 -23803.0000000000    0.0000000000    0.0000000000
 -23801.5000000000    0.0000000000    0.0000000000
 -23800.0000000000    0.0000000000    0.0000000000
 -23798.5000000000    0.0000000000    0.0000000000
 -23797.0000000000    0.0000000000    0.0000000000
 -23795.5000000000    0.0000000000    0.0000000000
 -23794.0000000000    0.0000000000    0.0000000000
 -23792.5000000000    0.0000000000    0.0000000000
 -23791.0000000000    0.0000000000    0.0000000000
 -23789.5000000000    0.0000000000    0.0000000000
 -23788.0000000000    0.0000000000    0.0000000000
 -23786.5000000000    0.0000000000    0.0000000000
 -23785.0000000000    0.0000000000    0.0000000000
 -23783.5000000000    0.0000000000    0.0000000000
 -23782.0000000000    0.0000000000    0.0000000000
 -23780.5000000000    0.0000000000    0.0000000000
 -23779.0000000000    0.0000000000    0.0000000000
 -23777.5000000000    0.0000000000    0.0000000000
 -23776.0000000000    0.0000000000    0.0000000000
 -23774.5000000000    0.0000000000    0.0000000000
 -23773.0000000000    0.0000000000    0.0000000000
 -23771.5000000000    0.0000000000    0.0000000000
 -23770.0000000000    0.0000000000    0.0000000000
 -23768.5000000000    0.0000000000    0.0000000000
 -23767.0000000000    0.0000000000    0.0000000000
 -23765.5000000000    0.0000000000    0.0000000000
 -23764.0000000000    0.0000000000    0.0000000000
 -23762.5000000000    0.0000000000    0.0000000000
 -23761.0000000000    0.0000000000    0.0000000000
 -23759.5000000000    0.0000000000    0.0000000000
 -23758.0000000000    0.0000000000    0.0000000000
 -23756.5000000000    0.0000000000    0.0000000000
 -23755.0000000000    0.0000000000    0.0000000000
 -23753.5000000000    0.0000000000    0.0000000000
 -23752.0000000000    0.0000000000    0.0000000000
 -23750.5000000000    0.0000000000    0.0000000000
 -23749.0000000000    0.0000000000    0.0000000000
 -23747.5000000000    0.0000000000    0.0000000000
 -23746.0000000000    0.0000000000    0.0000000000
 -23744.5000000000    0.0000000000    0.0000000000
 -23743.0000000000    0.0000000000    0.0000000000
 -23741.5000000000    0.0000000000    0.0000000000
 -23740.0000000000    0.0000000000    0.0000000000
 -23738.5000000000    0.0000000000    0.0000000000
 -23737.0000000000    0.0000000000    0.0000000000
 -23735.5000000000    0.0000000000    0.0000000000
 -23734.0000000000    0.0000000000    0.0000000000
 -23732.5000000000    0.0000000000    0.0000000000
 -23731.0000000000    0.0000000000    0.0000000000
 -23729.5000000000    0.0000000000    0.0000000000
 -23728.0000000000    0.0000000000    0.0000000000
 -23726.5000000000    0.0000000000    0.0000000000
 -23725.0000000000    0.0000000000    0.0000000000
 -23723.5000000000    0.0000000000    0.0000000000
 -23722.0000000000    0.0000000000    0.0000000000
 -23720.5000000000    0.0000000000    0.0000000000
 -23719.0000000000    0.0000000000    0.0000000000
 -23717.5000000000    0.0000000000    0.0000000000
 -23716.0000000000    0.0000000000    0.0000000000
 -23714.5000000000    0.0000000000    0.0000000000
 -23713.0000000000    0.0000000000    0.0000000000
 -23711.5000000000    0.0000000000    0.0000000000
 -23710.0000000000    0.0000000000    0.0000000000
 -23708.5000000000    0.0000000000    0.0000000000
 -23707.0000000000    0.0000000000    0.0000000000
 -23705.5000000000    0.0000000000    0.0000000000
 -23704.0000000000    0.0000000000    0.0000000000
 -23702.5000000000    0.0000000000    0.0000000000
 -23701.0000000000    0.0000000000    0.0000000000
 -23699.5000000000    0.0000000000    0.0000000000
 -23698.0000000000    0.0000000000    0.0000000000
 -23696.5000000000    0.0000000000    0.0000000000
 -23695.0000000000    0.0000000000    0.0000000000
 -23693.5000000000    0.0000000000    0.0000000000
 -23692.0000000000    0.0000000000    0.0000000000
 -23690.5000000000    0.0000000000    0.0000000000
 -23689.0000000000    0.0000000000    0.0000000000
 -23687.5000000000    0.0000000000    0.0000000000
 -23686.0000000000    0.0000000000    0.0000000000
 -23684.5000000000    0.0000000000    0.0000000000
 -23683.0000000000    0.0000000000    0.0000000000
 -23681.5000000000    0.0000000000    0.0000000000
 -23680.0000000000    0.0000000000    0.0000000000
 -23678.5000000000    0.0000000000    0.0000000000
 -23677.0000000000    0.0000000000    0.0000000000
 -23675.5000000000    0.0000000000    0.0000000000
 -23674.0000000000    0.0000000000    0.0000000000
 -23672.5000000000    0.0000000000    0.0000000000
 -23671.0000000000    0.0000000000    0.0000000000
 -23669.5000000000    0.0000000000    0.0000000000
 -23668.0000000000    0.0000000000    0.0000000000
 -23666.5000000000    0.0000000000    0.0000000000
 -23665.0000000000    0.0000000000    0.0000000000
 -23663.5000000000    0.0000000000    0.0000000000
 -23662.0000000000    0.0000000000    0.0000000000
 -23660.5000000000    0.0000000000    0.0000000000
 -23659.0000000000    0.0000000000    0.0000000000
 -23657.5000000000    0.0000000000    0.0000000000
 -23656.0000000000    0.0000000000    0.0000000000
 -23654.5000000000    0.0000000000    0.0000000000
 -23653.0000000000    0.0000000000    0.0000000000
 -23651.5000000000    0.0000000000    0.0000000000
 -23650.0000000000    0.0000000000    0.0000000000
 -23648.5000000000    0.0000000000    0.0000000000
 -23647.0000000000    0.0000000000    0.0000000000
 -23645.5000000000    0.0000000000    0.0000000000
 -23644.0000000000    0.0000000000    0.0000000000
 -23642.5000000000    0.0000000000    0.0000000000
 -23641.0000000000    0.0000000000    0.0000000000
 -23639.5000000000    0.0000000000    0.0000000000
 -23638.0000000000    0.0000000000    0.0000000000
 -23636.5000000000    0.0000000000    0.0000000000
 -23635.0000000000    0.0000000000    0.0000000000
 -23633.5000000000    0.0000000000    0.0000000000
 -23632.0000000000    0.0000000000    0.0000000000
 -23630.5000000000    0.0000000000    0.0000000000
 -23629.0000000000    0.0000000000    0.0000000000
 -23627.5000000000    0.0000000000    0.0000000000
 -23626.0000000000    0.0000000000    0.0000000000
 -23624.5000000000    0.0000000000    0.0000000000
 -23623.0000000000    0.0000000000    0.0000000000
 -23621.5000000000    0.0000000000    0.0000000000
 -23620.0000000000    0.0000000000    0.0000000000
 -23618.5000000000    0.0000000000    0.0000000000
 -23617.0000000000    0.0000000000    0.0000000000
 -23615.5000000000    0.0000000000    0.0000000000
 -23614.0000000000    0.0000000000    0.0000000000
 -23612.5000000000    0.0000000000    0.0000000000
 -23611.0000000000    0.0000000000    0.0000000000
 -23609.5000000000    0.0000000000    0.0000000000
 -23608.0000000000    0.0000000000    0.0000000000
 -23606.5000000000    0.0000000000    0.0000000000
 -23605.0000000000    0.0000000000    0.0000000000
 -23603.5000000000    0.0000000000    0.0000000000
 -23602.0000000000    0.0000000000    0.0000000000
 -23600.5000000000    0.0000000000    0.0000000000
 -23599.0000000000    0.0000000000    0.0000000000
 -23597.5000000000    0.0000000000    0.0000000000
 -23596.0000000000    0.0000000000    0.0000000000
 -23594.5000000000    0.0000000000    0.0000000000
 -23593.0000000000    0.0000000000    0.0000000000
 -23591.5000000000    0.0000000000    0.0000000000
 -23590.0000000000    0.0000000000    0.0000000000
 -23588.5000000000    0.0000000000    0.0000000000
 -23587.0000000000    0.0000000000    0.0000000000
 -23585.5000000000    0.0000000000    0.0000000000
 -23584.0000000000    0.0000000000    0.0000000000
 -23582.5000000000    0.0000000000    0.0000000000
 -23581.0000000000    0.0000000000    0.0000000000
 -23579.5000000000    0.0000000000    0.0000000000
 -23578.0000000000    0.0000000000    0.0000000000
 -23576.5000000000    0.0000000000    0.0000000000
 -23575.0000000000    0.0000000000    0.0000000000
 -23573.5000000000    0.0000000000    0.0000000000
 -23572.0000000000    0.0000000000    0.0000000000
 -23570.5000000000    0.0000000000    0.0000000000
 -23569.0000000000    0.0000000000    0.0000000000
 -23567.5000000000    0.0000000000    0.0000000000
 -23566.0000000000    0.0000000000    0.0000000000
 -23564.5000000000    0.0000000000    0.0000000000
 -23563.0000000000    0.0000000000    0.0000000000
 -23561.5000000000    0.0000000000    0.0000000000
 -23560.0000000000    0.0000000000    0.0000000000
 -23558.5000000000    0.0000000000    0.0000000000
 -23557.0000000000    0.0000000000    0.0000000000
 -23555.5000000000    0.0000000000    0.0000000000
 -23554.0000000000    0.0000000000    0.0000000000
 -23552.5000000000    0.0000000000    0.0000000000
 -23551.0000000000    0.0000000000    0.0000000000
 -23549.5000000000    0.0000000000    0.0000000000
 -23548.0000000000    0.0000000000    0.0000000000
 -23546.5000000000    0.0000000000    0.0000000000
 -23545.0000000000    0.0000000000    0.0000000000
 -23543.5000000000    0.0000000000    0.0000000000
 -23542.0000000000    0.0000000000    0.0000000000
 -23540.5000000000    0.0000000000    0.0000000000
 -23539.0000000000    0.0000000000    0.0000000000
 -23537.5000000000    0.0000000000    0.0000000000
 -23536.0000000000    0.0000000000    0.0000000000
 -23534.5000000000    0.0000000000    0.0000000000
 -23533.0000000000    0.0000000000    0.0000000000
 -23531.5000000000    0.0000000000    0.0000000000
 -23530.0000000000    0.0000000000    0.0000000000
 -23528.5000000000    0.0000000000    0.0000000000
 -23527.0000000000    0.0000000000    0.0000000000
 -23525.5000000000    0.0000000000    0.0000000000
 -23524.0000000000    0.0000000000    0.0000000000
 -23522.5000000000    0.0000000000    0.0000000000
 -23521.0000000000    0.0000000000    0.0000000000
 -23519.5000000000    0.0000000000    0.0000000000
 -23518.0000000000    0.0000000000    0.0000000000
 -23516.5000000000    0.0000000000    0.0000000000
 -23515.0000000000    0.0000000000    0.0000000000
 -23513.5000000000    0.0000000000    0.0000000000
 -23512.0000000000    0.0000000000    0.0000000000
 -23510.5000000000    0.0000000000    0.0000000000
 -23509.0000000000    0.0000000000    0.0000000000
 -23507.5000000000    0.0000000000    0.0000000000
 -23506.0000000000    0.0000000000    0.0000000000
 -23504.5000000000    0.0000000000    0.0000000000
 -23503.0000000000    0.0000000000    0.0000000000
 -23501.5000000000    0.0000000000    0.0000000000
 -23500.0000000000    0.0000000000    0.0000000000
