#! FIELDS energy ff dff_energy
#! SET normalisation     1.0000000000
#! SET min_energy -25000
#! SET max_energy -23500
#! SET nbins_energy  1000
#! SET periodic_energy false
 -25000.0000000000             inf    0.0000000000
 -24998.5000000000             inf    0.0000000000
 -24997.0000000000             inf    0.0000000000
 -24995.5000000000             inf    0.0000000000
 -24994.0000000000             inf    0.0000000000
 -24992.5000000000             inf    0.0000000000
 -24991.0000000000             inf    0.0000000000
 -24989.5000000000             inf    0.0000000000
 -24988.0000000000             inf    0.0000000000
 -24986.5000000000             inf    0.0000000000
 -24985.0000000000             inf    0.0000000000
 -24983.5000000000   87.9837002325   -0.5963070957
 -24982.0000000000   87.0967226048   -0.5863297412
 -24980.5000000000   86.2247110089   -0.5763523867
 -24979.0000000000   85.3676654448   -0.5663750322
 -24977.5000000000   84.5255859125   -0.5563976776
 -24976.0000000000   83.6984724119   -0.5464203231
 -24974.5000000000   82.8863249431   -0.5364429686
 -24973.0000000000   82.0891435061   -0.5264656141
 -24971.5000000000   81.3069281009   -0.5164882596
 -24970.0000000000   80.5396787274   -0.5065109050
 -24968.5000000000   79.7873953858   -0.4965335505
 -24967.0000000000   79.0500780759   -0.4865561960
 -24965.5000000000   77.9272246613   -0.4874413734
 -24964.0000000000   77.2032261923   -0.4778923948
 -24962.5000000000   76.2431281533   -0.4758794902
 -24961.0000000000   75.3197103044   -0.4730925691
 -24959.5000000000   74.6167840076   -0.4641475000
 -24958.0000000000   73.9272527564   -0.4552325250
 -24956.5000000000   73.2510713510   -0.4463477111
 -24955.0000000000   72.5881945419   -0.4374930573
 -24953.5000000000   71.9385771338   -0.4286684915
 -24952.0000000000   71.2279195344   -0.4230001379
 -24950.5000000000   70.5275294019   -0.4174392076
 -24949.0000000000   69.9076629183   -0.4090566428
 -24947.5000000000   69.3003379429   -0.4007171348
 -24946.0000000000   68.7054902018   -0.3924202462
 -24944.5000000000   68.0820776999   -0.3861717427
 -24943.0000000000   67.4448225222   -0.3813803042
 -24941.5000000000   66.8273542844   -0.3763070239
 -24940.0000000000   66.2449380818   -0.3700289931
 -24938.5000000000   65.6954495641   -0.3626341890
 -24937.0000000000   65.1211635979   -0.3573584435
 -24935.5000000000   64.5604159593   -0.3520278833
 -24934.0000000000   64.0088943692   -0.3468380836
 -24932.5000000000   63.4703048269   -0.3415960031
 -24931.0000000000   62.9530912891   -0.3357380682
 -24929.5000000000   62.4451153679   -0.3299921281
 -24928.0000000000   61.9291285390   -0.3254555040
 -24926.5000000000   61.4371796296   -0.3200273727
 -24925.0000000000   60.9364349082   -0.3158976752
 -24923.5000000000   60.4484825136   -0.3115504938
 -24922.0000000000   59.9692183560   -0.3072685587
 -24920.5000000000   59.4938989755   -0.3033645851
 -24919.0000000000   59.0181263308   -0.3001230680
 -24917.5000000000   58.5601149136   -0.2962093481
 -24916.0000000000   58.1023834531   -0.2928701011
 -24914.5000000000   57.6487994963   -0.2898043993
 -24913.0000000000   57.1989028472   -0.2870153969
 -24911.5000000000   56.7637045821   -0.2836452560
 -24910.0000000000   56.3322626202   -0.2805070302
 -24908.5000000000   55.9009973088   -0.2778526089
 -24907.0000000000   55.4776508876   -0.2750469281
 -24905.5000000000   55.0545817906   -0.2726673989
 -24904.0000000000   54.6394675960   -0.2700934208
 -24902.5000000000   54.2353342238   -0.2670612483
 -24901.0000000000   53.8275137481   -0.2647174988
 -24899.5000000000   53.4216534975   -0.2625847846
 -24898.0000000000   53.0172815879   -0.2606852779
 -24896.5000000000   52.6212636625   -0.2584413202
 -24895.0000000000   52.2263320281   -0.2564259073
 -24893.5000000000   51.8354204063   -0.2543898083
 -24892.0000000000   51.4496670830   -0.2522251868
 -24890.5000000000   51.0641215969   -0.2503323052
 -24889.0000000000   50.6877950591   -0.2479484278
 -24887.5000000000   50.3132121055   -0.2456965610
 -24886.0000000000   49.9414806683   -0.2434773230
 -24884.5000000000   49.5750045918   -0.2410850862
 -24883.0000000000   49.2106304856   -0.2387843285
 -24881.5000000000   48.8494315934   -0.2364843365
 -24880.0000000000   48.4921850959   -0.2341192403
 -24878.5000000000   48.1393597306   -0.2316489250
 -24877.0000000000   47.7914485788   -0.2290364887
 -24875.5000000000   47.4474322928   -0.2263774294
 -24874.0000000000   47.1067381557   -0.2237296804
 -24872.5000000000   46.7707694913   -0.2209742613
 -24871.0000000000   46.4371794169   -0.2183313028
 -24869.5000000000   46.1089434581   -0.2155362707
 -24868.0000000000   45.7822850787   -0.2129456993
 -24866.5000000000   45.4620293263   -0.2101211340
 -24865.0000000000   45.1466730207   -0.2072111952
 -24863.5000000000   44.8357644441   -0.2042676473
 -24862.0000000000   44.5298422361   -0.2012480456
 -24860.5000000000   44.2284201161   -0.1982079392
 -24859.0000000000   43.9318780995   -0.1951179306
 -24857.5000000000   43.6406254316   -0.1919470165
 -24856.0000000000   43.3532751346   -0.1888378912
 -24854.5000000000   43.0710735563   -0.1856746975
 -24853.0000000000   42.7938960920   -0.1824762186
 -24851.5000000000   42.5206217362   -0.1793593690
 -24850.0000000000   42.2520028050   -0.1762544321
 -24848.5000000000   41.9888840969   -0.1730779008
 -24847.0000000000   41.7301289047   -0.1699506785
 -24845.5000000000   41.4763316557   -0.1668136876
 -24844.0000000000   41.2269541944   -0.1637242908
 -24842.5000000000   40.9820592154   -0.1606767505
 -24841.0000000000   40.7418305256   -0.1576520181
 -24839.5000000000   40.5064362225   -0.1546312282
 -24838.0000000000   40.2755094655   -0.1516517720
 -24836.5000000000   40.0486889231   -0.1487499060
 -24835.0000000000   39.8266722483   -0.1458471128
 -24833.5000000000   39.6090082806   -0.1429886899
 -24832.0000000000   39.3954619195   -0.1401954104
 -24830.5000000000   39.1862583193   -0.1374373638
 -24829.0000000000   38.9808876453   -0.1347639751
 -24827.5000000000   38.7797260986   -0.1321271454
 -24826.0000000000   38.5825417185   -0.1295449424
 -24824.5000000000   38.3888986943   -0.1270584854
 -24823.0000000000   38.1992076851   -0.1246121626
 -24821.5000000000   38.0130428643   -0.1222450031
 -24820.0000000000   37.8305860836   -0.1199264026
 -24818.5000000000   37.6513394939   -0.1177028188
 -24817.0000000000   37.4754267540   -0.1155490400
 -24815.5000000000   37.3026309907   -0.1134784242
 -24814.0000000000   37.1331132347   -0.1114605153
 -24812.5000000000   36.9663012671   -0.1095495312
 -24811.0000000000   36.8025006746   -0.1076967918
 -24809.5000000000   36.6415006427   -0.1059140954
 -24808.0000000000   36.4831427837   -0.1042068050
 -24806.5000000000   36.3271928429   -0.1025887484
 -24805.0000000000   36.1738887639   -0.1010225921
 -24803.5000000000   36.0227478975   -0.0995405027
 -24802.0000000000   35.8734618469   -0.0981713805
 -24800.5000000000   35.7264056260   -0.0968551677
 -24799.0000000000   35.5814288352   -0.0955953813
 -24797.5000000000   35.4381124508   -0.0944278037
 -24796.0000000000   35.2967661600   -0.0933000172
 -24794.5000000000   35.1570438201   -0.0922395504
 -24793.0000000000   35.0187268363   -0.0912583500
 -24791.5000000000   34.8819035766   -0.0903309407
 -24790.0000000000   34.7464967067   -0.0894528239
 -24788.5000000000   34.6125033746   -0.0886104473
 -24787.0000000000   34.4793943488   -0.0878586088
 -24785.5000000000   34.3475290242   -0.0871325514
 -24784.0000000000   34.2167191908   -0.0864507084
 -24782.5000000000   34.0870344747   -0.0857884342
 -24781.0000000000   33.9581664414   -0.0851704025
 -24779.5000000000   33.8303281004   -0.0845638395
 -24778.0000000000   33.7034259910   -0.0839711554
 -24776.5000000000   33.5773749505   -0.0833945090
 -24775.0000000000   33.4522167827   -0.0828216642
 -24773.5000000000   33.3279721385   -0.0822465154
 -24772.0000000000   33.2045383013   -0.0816733238
 -24770.5000000000   33.0820494594   -0.0810800297
 -24769.0000000000   32.9604667803   -0.0804718460
 -24767.5000000000   32.8398283941   -0.0798424623
 -24766.0000000000   32.7202221346   -0.0791829107
 -24764.5000000000   32.6015621854   -0.0785046574
 -24763.0000000000   32.4839880687   -0.0777899730
 -24761.5000000000   32.3674948219   -0.0770403783
 -24760.0000000000   32.2522114174   -0.0762449496
 -24758.5000000000   32.1380873048   -0.0754212847
 -24757.0000000000   32.0253545950   -0.0745417167
 -24755.5000000000   31.9139282284   -0.0736235139
 -24754.0000000000   31.8038645154   -0.0726676799
 -24752.5000000000   31.6952167242   -0.0716735154
 -24751.0000000000   31.5882271730   -0.0706208363
 -24749.5000000000   31.4827646865   -0.0695382209
 -24748.0000000000   31.3789978382   -0.0684063861
 -24746.5000000000   31.2770391003   -0.0672292975
 -24745.0000000000   31.1768398971   -0.0660143554
 -24743.5000000000   31.0784459887   -0.0647675997
 -24742.0000000000   30.9820062485   -0.0634805227
 -24740.5000000000   30.8875711993   -0.0621565879
 -24739.0000000000   30.7951166657   -0.0608000371
 -24737.5000000000   30.7047311207   -0.0594158718
 -24736.0000000000   30.6164407012   -0.0580069540
 -24734.5000000000   30.5302841160   -0.0565753491
 -24733.0000000000   30.4462971918   -0.0551167764
 -24731.5000000000   30.3645260737   -0.0536398115
 -24730.0000000000   30.2849502534   -0.0521554920
 -24728.5000000000   30.2076728403   -0.0506481796
 -24727.0000000000   30.1326876361   -0.0491308532
 -24725.5000000000   30.0599429288   -0.0476085551
 -24724.0000000000   29.9894383165   -0.0460821064
 -24722.5000000000   29.9212906210   -0.0445539930
 -24721.0000000000   29.8554761607   -0.0430225510
 -24719.5000000000   29.7919225338   -0.0415009446
 -24718.0000000000   29.7306657122   -0.0399768264
 -24716.5000000000   29.6716847399   -0.0384633358
 -24715.0000000000   29.6149768456   -0.0369586597
 -24713.5000000000   29.5604848737   -0.0354685263
 -24712.0000000000   29.5082069677   -0.0340011436
 -24710.5000000000   29.4581597415   -0.0325363249
 -24709.0000000000   29.4102527903   -0.0311006287
 -24707.5000000000   29.3645249919   -0.0296838564
 -24706.0000000000   29.3208905976   -0.0282905428
 -24704.5000000000   29.2793712681   -0.0269208705
 -24703.0000000000   29.2398310093   -0.0255879935
 -24701.5000000000   29.2023062052   -0.0242807458
 -24700.0000000000   29.1666877471   -0.0230073953
 -24698.5000000000   29.1329779489   -0.0217628374
 -24697.0000000000   29.1011035044   -0.0205556695
 -24695.5000000000   29.0710451455   -0.0193851513
 -24694.0000000000   29.0427113839   -0.0182514877
 -24692.5000000000   29.0160089502   -0.0171715977
 -24691.0000000000   28.9908995768   -0.0161273839
 -24689.5000000000   28.9674482207   -0.0151239403
 -24688.0000000000   28.9453809525   -0.0141627342
 -24686.5000000000   28.9247588090   -0.0132378002
 -24685.0000000000   28.9054968135   -0.0123566454
 -24683.5000000000   28.8874936706   -0.0115208012
 -24682.0000000000   28.8706781080   -0.0107360038
 -24680.5000000000   28.8549759816   -0.0099985238
 -24679.0000000000   28.8403738175   -0.0092988817
 -24677.5000000000   28.8267954799   -0.0086514247
 -24676.0000000000   28.8141448765   -0.0080459723
 -24674.5000000000   28.8024460475   -0.0074717976
 -24673.0000000000   28.7915774656   -0.0069477557
 -24671.5000000000   28.7814810823   -0.0064639340
 -24670.0000000000   28.7720078105   -0.0060170871
 -24668.5000000000   28.7631598072   -0.0056178845
 -24667.0000000000   28.7549403719   -0.0052453195
 -24665.5000000000   28.7472579460   -0.0049112527
 -24664.0000000000   28.7400331624   -0.0046154109
 -24662.5000000000   28.7332371179   -0.0043500974
 -24661.0000000000   28.7268298899   -0.0041082780
 -24659.5000000000   28.7208033526   -0.0038897952
 -24658.0000000000   28.7150771839   -0.0037040725
 -24656.5000000000   28.7095468659   -0.0035421282
 -24655.0000000000   28.7042801809   -0.0033986324
 -24653.5000000000   28.6992078468   -0.0032797849
 -24652.0000000000   28.6943095029   -0.0031759260
 -24650.5000000000   28.6895811661   -0.0030897455
 -24649.0000000000   28.6849442132   -0.0030175386
 -24647.5000000000   28.6803908415   -0.0029589542
 -24646.0000000000   28.6759198668   -0.0029213233
 -24644.5000000000   28.6715222378   -0.0028834504
 -24643.0000000000   28.6672328909   -0.0028490358
 -24641.5000000000   28.6629234558   -0.0028244257
 -24640.0000000000   28.6586769860   -0.0028083623
 -24638.5000000000   28.6545245049   -0.0027853142
 -24637.0000000000   28.6503292687   -0.0027759005
 -24635.5000000000   28.6461375527   -0.0027628297
 -24634.0000000000   28.6419925830   -0.0027569680
 -24632.5000000000   28.6378852053   -0.0027397579
 -24631.0000000000   28.6337602434   -0.0027252422
 -24629.5000000000   28.6296588446   -0.0027102235
 -24628.0000000000   28.6256283652   -0.0026919476
 -24626.5000000000   28.6215598684   -0.0026681840
 -24625.0000000000   28.6175295476   -0.0026486391
 -24623.5000000000   28.6136347136   -0.0026303479
 -24622.0000000000   28.6097436407   -0.0026013025
 -24620.5000000000   28.6058783593   -0.0025648306
 -24619.0000000000   28.6020902960   -0.0025341360
 -24617.5000000000   28.5982935775   -0.0024945752
 -24616.0000000000   28.5945800007   -0.0024535643
 -24614.5000000000   28.5909530527   -0.0024190268
 -24613.0000000000   28.5873871862   -0.0023786957
 -24611.5000000000   28.5838251416   -0.0023439683
 -24610.0000000000   28.5803305906   -0.0022987042
 -24608.5000000000   28.5769526264   -0.0022735396
 -24607.0000000000   28.5735946695   -0.0022404273
 -24605.5000000000   28.5702978468   -0.0022103240
 -24604.0000000000   28.5670062236   -0.0021779784
 -24602.5000000000   28.5638328485   -0.0021501814
 -24601.0000000000   28.5606776921   -0.0021186093
 -24599.5000000000   28.5575642395   -0.0020876183
 -24598.0000000000   28.5544985076   -0.0020597290
 -24596.5000000000   28.5514312273   -0.0020383914
 -24595.0000000000   28.5484353283   -0.0020093858
 -24593.5000000000   28.5454603842   -0.0019896439
 -24592.0000000000   28.5425352149   -0.0019599835
 -24590.5000000000   28.5396173110   -0.0019371608
 -24589.0000000000   28.5367064284   -0.0019153368
 -24587.5000000000   28.5338481634   -0.0018867907
 -24586.0000000000   28.5310667340   -0.0018607826
 -24584.5000000000   28.5283165696   -0.0018297078
 -24583.0000000000   28.5256115361   -0.0017990773
 -24581.5000000000   28.5229298054   -0.0017632456
 -24580.0000000000   28.5203380485   -0.0017302907
 -24578.5000000000   28.5177661520   -0.0016849955
 -24577.0000000000   28.5152813274   -0.0016422899
 -24575.5000000000   28.5128755125   -0.0016030704
 -24574.0000000000   28.5105693897   -0.0015622951
 -24572.5000000000   28.5082433486   -0.0015132243
 -24571.0000000000   28.5060861611   -0.0014636660
 -24569.5000000000   28.5039657356   -0.0014109255
 -24568.0000000000   28.5018648326   -0.0013585254
 -24566.5000000000   28.4998708099   -0.0013088724
 -24565.0000000000   28.4980204616   -0.0012595530
 -24563.5000000000   28.4961567751   -0.0012147216
 -24562.0000000000   28.4943887791   -0.0011637888
 -24560.5000000000   28.4926785665   -0.0011233445
 -24559.0000000000   28.4910194874   -0.0010884113
 -24557.5000000000   28.4894034465   -0.0010630540
 -24556.0000000000   28.4878688786   -0.0010384309
 -24554.5000000000   28.4863733679   -0.0010172285
 -24553.0000000000   28.4848388885   -0.0010106874
 -24551.5000000000   28.4833908086   -0.0010127660
 -24550.0000000000   28.4818254263   -0.0010253730
 -24548.5000000000   28.4802559940   -0.0010449816
 -24547.0000000000   28.4786839366   -0.0010791838
 -24545.5000000000   28.4770470563   -0.0011299382
 -24544.0000000000   28.4753454640   -0.0011844004
 -24542.5000000000   28.4735067600   -0.0012495339
 -24541.0000000000   28.4715923893   -0.0013337440
 -24539.5000000000   28.4695230240   -0.0014256758
 -24538.0000000000   28.4673029611   -0.0015326618
 -24536.5000000000   28.4649506190   -0.0016443791
 -24535.0000000000   28.4624178755   -0.0017729364
 -24533.5000000000   28.4597266836   -0.0019112776
 -24532.0000000000   28.4567449345   -0.0020527069
 -24530.5000000000   28.4536316099   -0.0022047681
 -24529.0000000000   28.4502268287   -0.0023613406
 -24527.5000000000   28.4465912613   -0.0025249979
 -24526.0000000000   28.4427145148   -0.0026822830
 -24524.5000000000   28.4385952356   -0.0028593779
 -24523.0000000000   28.4342206247   -0.0030261729
 -24521.5000000000   28.4296067056   -0.0031952783
 -24520.0000000000   28.4247323563   -0.0033566945
 -24518.5000000000   28.4195730963   -0.0035209519
 -24517.0000000000   28.4142245439   -0.0036684785
 -24515.5000000000   28.4086306609   -0.0038126912
 -24514.0000000000   28.4028974102   -0.0039533576
 -24512.5000000000   28.3969158887   -0.0040831061
 -24511.0000000000   28.3907178829   -0.0041860820
 -24509.5000000000   28.3844148515   -0.0042838327
 -24508.0000000000   28.3779252479   -0.0043616734
 -24506.5000000000   28.3713323761   -0.0044220565
 -24505.0000000000   28.3646722787   -0.0044698201
 -24503.5000000000   28.3580285090   -0.0044972483
 -24502.0000000000   28.3513547007   -0.0045093051
 -24500.5000000000   28.3446372808   -0.0044929978
 -24499.0000000000   28.3379748613   -0.0044600842
 -24497.5000000000   28.3313979201   -0.0044016798
 -24496.0000000000   28.3248420852   -0.0043092719
 -24494.5000000000   28.3184621502   -0.0042009530
 -24493.0000000000   28.3122597027   -0.0040681535
 -24491.5000000000   28.3063327227   -0.0039140949
 -24490.0000000000   28.3006720687   -0.0037431394
 -24488.5000000000   28.2952257127   -0.0035394989
 -24487.0000000000   28.2901278621   -0.0033138345
 -24485.5000000000   28.2853969752   -0.0030709580
 -24484.0000000000   28.2810403525   -0.0028072785
 -24482.5000000000   28.2770796169   -0.0025159964
 -24481.0000000000   28.2735210829   -0.0022035104
 -24479.5000000000   28.2704931699   -0.0018758901
 -24478.0000000000   28.2679939010   -0.0015371029
 -24476.5000000000   28.2660127363   -0.0011735419
 -24475.0000000000   28.2645721063   -0.0008040287
 -24473.5000000000   28.2636765388   -0.0004198618
 -24472.0000000000   28.2633582498   -0.0000227061
 -24470.5000000000   28.2636538491    0.0003794806
 -24469.0000000000   28.2645585173    0.0007850857
 -24467.5000000000   28.2661744619    0.0011998217
 -24466.0000000000   28.2683198054    0.0016175694
 -24464.5000000000   28.2710534752    0.0020423957
 -24463.0000000000   28.2744804256    0.0024574162
 -24461.5000000000   28.2785072746    0.0028639763
 -24460.0000000000   28.2831052872    0.0032769812
 -24458.5000000000   28.2883659022    0.0036634196
 -24457.0000000000   28.2942146717    0.0040428960
 -24455.5000000000   28.3006142376    0.0044033874
 -24454.0000000000   28.3074872391    0.0047519262
 -24452.5000000000   28.3149026397    0.0050728964
 -24451.0000000000   28.3228163722    0.0053755801
 -24449.5000000000   28.3311247906    0.0056557351
 -24448.0000000000   28.3398246847    0.0059015891
 -24446.5000000000   28.3489077803    0.0061156230
 -24445.0000000000   28.3582868858    0.0063117758
 -24443.5000000000   28.3678645847    0.0064682284
 -24442.0000000000   28.3776638470    0.0065937833
 -24440.5000000000   28.3876786916    0.0066881637
 -24439.0000000000   28.3977820878    0.0067421315
 -24437.5000000000   28.4079399330    0.0067662858
 -24436.0000000000   28.4181274044    0.0067548813
 -24434.5000000000   28.4282674543    0.0067157707
 -24433.0000000000   28.4383654252    0.0066354519
 -24431.5000000000   28.4482497781    0.0065283963
 -24430.0000000000   28.4580043541    0.0063871802
 -24428.5000000000   28.4675103370    0.0062214773
 -24427.0000000000   28.4767404682    0.0060305012
 -24425.5000000000   28.4856920073    0.0058156605
 -24424.0000000000   28.4942987464    0.0055867463
 -24422.5000000000   28.5025240820    0.0053371561
 -24421.0000000000   28.5103475845    0.0050700882
 -24419.5000000000   28.5177851371    0.0047907898
 -24418.0000000000   28.5247878929    0.0044899173
 -24416.5000000000   28.5312789848    0.0041889341
 -24415.0000000000   28.5373461960    0.0038746652
 -24413.5000000000   28.5429392606    0.0035714531
 -24412.0000000000   28.5481520688    0.0032659262
 -24410.5000000000   28.5529318935    0.0029641330
 -24409.0000000000   28.5572165330    0.0026705486
 -24407.5000000000   28.5610392173    0.0023829324
 -24406.0000000000   28.5644605431    0.0021079322
 -24404.5000000000   28.5675166026    0.0018483948
 -24403.0000000000   28.5701776747    0.0015997443
 -24401.5000000000   28.5724385731    0.0013585571
 -24400.0000000000   28.5743426692    0.0011369368
 -24398.5000000000   28.5759395630    0.0009279781
 -24397.0000000000   28.5772639089    0.0007350048
 -24395.5000000000   28.5782684227    0.0005555194
 -24394.0000000000   28.5790912556    0.0003947384
 -24392.5000000000   28.5796212463    0.0002557230
 -24391.0000000000   28.5799648079    0.0001285503
 -24389.5000000000   28.5801578651    0.0000097806
 -24388.0000000000   28.5801440025   -0.0000966246
 -24386.5000000000   28.5799222507   -0.0001862492
 -24385.0000000000   28.5796525028   -0.0002717465
 -24383.5000000000   28.5792469616   -0.0003325045
 -24382.0000000000   28.5787523603   -0.0003914253
 -24380.5000000000   28.5781887409   -0.0004403832
 -24379.0000000000   28.5775684200   -0.0004820393
 -24377.5000000000   28.5768712371   -0.0005032149
 -24376.0000000000   28.5761270673   -0.0005176318
 -24374.5000000000   28.5754010176   -0.0005358747
 -24373.0000000000   28.5746256602   -0.0005341940
 -24371.5000000000   28.5739157205   -0.0005370205
 -24370.0000000000   28.5731827791   -0.0005250972
 -24368.5000000000   28.5724552722   -0.0005062428
 -24367.0000000000   28.5717936033   -0.0004825004
 -24365.5000000000   28.5710996856   -0.0004511662
 -24364.0000000000   28.5705065562   -0.0004139856
 -24362.5000000000   28.5699678271   -0.0003724740
 -24361.0000000000   28.5694823612   -0.0003279955
 -24359.5000000000   28.5690861399   -0.0002782623
 -24358.0000000000   28.5687486742   -0.0002137141
 -24356.5000000000   28.5685655090   -0.0001467315
 -24355.0000000000   28.5684434200   -0.0000739282
 -24353.5000000000   28.5684347513   -0.0000045560
 -24352.0000000000   28.5685220530    0.0000772465
 -24350.5000000000   28.5687367091    0.0001537625
 -24349.0000000000   28.5690597071    0.0002306718
 -24347.5000000000   28.5694843577    0.0003155078
 -24346.0000000000   28.5701182891    0.0003919367
 -24344.5000000000   28.5708161314    0.0004741462
 -24343.0000000000   28.5715897318    0.0005439765
 -24341.5000000000   28.5724240827    0.0006067699
 -24340.0000000000   28.5734784220    0.0006662959
 -24338.5000000000   28.5745039816    0.0007223837
 -24337.0000000000   28.5756357673    0.0007643777
 -24335.5000000000   28.5768262623    0.0008005384
 -24334.0000000000   28.5780816538    0.0008175507
 -24332.5000000000   28.5793558306    0.0008328017
 -24331.0000000000   28.5806108897    0.0008264698
 -24329.5000000000   28.5818716894    0.0008049996
 -24328.0000000000   28.5831309818    0.0007760222
 -24326.5000000000   28.5843036344    0.0007256080
 -24325.0000000000   28.5853585793    0.0006666210
 -24323.5000000000   28.5863377295    0.0005875737
 -24322.0000000000   28.5871817017    0.0004935602
 -24320.5000000000   28.5879134547    0.0003869078
 -24319.0000000000   28.5884211789    0.0002658479
 -24317.5000000000   28.5887457276    0.0001308534
 -24316.0000000000   28.5889243399   -0.0000088756
 -24314.5000000000   28.5888739885   -0.0001579067
 -24313.0000000000   28.5885505810   -0.0003109587
 -24311.5000000000   28.5880077330   -0.0004710941
 -24310.0000000000   28.5872060861   -0.0006369623
 -24308.5000000000   28.5861550957   -0.0007992491
 -24307.0000000000   28.5848614655   -0.0009653427
 -24305.5000000000   28.5833414718   -0.0011266355
 -24304.0000000000   28.5815991046   -0.0012744713
 -24302.5000000000   28.5796294579   -0.0014196909
 -24301.0000000000   28.5774104126   -0.0015521535
 -24299.5000000000   28.5750458360   -0.0016694335
 -24298.0000000000   28.5724944100   -0.0017658167
 -24296.5000000000   28.5698294961   -0.0018559177
 -24295.0000000000   28.5670395615   -0.0019271573
 -24293.5000000000   28.5641358427   -0.0019806335
 -24292.0000000000   28.5611935761   -0.0020105345
 -24290.5000000000   28.5582541017   -0.0020194808
 -24289.0000000000   28.5552275759   -0.0019974349
 -24287.5000000000   28.5523012754   -0.0019643024
 -24286.0000000000   28.5494473454   -0.0019048467
 -24284.5000000000   28.5466781154   -0.0018233252
 -24283.0000000000   28.5440455534   -0.0017285071
 -24281.5000000000   28.5415770736   -0.0016015842
 -24280.0000000000   28.5393326888   -0.0014614809
 -24278.5000000000   28.5372610148   -0.0012998244
 -24277.0000000000   28.5354737681   -0.0011258774
 -24275.5000000000   28.5339748526   -0.0009362409
 -24274.0000000000   28.5327672315   -0.0007328739
 -24272.5000000000   28.5318275415   -0.0005159142
 -24271.0000000000   28.5312190097   -0.0002924992
 -24269.5000000000   28.5310168191   -0.0000616950
 -24268.0000000000   28.5311615359    0.0001797160
 -24266.5000000000   28.5316375758    0.0004326609
 -24265.0000000000   28.5325710519    0.0006780411
 -24263.5000000000   28.5338543235    0.0009284777
 -24262.0000000000   28.5354534922    0.0011818538
 -24260.5000000000   28.5374764219    0.0014289228
 -24259.0000000000   28.5398388841    0.0016703076
 -24257.5000000000   28.5425653512    0.0019067285
 -24256.0000000000   28.5456142933    0.0021360684
 -24254.5000000000   28.5490092507    0.0023534925
 -24253.0000000000   28.5527492035    0.0025529667
 -24251.5000000000   28.5568076918    0.0027476485
 -24250.0000000000   28.5611191606    0.0029228331
 -24248.5000000000   28.5656559091    0.0030779873
 -24247.0000000000   28.5704245050    0.0032189428
 -24245.5000000000   28.5753343820    0.0033378446
 -24244.0000000000   28.5804367714    0.0034331670
 -24242.5000000000   28.5857046528    0.0035087329
 -24241.0000000000   28.5910642496    0.0035660724
 -24239.5000000000   28.5965373322    0.0035954205
 -24238.0000000000   28.6020148414    0.0035993801
 -24236.5000000000   28.6075049490    0.0035845311
 -24235.0000000000   28.6129186121    0.0035565295
 -24233.5000000000   28.6182527652    0.0035148812
 -24232.0000000000   28.6234842133    0.0034516693
 -24230.5000000000   28.6286085363    0.0033658290
 -24229.0000000000   28.6336783017    0.0032681221
 -24227.5000000000   28.6385285981    0.0031567087
 -24226.0000000000   28.6431646683    0.0030388808
 -24224.5000000000   28.6476282405    0.0029080299
 -24223.0000000000   28.6519655254    0.0027675105
 -24221.5000000000   28.6560948109    0.0026276544
 -24220.0000000000   28.6599935423    0.0024855018
 -24218.5000000000   28.6636628999    0.0023465137
 -24217.0000000000   28.6671443508    0.0022044586
 -24215.5000000000   28.6703347608    0.0020716387
 -24214.0000000000   28.6733866328    0.0019485930
 -24212.5000000000   28.6762283520    0.0018280205
 -24211.0000000000   28.6789257454    0.0017205202
 -24209.5000000000   28.6815121718    0.0016219730
 -24208.0000000000   28.6839762103    0.0015368636
 -24206.5000000000   28.6862821915    0.0014651086
 -24205.0000000000   28.6884648348    0.0014153303
 -24203.5000000000   28.6906029853    0.0013727694
 -24202.0000000000   28.6926749531    0.0013474166
 -24200.5000000000   28.6947644281    0.0013431913
 -24199.0000000000   28.6968451782    0.0013609050
 -24197.5000000000   28.6989610599    0.0013887484
 -24196.0000000000   28.7011813031    0.0014306757
 -24194.5000000000   28.7033990225    0.0014864420
 -24193.0000000000   28.7057386678    0.0015552667
 -24191.5000000000   28.7081501538    0.0016333640
 -24190.0000000000   28.7107249087    0.0017243613
 -24188.5000000000   28.7133996196    0.0018214749
 -24187.0000000000   28.7162341791    0.0019139641
 -24185.5000000000   28.7192150274    0.0020212368
 -24184.0000000000   28.7223291788    0.0021235845
 -24182.5000000000   28.7256854656    0.0022339712
 -24181.0000000000   28.7292128716    0.0023493685
 -24179.5000000000   28.7328687521    0.0024635711
 -24178.0000000000   28.7366830871    0.0025796445
 -24176.5000000000   28.7406701713    0.0026854400
 -24175.0000000000   28.7448478618    0.0027826370
 -24173.5000000000   28.7491272429    0.0028754446
 -24172.0000000000   28.7535414658    0.0029535364
 -24170.5000000000   28.7581014134    0.0030268859
 -24169.0000000000   28.7626854666    0.0030837862
 -24167.5000000000   28.7673935996    0.0031403491
 -24166.0000000000   28.7721772770    0.0031817941
 -24164.5000000000   28.7770046698    0.0031923185
 -24163.0000000000   28.7819236204    0.0031950273
 -24161.5000000000   28.7867459810    0.0031960856
 -24160.0000000000   28.7915894250    0.0031704754
 -24158.5000000000   28.7964313857    0.0031372150
 -24157.0000000000   28.8011391407    0.0030846581
 -24155.5000000000   28.8057649038    0.0030131303
 -24154.0000000000   28.8102312699    0.0029307413
 -24152.5000000000   28.8146087744    0.0028245497
 -24151.0000000000   28.8187868969    0.0027025384
 -24149.5000000000   28.8227767106    0.0025787303
 -24148.0000000000   28.8266072667    0.0024302723
 -24146.5000000000   28.8301526596    0.0022644316
 -24145.0000000000   28.8334801892    0.0020885201
 -24143.5000000000   28.8365372211    0.0018994101
 -24142.0000000000   28.8392413011    0.0016970659
 -24140.5000000000   28.8416814904    0.0014782823
 -24139.0000000000   28.8437843699    0.0012480734
 -24137.5000000000   28.8454889676    0.0010212865
 -24136.0000000000   28.8468667598    0.0007831207
 -24134.5000000000   28.8479001658    0.0005365214
 -24133.0000000000   28.8485796570    0.0002909915
 -24131.5000000000   28.8488615197    0.0000334607
 -24130.0000000000   28.8487214526   -0.0002228788
 -24128.5000000000   28.8482600345   -0.0004744634
 -24127.0000000000   28.8473772949   -0.0007244509
 -24125.5000000000   28.8461278487   -0.0009586451
 -24124.0000000000   28.8445918415   -0.0011868449
 -24122.5000000000   28.8427153010   -0.0014076581
 -24121.0000000000   28.8404737496   -0.0016105488
 -24119.5000000000   28.8379100052   -0.0018004221
 -24118.0000000000   28.8351601682   -0.0019709659
 -24116.5000000000   28.8321009043   -0.0021330339
 -24115.0000000000   28.8289126243   -0.0022666729
 -24113.5000000000   28.8254846081   -0.0023771007
 -24112.0000000000   28.8218674922   -0.0024657254
 -24110.5000000000   28.8181836836   -0.0025324155
 -24109.0000000000   28.8143691262   -0.0025839211
 -24107.5000000000   28.8105078365   -0.0026054298
 -24106.0000000000   28.8066345443   -0.0026063166
 -24104.5000000000   28.8028152206   -0.0025881627
 -24103.0000000000   28.7989832380   -0.0025415981
 -24101.5000000000   28.7952446893   -0.0024770730
 -24100.0000000000   28.7916624703   -0.0023921268
 -24098.5000000000   28.7881835276   -0.0022955928
 -24097.0000000000   28.7848840210   -0.0021752182
 -24095.5000000000   28.7817416525   -0.0020462175
 -24094.0000000000   28.7788586783   -0.0019016981
 -24092.5000000000   28.7762030327   -0.0017491324
 -24091.0000000000   28.7737442461   -0.0015830979
 -24089.5000000000   28.7715470372   -0.0014044580
 -24088.0000000000   28.7696220627   -0.0012179285
 -24086.5000000000   28.7679509695   -0.0010320752
 -24085.0000000000   28.7665804779   -0.0008427437
 -24083.5000000000   28.7655095544   -0.0006545969
 -24082.0000000000   28.7646749146   -0.0004678068
 -24080.5000000000   28.7641888337   -0.0002799893
 -24079.0000000000   28.7639348195   -0.0000967190
 -24077.5000000000   28.7639529991    0.0000786079
 -24076.0000000000   28.7642397069    0.0002514037
 -24074.5000000000   28.7647813522    0.0004169970
 -24073.0000000000   28.7655414253    0.0005870634
 -24071.5000000000   28.7665291269    0.0007368868
 -24070.0000000000   28.7677940043    0.0008780973
 -24068.5000000000   28.7692063532    0.0010108008
 -24067.0000000000   28.7709184060    0.0011368476
 -24065.5000000000   28.7727998689    0.0012573196
 -24064.0000000000   28.7747934993    0.0013664268
 -24062.5000000000   28.7770010170    0.0014771103
 -24061.0000000000   28.7793427734    0.0015752877
 -24059.5000000000   28.7818452584    0.0016594257
 -24058.0000000000   28.7843989818    0.0017313016
 -24056.5000000000   28.7870768482    0.0017984132
 -24055.0000000000   28.7898549108    0.0018600685
 -24053.5000000000   28.7927180919    0.0019070449
 -24052.0000000000   28.7956776702    0.0019438195
 -24050.5000000000   28.7986230980    0.0019817947
 -24049.0000000000   28.8016956407    0.0020118402
 -24047.5000000000   28.8047813112    0.0020320021
 -24046.0000000000   28.8078802212    0.0020429300
 -24044.5000000000   28.8109696698    0.0020531079
 -24043.0000000000   28.8140720372    0.0020616599
 -24041.5000000000   28.8171582554    0.0020548396
 -24040.0000000000   28.8202650963    0.0020483893
 -24038.5000000000   28.8233598573    0.0020338269
 -24037.0000000000   28.8264396374    0.0020063010
 -24035.5000000000   28.8294397119    0.0019835119
 -24034.0000000000   28.8324743862    0.0019548986
 -24032.5000000000   28.8354453442    0.0019290540
 -24031.0000000000   28.8383415733    0.0018972867
 -24029.5000000000   28.8411922848    0.0018665499
 -24028.0000000000   28.8440174315    0.0018285952
 -24026.5000000000   28.8468069652    0.0017963049
 -24025.0000000000   28.8495576947    0.0017607435
 -24023.5000000000   28.8522100175    0.0017201975
 -24022.0000000000   28.8547659399    0.0016888936
 -24020.5000000000   28.8573462135    0.0016721128
 -24019.0000000000   28.8598949256    0.0016526487
 -24017.5000000000   28.8623810077    0.0016394939
 -24016.0000000000   28.8648804259    0.0016231023
 -24014.5000000000   28.8673493225    0.0016163314
 -24013.0000000000   28.8698349989    0.0016091988
 -24011.5000000000   28.8723099334    0.0016191866
 -24010.0000000000   28.8748030076    0.0016270217
 -24008.5000000000   28.8773904366    0.0016414013
 -24007.0000000000   28.8799344664    0.0016690291
 -24005.5000000000   28.8825440637    0.0016939848
 -24004.0000000000   28.8851319609    0.0017364254
 -24002.5000000000   28.8877384501    0.0017837581
 -24001.0000000000   28.8905125528    0.0018399214
 -23999.5000000000   28.8933200524    0.0018982558
 -23998.0000000000   28.8962654773    0.0019618441
 -23996.5000000000   28.8992627399    0.0020250091
 -23995.0000000000   28.9023881297    0.0020897606
 -23993.5000000000   28.9056392371    0.0021557827
 -23992.0000000000   28.9089262208    0.0022253983
 -23990.5000000000   28.9123805472    0.0022820139
 -23989.0000000000   28.9158667866    0.0023520998
 -23987.5000000000   28.9194837306    0.0024201258
 -23986.0000000000   28.9232938282    0.0024782821
 -23984.5000000000   28.9271155993    0.0025452239
 -23983.0000000000   28.9310016544    0.0026010527
 -23981.5000000000   28.9349670482    0.0026433675
 -23980.0000000000   28.9389636206    0.0026900874
 -23978.5000000000   28.9431191497    0.0027250726
 -23977.0000000000   28.9473069722    0.0027504839
 -23975.5000000000   28.9514804228    0.0027614038
 -23974.0000000000   28.9556539808    0.0027621986
 -23972.5000000000   28.9598586347    0.0027526355
 -23971.0000000000   28.9639548869    0.0027376891
 -23969.5000000000   28.9681071562    0.0027161899
 -23968.0000000000   28.9722202646    0.0026749684
 -23966.5000000000   28.9762104409    0.0026251395
 -23965.0000000000   28.9801222816    0.0025636656
 -23963.5000000000   28.9839572720    0.0024813384
 -23962.0000000000   28.9875987840    0.0023789469
 -23960.5000000000   28.9911173991    0.0022653723
 -23959.0000000000   28.9944742406    0.0021444839
 -23957.5000000000   28.9976089524    0.0020053050
 -23956.0000000000   29.0005325679    0.0018524850
 -23954.5000000000   29.0032060439    0.0016900316
 -23953.0000000000   29.0056183418    0.0014967841
 -23951.5000000000   29.0078129156    0.0012969353
 -23950.0000000000   29.0096655059    0.0010907286
 -23948.5000000000   29.0111789959    0.0008615484
 -23947.0000000000   29.0123198544    0.0006264703
 -23945.5000000000   29.0130706741    0.0003838509
 -23944.0000000000   29.0134993176    0.0001317263
 -23942.5000000000   29.0135611356   -0.0001283508
 -23941.0000000000   29.0132361005   -0.0003972233
 -23939.5000000000   29.0124226468   -0.0006667986
 -23938.0000000000   29.0113100503   -0.0009447454
 -23936.5000000000   29.0096974283   -0.0012078731
 -23935.0000000000   29.0077099159   -0.0014750285
 -23933.5000000000   29.0053606479   -0.0017408627
 -23932.0000000000   29.0025485800   -0.0020015733
 -23930.5000000000   28.9994083922   -0.0022623445
 -23929.0000000000   28.9958755054   -0.0025033904
 -23927.5000000000   28.9920108827   -0.0027318332
 -23926.0000000000   28.9877581166   -0.0029499448
 -23924.5000000000   28.9832039340   -0.0031548895
 -23923.0000000000   28.9784028238   -0.0033366699
 -23921.5000000000   28.9732879573   -0.0035008977
 -23920.0000000000   28.9679789653   -0.0036560511
 -23918.5000000000   28.9623978584   -0.0037867784
 -23917.0000000000   28.9566993676   -0.0039036383
 -23915.5000000000   28.9507637497   -0.0039987895
 -23914.0000000000   28.9447721044   -0.0040716639
 -23912.5000000000   28.9387111054   -0.0041252571
 -23911.0000000000   28.9325526190   -0.0041561171
 -23909.5000000000   28.9263511299   -0.0041682862
 -23908.0000000000   28.9201344803   -0.0041712638
 -23906.5000000000   28.9139541391   -0.0041507289
 -23905.0000000000   28.9077950027   -0.0041159952
 -23903.5000000000   28.9017635946   -0.0040632227
 -23902.0000000000   28.8957720998   -0.0039860517
 -23900.5000000000   28.8899271025   -0.0038996262
 -23899.0000000000   28.8842333451   -0.0037992764
 -23897.5000000000   28.8787090454   -0.0036782940
 -23896.0000000000   28.8733532217   -0.0035441862
 -23894.5000000000   28.8681747152   -0.0033914240
 -23893.0000000000   28.8632734269   -0.0032357938
 -23891.5000000000   28.8586434954   -0.0030520500
 -23890.0000000000   28.8543134142   -0.0028584493
 -23888.5000000000   28.8502164678   -0.0026389433
 -23887.0000000000   28.8465085815   -0.0023990022
 -23885.5000000000   28.8431903548   -0.0021503353
 -23884.0000000000   28.8402157106   -0.0018709828
 -23882.5000000000   28.8376975876   -0.0015787637
 -23881.0000000000   28.8356131251   -0.0012737383
 -23879.5000000000   28.8340553210   -0.0009552088
 -23878.0000000000   28.8329610940   -0.0006127417
 -23876.5000000000   28.8323919544   -0.0002476262
 -23875.0000000000   28.8324418026    0.0001396314
 -23873.5000000000   28.8330302462    0.0005437683
 -23872.0000000000   28.8342804997    0.0009723323
 -23870.5000000000   28.8361235989    0.0014253136
 -23869.0000000000   28.8387382630    0.0019025375
 -23867.5000000000   28.8420632734    0.0023954824
 -23866.0000000000   28.8461526135    0.0029155143
 -23864.5000000000   28.8510643403    0.0034658984
 -23863.0000000000   28.8568044473    0.0040265569
 -23861.5000000000   28.8633830530    0.0046184559
 -23860.0000000000   28.8708895107    0.0052336076
 -23858.5000000000   28.8793472681    0.0058650983
 -23857.0000000000   28.8887833601    0.0065245994
 -23855.5000000000   28.8991605308    0.0072091139
 -23854.0000000000   28.9105887500    0.0079176628
 -23852.5000000000   28.9231233089    0.0086424314
 -23851.0000000000   28.9367728521    0.0093959315
 -23849.5000000000   28.9515738901    0.0101688712
 -23848.0000000000   28.9675202296    0.0109684123
 -23846.5000000000   28.9847101207    0.0117904778
 -23845.0000000000   29.0031772180    0.0126223915
 -23843.5000000000   29.0229425722    0.0134847794
 -23842.0000000000   29.0439291703    0.0143803722
 -23840.5000000000   29.0662883113    0.0152914633
 -23839.0000000000   29.0900414690    0.0162203969
 -23837.5000000000   29.1152128947    0.0171664029
 -23836.0000000000   29.1418206834    0.0181361742
 -23834.5000000000   29.1699372741    0.0191260920
 -23833.0000000000   29.1994983251    0.0201397243
 -23831.5000000000   29.2306357039    0.0211643456
 -23830.0000000000   29.2632965675    0.0222140047
 -23828.5000000000   29.2975641333    0.0232769844
 -23827.0000000000   29.3334727882    0.0243521782
 -23825.5000000000   29.3709841937    0.0254425245
 -23824.0000000000   29.4101963209    0.0265436115
 -23822.5000000000   29.4509959368    0.0276698394
 -23821.0000000000   29.4935510516    0.0288026316
 -23819.5000000000   29.5377719447    0.0299492902
 -23818.0000000000   29.5837728090    0.0310991930
 -23816.5000000000   29.6315181457    0.0322640827
 -23815.0000000000   29.6809757425    0.0334339205
 -23813.5000000000   29.7322236263    0.0346051191
 -23812.0000000000   29.7852404379    0.0357783758
 -23810.5000000000   29.8400097946    0.0369587617
 -23809.0000000000   29.8965216294    0.0381436041
 -23807.5000000000   29.9547846164    0.0393294587
 -23806.0000000000   30.0148199556    0.0405131553
 -23804.5000000000   30.0766772575    0.0416847407
 -23803.0000000000   30.1403423370    0.0428480598
 -23801.5000000000   30.2057123583    0.0440123975
 -23800.0000000000   30.2727669634    0.0451735056
 -23798.5000000000   30.3415881808    0.0463213517
 -23797.0000000000   30.4121983043    0.0474515320
 -23795.5000000000   30.4845182211    0.0485708468
 -23794.0000000000   30.5584654988    0.0496821883
 -23792.5000000000   30.6341358863    0.0507760656
 -23791.0000000000   30.7113160981    0.0518663105
 -23789.5000000000   30.7901680159    0.0529334250
 -23788.0000000000   30.8706657639    0.0539832130
 -23786.5000000000   30.9526904886    0.0550147049
 -23785.0000000000   31.0362947268    0.0560265361
 -23783.5000000000   31.1214876226    0.0570068824
 -23782.0000000000   31.2080727381    0.0579738516
 -23780.5000000000   31.2960426743    0.0589279871
 -23779.0000000000   31.3854846170    0.0598531413
 -23777.5000000000   31.4762732875    0.0607576293
 -23776.0000000000   31.5683981260    0.0616422165
 -23774.5000000000   31.6619386870    0.0624844418
 -23773.0000000000   31.7566268355    0.0633223144
 -23771.5000000000   31.8525409042    0.0641377018
 -23770.0000000000   31.9497632486    0.0649120765
 -23768.5000000000   32.0481166723    0.0656651029
 -23767.0000000000   32.1476126639    0.0663958621
 -23765.5000000000   32.2481414436    0.0671158698
 -23764.0000000000   32.3497259268    0.0678110266
 -23762.5000000000   32.4523454128    0.0684825602
 -23761.0000000000   32.5560557321    0.0691294605
 -23759.5000000000   32.6606466069    0.0697700756
 -23758.0000000000   32.7662101833    0.0703972884
 -23756.5000000000   32.8727406576    0.0710079827
 -23755.0000000000   32.9801587568    0.0716099282
 -23753.5000000000   33.0885705519    0.0721881946
 -23752.0000000000   33.1978627763    0.0727636615
 -23750.5000000000   33.3079552680    0.0733511441
 -23749.0000000000   33.4189103413    0.0739423478
 -23747.5000000000   33.5308493341    0.0745170491
 -23746.0000000000   33.6436706468    0.0750986536
 -23744.5000000000   33.7572429018    0.0757119835
 -23743.0000000000   33.8718661551    0.0763234982
 -23741.5000000000   33.9874523174    0.0769497634
 -23740.0000000000   34.1040132521    0.0775789701
 -23738.5000000000   34.2215088891    0.0782440314
 -23737.0000000000   34.3401706497    0.0789168056
 -23735.5000000000   34.4596671867    0.0796393670
 -23734.0000000000   34.5802094710    0.0803874598
 -23732.5000000000   34.7019451436    0.0811521589
 -23731.0000000000   34.8248545504    0.0819401962
 -23729.5000000000   34.9492186707    0.0827424717
 -23728.0000000000   35.0746398134    0.0835890799
 -23726.5000000000   35.2014686051    0.0844537550
 -23725.0000000000   35.3294851776    0.0853729719
 -23723.5000000000   35.4589372974    0.0863063948
 -23722.0000000000   35.5898991229    0.0872582757
 -23720.5000000000   35.7223196429    0.0882336439
 -23719.0000000000   35.8561455453    0.0892443060
 -23717.5000000000   35.9916475211    0.0902499129
 -23716.0000000000   36.1286984684    0.0912669297
 -23714.5000000000   36.2674158198    0.0922740401
 -23713.0000000000   36.4073912589    0.0933291582
 -23711.5000000000   36.5490416245    0.0943636458
 -23710.0000000000   36.6922885920    0.0953831358
 -23708.5000000000   36.8368010604    0.0964234641
 -23707.0000000000   36.9830043762    0.0974134289
 -23705.5000000000   37.1305394626    0.0983923422
 -23704.0000000000   37.2795471649    0.0993248914
 -23702.5000000000   37.4301800572    0.1001708128
 -23701.0000000000   37.5820701502    0.1009665704
 -23699.5000000000   37.7351287984    0.1016914490
 -23698.0000000000   37.8892317450    0.1023520024
 -23696.5000000000   38.0440218701    0.1029636532
 -23695.0000000000   38.2001081502    0.1034163955
 -23693.5000000000   38.3565299351    0.1038106890
 -23692.0000000000   38.5138345175    0.1040752821
 -23690.5000000000   38.6709361838    0.1043005233
 -23689.0000000000   38.8287564862    0.1043561642
 -23687.5000000000   38.9863276489    0.1043127741
 -23686.0000000000   39.1433546697    0.1042173128
 -23684.5000000000   39.3007437927    0.1039284070
 -23683.0000000000   39.4574573648    0.1035491172
 -23681.5000000000   39.6133654186    0.1030791011
 -23680.0000000000   39.7687613529    0.1024707991
 -23678.5000000000   39.9228817693    0.1018036113
 -23677.0000000000   40.0763518830    0.1009974367
 -23675.5000000000   40.2283896810    0.1001277767
 -23674.0000000000   40.3792519760    0.0991877786
 -23672.5000000000   40.5282888149    0.0982488991
 -23671.0000000000   40.6760663963    0.0972529229
 -23669.5000000000   40.8223459062    0.0962397603
 -23668.0000000000   40.9669019190    0.0952531407
 -23666.5000000000   41.1105668459    0.0942127581
 -23665.0000000000   41.2519566814    0.0933066185
 -23663.5000000000   41.3922206334    0.0924241685
 -23662.0000000000   41.5315055790    0.0915754642
 -23660.5000000000   41.6695816911    0.0907980600
 -23659.0000000000   41.8068951892    0.0901043597
 -23657.5000000000   41.9430458559    0.0895602813
 -23656.0000000000   42.0781220147    0.0891900014
 -23654.5000000000   42.2130180651    0.0889190674
 -23653.0000000000   42.3478595580    0.0887664703
 -23651.5000000000   42.4822716271    0.0888091651
 -23650.0000000000   42.6170074867    0.0889896575
 -23648.5000000000   42.7520740619    0.0893369915
 -23647.0000000000   42.8881665059    0.0897964060
 -23645.5000000000   43.0248017885    0.0904531973
 -23644.0000000000   43.1624888305    0.0912711310
 -23642.5000000000   43.3011582364    0.0922812868
 -23641.0000000000   43.4417757885    0.0933886680
 -23639.5000000000   43.5839888860    0.0946529354
 -23638.0000000000   43.7274042552    0.0961373370
 -23636.5000000000   43.8739885228    0.0976210462
 -23635.0000000000   44.0229888494    0.0992044541
 -23633.5000000000   44.1745955095    0.1008732045
 -23632.0000000000   44.3284226326    0.1026796305
 -23630.5000000000   44.4852390959    0.1045402366
 -23629.0000000000   44.6450244416    0.1064595544
 -23627.5000000000   44.8078308827    0.1084349435
 -23626.0000000000   44.9738383021    0.1104460350
 -23624.5000000000   45.1425408610    0.1125517393
 -23623.0000000000   45.3143168538    0.1147078465
 -23621.5000000000   45.4898804337    0.1168315281
 -23620.0000000000   45.6685489459    0.1189988175
 -23618.5000000000   45.8502727413    0.1212149580
 -23617.0000000000   46.0349888102    0.1234846398
 -23615.5000000000   46.2235521413    0.1257114255
 -23614.0000000000   46.4146919693    0.1280363404
 -23612.5000000000   46.6102658553    0.1301931825
 -23611.0000000000   46.8091310735    0.1324124562
 -23609.5000000000   47.0100120265    0.1347894060
 -23608.0000000000   47.2154356400    0.1370493616
 -23606.5000000000   47.4233391552    0.1394201434
 -23605.0000000000   47.6351179974    0.1417540713
 -23603.5000000000   47.8509294909    0.1440367625
 -23602.0000000000   48.0700407529    0.1463537172
 -23600.5000000000   48.2923904180    0.1487160226
 -23599.0000000000   48.5187069652    0.1510522926
 -23597.5000000000   48.7479121626    0.1534817823
 -23596.0000000000   48.9818979038    0.1558109477
 -23594.5000000000   49.2183125963    0.1582906605
 -23593.0000000000   49.4585408547    0.1607822320
 -23591.5000000000   49.7033754991    0.1632050090
 -23590.0000000000   49.9525743423    0.1655874122
 -23588.5000000000   50.2044574140    0.1680982386
 -23587.0000000000   50.4591774598    0.1707204756
 -23585.5000000000   50.7196257841    0.1731562382
 -23584.0000000000   50.9842558721    0.1755468622
 -23582.5000000000   51.2508120198    0.1781075313
 -23581.0000000000   51.5221099762    0.1805416675
 -23579.5000000000   51.7956843177    0.1830657869
 -23578.0000000000   52.0729701801    0.1855088369
 -23576.5000000000   52.3546464034    0.1877671587
 -23575.0000000000   52.6416564193    0.1897064891
 -23573.5000000000   52.9307431638    0.1915854809
 -23572.0000000000   53.2205922459    0.1934698166
 -23570.5000000000   53.5131980289    0.1951006130
 -23569.0000000000   53.8114268319    0.1961193114
 -23567.5000000000   54.1117771853    0.1967714816
 -23566.0000000000   54.4104019321    0.1973145715
 -23564.5000000000   54.7082275567    0.1975550809
 -23563.0000000000   55.0045434198    0.1974427597
 -23561.5000000000   55.3090257574    0.1959310823
 -23560.0000000000   55.6039988402    0.1945467817
 -23558.5000000000   55.8945151385    0.1926926821
 -23557.0000000000   56.1840482758    0.1899040708
 -23555.5000000000   56.4729651547    0.1859900417
 -23554.0000000000   56.7588703087    0.1810541042
 -23552.5000000000   57.0404435190    0.1750989541
 -23551.0000000000   57.2992746258    0.1698871038
 -23549.5000000000   57.5588514245    0.1630338580
 -23548.0000000000   57.8048693267    0.1559384998
 -23546.5000000000   58.0336587290    0.1490325084
 -23545.0000000000   58.2582854596    0.1409875508
 -23543.5000000000   58.4675053037    0.1330864850
 -23542.0000000000   58.6652372719    0.1250461384
 -23540.5000000000   58.8471474659    0.1175192403
 -23539.0000000000   59.0221932663    0.1096881773
 -23537.5000000000   59.1857273692    0.1022783146
 -23536.0000000000   59.3435642973    0.0948376040
 -23534.5000000000   59.4815732035    0.0892868432
 -23533.0000000000   59.6164399984    0.0838915284
 -23531.5000000000   59.7440067930    0.0793741725
 -23530.0000000000   59.8607320613    0.0764062563
 -23528.5000000000   59.9792330403    0.0736429245
 -23527.0000000000   60.0887946691    0.0725892915
 -23525.5000000000   60.1974491196    0.0724315248
 -23524.0000000000   60.3125145965    0.0724048393
 -23522.5000000000   60.4222833634    0.0740884335
 -23521.0000000000   60.5412493093    0.0758049643
 -23519.5000000000   60.6573700464    0.0791390215
 -23518.0000000000   60.7790028989    0.0831460610
 -23516.5000000000   60.9200105625    0.0862023395
 -23515.0000000000   61.0668404511    0.0900205879
 -23513.5000000000   61.2064656421    0.0962159982
 -23512.0000000000   61.3556879830    0.1028105385
 -23510.5000000000   61.5150784925    0.1097676165
 -23509.0000000000   61.7007529832    0.1152590334
 -23507.5000000000   61.8795058047    0.1231173628
 -23506.0000000000   62.0702172202    0.1312000456
 -23504.5000000000   62.2732071727    0.1394852471
 -23503.0000000000   62.4887641193    0.1479528196
 -23501.5000000000   62.7171475460    0.1565842746
 -23500.0000000000   62.9585904161    0.1653627264
