#! FIELDS energy hh dhh_energy
#! SET normalisation  40000.0000000000
#! SET min_energy -25000
#! SET max_energy -23500
#! SET nbins_energy  1000
#! SET periodic_energy false
 -25000.0000000000    0.0000000000    0.0000000000
 -24998.5000000000    0.0000000000    0.0000000000
 -24997.0000000000    0.0000000000    0.0000000000
 -24995.5000000000    0.0000000000    0.0000000000
 -24994.0000000000    0.0000000000    0.0000000000
 -24992.5000000000    0.0000000000    0.0000000000
 -24991.0000000000    0.0000000000    0.0000000000
 -24989.5000000000    0.0000000000    0.0000000000
 -24988.0000000000    0.0000000000    0.0000000000
 -24986.5000000000    0.0000000000    0.0000000000
 -24985.0000000000    0.0000000000    0.0000000000
 -24983.5000000000    0.0000000006    0.0000000001
 -24982.0000000000    0.0000000008    0.0000000001
 -24980.5000000000    0.0000000010    0.0000000001
 -24979.0000000000    0.0000000012    0.0000000002
 -24977.5000000000    0.0000000015    0.0000000002
 -24976.0000000000    0.0000000018    0.0000000002
 -24974.5000000000    0.0000000022    0.0000000003
 -24973.0000000000    0.0000000027    0.0000000003
 -24971.5000000000    0.0000000032    0.0000000004
 -24970.0000000000    0.0000000039    0.0000000005
 -24968.5000000000    0.0000000046    0.0000000006
 -24967.0000000000    0.0000000055    0.0000000006
 -24965.5000000000    0.0000000072    0.0000000008
 -24964.0000000000    0.0000000086    0.0000000010
 -24962.5000000000    0.0000000108    0.0000000012
 -24961.0000000000    0.0000000135    0.0000000015
 -24959.5000000000    0.0000000160    0.0000000018
 -24958.0000000000    0.0000000189    0.0000000021
 -24956.5000000000    0.0000000223    0.0000000024
 -24955.0000000000    0.0000000261    0.0000000027
 -24953.5000000000    0.0000000305    0.0000000031
 -24952.0000000000    0.0000000362    0.0000000037
 -24950.5000000000    0.0000000429    0.0000000043
 -24949.0000000000    0.0000000498    0.0000000049
 -24947.5000000000    0.0000000576    0.0000000056
 -24946.0000000000    0.0000000665    0.0000000063
 -24944.5000000000    0.0000000772    0.0000000072
 -24943.0000000000    0.0000000900    0.0000000083
 -24941.5000000000    0.0000001044    0.0000000095
 -24940.0000000000    0.0000001201    0.0000000107
 -24938.5000000000    0.0000001371    0.0000000120
 -24937.0000000000    0.0000001574    0.0000000135
 -24935.5000000000    0.0000001801    0.0000000153
 -24934.0000000000    0.0000002057    0.0000000172
 -24932.5000000000    0.0000002341    0.0000000192
 -24931.0000000000    0.0000002651    0.0000000214
 -24929.5000000000    0.0000002996    0.0000000238
 -24928.0000000000    0.0000003392    0.0000000266
 -24926.5000000000    0.0000003818    0.0000000294
 -24925.0000000000    0.0000004307    0.0000000327
 -24923.5000000000    0.0000004843    0.0000000363
 -24922.0000000000    0.0000005435    0.0000000402
 -24920.5000000000    0.0000006093    0.0000000445
 -24919.0000000000    0.0000006832    0.0000000493
 -24917.5000000000    0.0000007628    0.0000000543
 -24916.0000000000    0.0000008515    0.0000000600
 -24914.5000000000    0.0000009497    0.0000000662
 -24913.0000000000    0.0000010582    0.0000000731
 -24911.5000000000    0.0000011750    0.0000000802
 -24910.0000000000    0.0000013035    0.0000000880
 -24908.5000000000    0.0000014460    0.0000000966
 -24907.0000000000    0.0000016010    0.0000001059
 -24905.5000000000    0.0000017726    0.0000001163
 -24904.0000000000    0.0000019587    0.0000001273
 -24902.5000000000    0.0000021587    0.0000001387
 -24901.0000000000    0.0000023812    0.0000001516
 -24899.5000000000    0.0000026253    0.0000001658
 -24898.0000000000    0.0000028935    0.0000001814
 -24896.5000000000    0.0000031827    0.0000001979
 -24895.0000000000    0.0000034999    0.0000002159
 -24893.5000000000    0.0000038450    0.0000002353
 -24892.0000000000    0.0000042189    0.0000002560
 -24890.5000000000    0.0000046288    0.0000002787
 -24889.0000000000    0.0000050674    0.0000003022
 -24887.5000000000    0.0000055452    0.0000003277
 -24886.0000000000    0.0000060639    0.0000003551
 -24884.5000000000    0.0000066227    0.0000003841
 -24883.0000000000    0.0000072294    0.0000004152
 -24881.5000000000    0.0000078856    0.0000004486
 -24880.0000000000    0.0000085932    0.0000004839
 -24878.5000000000    0.0000093544    0.0000005212
 -24877.0000000000    0.0000101709    0.0000005604
 -24875.5000000000    0.0000110483    0.0000006016
 -24874.0000000000    0.0000119919    0.0000006454
 -24872.5000000000    0.0000130013    0.0000006911
 -24871.0000000000    0.0000140876    0.0000007399
 -24869.5000000000    0.0000152449    0.0000007904
 -24868.0000000000    0.0000164911    0.0000008447
 -24866.5000000000    0.0000178118    0.0000009003
 -24865.0000000000    0.0000192155    0.0000009578
 -24863.5000000000    0.0000207077    0.0000010175
 -24862.0000000000    0.0000222890    0.0000010790
 -24860.5000000000    0.0000239651    0.0000011426
 -24859.0000000000    0.0000257370    0.0000012080
 -24857.5000000000    0.0000276048    0.0000012746
 -24856.0000000000    0.0000295803    0.0000013437
 -24854.5000000000    0.0000316580    0.0000014139
 -24853.0000000000    0.0000338407    0.0000014854
 -24851.5000000000    0.0000361400    0.0000015592
 -24850.0000000000    0.0000385522    0.0000016345
 -24848.5000000000    0.0000410712    0.0000017099
 -24847.0000000000    0.0000437087    0.0000017868
 -24845.5000000000    0.0000464603    0.0000018643
 -24844.0000000000    0.0000493326    0.0000019429
 -24842.5000000000    0.0000523259    0.0000020224
 -24841.0000000000    0.0000554387    0.0000021024
 -24839.5000000000    0.0000586684    0.0000021822
 -24838.0000000000    0.0000620195    0.0000022624
 -24836.5000000000    0.0000654974    0.0000023436
 -24835.0000000000    0.0000690903    0.0000024239
 -24833.5000000000    0.0000728041    0.0000025041
 -24832.0000000000    0.0000766416    0.0000025846
 -24830.5000000000    0.0000805971    0.0000026645
 -24829.0000000000    0.0000846787    0.0000027450
 -24827.5000000000    0.0000888769    0.0000028247
 -24826.0000000000    0.0000931940    0.0000029041
 -24824.5000000000    0.0000976377    0.0000029841
 -24823.0000000000    0.0001021960    0.0000030633
 -24821.5000000000    0.0001068765    0.0000031427
 -24820.0000000000    0.0001116716    0.0000032215
 -24818.5000000000    0.0001165919    0.0000033010
 -24817.0000000000    0.0001216313    0.0000033807
 -24815.5000000000    0.0001267935    0.0000034610
 -24814.0000000000    0.0001320705    0.0000035410
 -24812.5000000000    0.0001374777    0.0000036228
 -24811.0000000000    0.0001430026    0.0000037046
 -24809.5000000000    0.0001486495    0.0000037872
 -24808.0000000000    0.0001544211    0.0000038708
 -24806.5000000000    0.0001603239    0.0000039563
 -24805.0000000000    0.0001663464    0.0000040423
 -24803.5000000000    0.0001725054    0.0000041305
 -24802.0000000000    0.0001788126    0.0000042226
 -24800.5000000000    0.0001852511    0.0000043160
 -24799.0000000000    0.0001918254    0.0000044110
 -24797.5000000000    0.0001985537    0.0000045100
 -24796.0000000000    0.0002054206    0.0000046102
 -24794.5000000000    0.0002124420    0.0000047136
 -24793.0000000000    0.0002196292    0.0000048212
 -24791.5000000000    0.0002269779    0.0000049319
 -24790.0000000000    0.0002344926    0.0000050457
 -24788.5000000000    0.0002421738    0.0000051619
 -24787.0000000000    0.0002500533    0.0000052846
 -24785.5000000000    0.0002581120    0.0000054098
 -24784.0000000000    0.0002663628    0.0000055391
 -24782.5000000000    0.0002748029    0.0000056708
 -24781.0000000000    0.0002834548    0.0000058072
 -24779.5000000000    0.0002923067    0.0000059459
 -24778.0000000000    0.0003013671    0.0000060873
 -24776.5000000000    0.0003106448    0.0000062316
 -24775.0000000000    0.0003201393    0.0000063779
 -24773.5000000000    0.0003298515    0.0000065258
 -24772.0000000000    0.0003397921    0.0000066756
 -24770.5000000000    0.0003499527    0.0000068253
 -24769.0000000000    0.0003603386    0.0000069751
 -24767.5000000000    0.0003709484    0.0000071243
 -24766.0000000000    0.0003817759    0.0000072717
 -24764.5000000000    0.0003928299    0.0000074182
 -24763.0000000000    0.0004040985    0.0000075615
 -24761.5000000000    0.0004155822    0.0000077014
 -24760.0000000000    0.0004272679    0.0000078362
 -24758.5000000000    0.0004391597    0.0000079673
 -24757.0000000000    0.0004512315    0.0000080909
 -24755.5000000000    0.0004634894    0.0000082083
 -24754.0000000000    0.0004759243    0.0000083191
 -24752.5000000000    0.0004885263    0.0000084225
 -24751.0000000000    0.0005012621    0.0000085152
 -24749.5000000000    0.0005141410    0.0000086001
 -24748.0000000000    0.0005271358    0.0000086739
 -24746.5000000000    0.0005402240    0.0000087363
 -24745.0000000000    0.0005534028    0.0000087877
 -24743.5000000000    0.0005666571    0.0000088282
 -24742.0000000000    0.0005799561    0.0000088559
 -24740.5000000000    0.0005932811    0.0000088704
 -24739.0000000000    0.0006066231    0.0000088719
 -24737.5000000000    0.0006199566    0.0000088605
 -24736.0000000000    0.0006332639    0.0000088361
 -24734.5000000000    0.0006465249    0.0000087985
 -24733.0000000000    0.0006597193    0.0000087466
 -24731.5000000000    0.0006728241    0.0000086813
 -24730.0000000000    0.0006858271    0.0000086042
 -24728.5000000000    0.0006986949    0.0000085123
 -24727.0000000000    0.0007114118    0.0000084076
 -24725.5000000000    0.0007239699    0.0000082909
 -24724.0000000000    0.0007363528    0.0000081623
 -24722.5000000000    0.0007485230    0.0000080221
 -24721.0000000000    0.0007604674    0.0000078700
 -24719.5000000000    0.0007721824    0.0000077086
 -24718.0000000000    0.0007836447    0.0000075357
 -24716.5000000000    0.0007948420    0.0000073540
 -24715.0000000000    0.0008057585    0.0000071634
 -24713.5000000000    0.0008163897    0.0000069652
 -24712.0000000000    0.0008267208    0.0000067616
 -24710.5000000000    0.0008367335    0.0000065486
 -24709.0000000000    0.0008464316    0.0000063322
 -24707.5000000000    0.0008557934    0.0000061106
 -24706.0000000000    0.0008648231    0.0000058852
 -24704.5000000000    0.0008735036    0.0000056565
 -24703.0000000000    0.0008818513    0.0000054278
 -24701.5000000000    0.0008898473    0.0000051972
 -24700.0000000000    0.0008975041    0.0000049671
 -24698.5000000000    0.0009048113    0.0000047366
 -24697.0000000000    0.0009117753    0.0000045083
 -24695.5000000000    0.0009183917    0.0000042825
 -24694.0000000000    0.0009246724    0.0000040596
 -24692.5000000000    0.0009306308    0.0000038440
 -24691.0000000000    0.0009362688    0.0000036321
 -24689.5000000000    0.0009415653    0.0000034254
 -24688.0000000000    0.0009465766    0.0000032248
 -24686.5000000000    0.0009512838    0.0000030292
 -24685.0000000000    0.0009557016    0.0000028407
 -24683.5000000000    0.0009598493    0.0000026600
 -24682.0000000000    0.0009637397    0.0000024888
 -24680.5000000000    0.0009673867    0.0000023267
 -24679.0000000000    0.0009707906    0.0000021715
 -24677.5000000000    0.0009739666    0.0000020269
 -24676.0000000000    0.0009769349    0.0000018908
 -24674.5000000000    0.0009796879    0.0000017608
 -24673.0000000000    0.0009822526    0.0000016416
 -24671.5000000000    0.0009846410    0.0000015310
 -24670.0000000000    0.0009868873    0.0000014284
 -24668.5000000000    0.0009889900    0.0000013365
 -24667.0000000000    0.0009909473    0.0000012503
 -24665.5000000000    0.0009927802    0.0000011728
 -24664.0000000000    0.0009945070    0.0000011041
 -24662.5000000000    0.0009961341    0.0000010423
 -24661.0000000000    0.0009976706    0.0000009859
 -24659.5000000000    0.0009991179    0.0000009348
 -24658.0000000000    0.0010004951    0.0000008914
 -24656.5000000000    0.0010018269    0.0000008536
 -24655.0000000000    0.0010030969    0.0000008201
 -24653.5000000000    0.0010043215    0.0000007923
 -24652.0000000000    0.0010055056    0.0000007682
 -24650.5000000000    0.0010066499    0.0000007482
 -24649.0000000000    0.0010077733    0.0000007315
 -24647.5000000000    0.0010088777    0.0000007181
 -24646.0000000000    0.0010099633    0.0000007097
 -24644.5000000000    0.0010110323    0.0000007013
 -24643.0000000000    0.0010120760    0.0000006936
 -24641.5000000000    0.0010131256    0.0000006883
 -24640.0000000000    0.0010141610    0.0000006851
 -24638.5000000000    0.0010151745    0.0000006802
 -24637.0000000000    0.0010161995    0.0000006785
 -24635.5000000000    0.0010172247    0.0000006760
 -24634.0000000000    0.0010182394    0.0000006753
 -24632.5000000000    0.0010192459    0.0000006717
 -24631.0000000000    0.0010202578    0.0000006688
 -24629.5000000000    0.0010212648    0.0000006658
 -24628.0000000000    0.0010222554    0.0000006619
 -24626.5000000000    0.0010232563    0.0000006567
 -24625.0000000000    0.0010242488    0.0000006526
 -24623.5000000000    0.0010252089    0.0000006487
 -24622.0000000000    0.0010261689    0.0000006421
 -24620.5000000000    0.0010271235    0.0000006337
 -24619.0000000000    0.0010280598    0.0000006267
 -24617.5000000000    0.0010289991    0.0000006175
 -24616.0000000000    0.0010299187    0.0000006078
 -24614.5000000000    0.0010308177    0.0000005998
 -24613.0000000000    0.0010317022    0.0000005903
 -24611.5000000000    0.0010325866    0.0000005822
 -24610.0000000000    0.0010334550    0.0000005714
 -24608.5000000000    0.0010342950    0.0000005656
 -24607.0000000000    0.0010351308    0.0000005579
 -24605.5000000000    0.0010359520    0.0000005508
 -24604.0000000000    0.0010367726    0.0000005432
 -24602.5000000000    0.0010375643    0.0000005366
 -24601.0000000000    0.0010383521    0.0000005292
 -24599.5000000000    0.0010391300    0.0000005218
 -24598.0000000000    0.0010398966    0.0000005152
 -24596.5000000000    0.0010406641    0.0000005103
 -24595.0000000000    0.0010414144    0.0000005034
 -24593.5000000000    0.0010421599    0.0000004988
 -24592.0000000000    0.0010428934    0.0000004917
 -24590.5000000000    0.0010436257    0.0000004863
 -24589.0000000000    0.0010443567    0.0000004812
 -24587.5000000000    0.0010450750    0.0000004743
 -24586.0000000000    0.0010457744    0.0000004681
 -24584.5000000000    0.0010464665    0.0000004606
 -24583.0000000000    0.0010471476    0.0000004532
 -24581.5000000000    0.0010478233    0.0000004444
 -24580.0000000000    0.0010484768    0.0000004364
 -24578.5000000000    0.0010491256    0.0000004252
 -24577.0000000000    0.0010497529    0.0000004147
 -24575.5000000000    0.0010503605    0.0000004050
 -24574.0000000000    0.0010509434    0.0000003949
 -24572.5000000000    0.0010515315    0.0000003828
 -24571.0000000000    0.0010520773    0.0000003704
 -24569.5000000000    0.0010526141    0.0000003572
 -24568.0000000000    0.0010531462    0.0000003442
 -24566.5000000000    0.0010536514    0.0000003317
 -24565.0000000000    0.0010541205    0.0000003194
 -24563.5000000000    0.0010545932    0.0000003081
 -24562.0000000000    0.0010550418    0.0000002954
 -24560.5000000000    0.0010554759    0.0000002852
 -24559.0000000000    0.0010558972    0.0000002764
 -24557.5000000000    0.0010563077    0.0000002701
 -24556.0000000000    0.0010566977    0.0000002640
 -24554.5000000000    0.0010570779    0.0000002587
 -24553.0000000000    0.0010574682    0.0000002571
 -24551.5000000000    0.0010578366    0.0000002577
 -24550.0000000000    0.0010582350    0.0000002610
 -24548.5000000000    0.0010586346    0.0000002661
 -24547.0000000000    0.0010590350    0.0000002749
 -24545.5000000000    0.0010594520    0.0000002880
 -24544.0000000000    0.0010598858    0.0000003020
 -24542.5000000000    0.0010603546    0.0000003187
 -24541.0000000000    0.0010608430    0.0000003403
 -24539.5000000000    0.0010613712    0.0000003640
 -24538.0000000000    0.0010619382    0.0000003915
 -24536.5000000000    0.0010625392    0.0000004203
 -24535.0000000000    0.0010631868    0.0000004534
 -24533.5000000000    0.0010638753    0.0000004891
 -24532.0000000000    0.0010646386    0.0000005257
 -24530.5000000000    0.0010654362    0.0000005650
 -24529.0000000000    0.0010663091    0.0000006057
 -24527.5000000000    0.0010672421    0.0000006482
 -24526.0000000000    0.0010682378    0.0000006892
 -24524.5000000000    0.0010692968    0.0000007355
 -24523.0000000000    0.0010704226    0.0000007792
 -24521.5000000000    0.0010716112    0.0000008236
 -24520.0000000000    0.0010728684    0.0000008663
 -24518.5000000000    0.0010742007    0.0000009098
 -24517.0000000000    0.0010755837    0.0000009491
 -24515.5000000000    0.0010770319    0.0000009878
 -24514.0000000000    0.0010785183    0.0000010256
 -24512.5000000000    0.0010800712    0.0000010608
 -24511.0000000000    0.0010816827    0.0000010892
 -24509.5000000000    0.0010833239    0.0000011163
 -24508.0000000000    0.0010850163    0.0000011384
 -24506.5000000000    0.0010867384    0.0000011560
 -24505.0000000000    0.0010884808    0.0000011703
 -24503.5000000000    0.0010902217    0.0000011794
 -24502.0000000000    0.0010919733    0.0000011845
 -24500.5000000000    0.0010937392    0.0000011821
 -24499.0000000000    0.0010954935    0.0000011753
 -24497.5000000000    0.0010972280    0.0000011617
 -24496.0000000000    0.0010989596    0.0000011392
 -24494.5000000000    0.0011006474    0.0000011122
 -24493.0000000000    0.0011022908    0.0000010787
 -24491.5000000000    0.0011038635    0.0000010393
 -24490.0000000000    0.0011053675    0.0000009953
 -24488.5000000000    0.0011068166    0.0000009424
 -24487.0000000000    0.0011081747    0.0000008834
 -24485.5000000000    0.0011094365    0.0000008195
 -24484.0000000000    0.0011105998    0.0000007500
 -24482.5000000000    0.0011116584    0.0000006728
 -24481.0000000000    0.0011126104    0.0000005897
 -24479.5000000000    0.0011134210    0.0000005024
 -24478.0000000000    0.0011140906    0.0000004119
 -24476.5000000000    0.0011146216    0.0000003146
 -24475.0000000000    0.0011150080    0.0000002156
 -24473.5000000000    0.0011152482    0.0000001126
 -24472.0000000000    0.0011153336    0.0000000061
 -24470.5000000000    0.0011152543   -0.0000001018
 -24469.0000000000    0.0011150116   -0.0000002106
 -24467.5000000000    0.0011145783   -0.0000003217
 -24466.0000000000    0.0011140033   -0.0000004335
 -24464.5000000000    0.0011132710   -0.0000005469
 -24463.0000000000    0.0011123536   -0.0000006575
 -24461.5000000000    0.0011112767   -0.0000007656
 -24460.0000000000    0.0011100483   -0.0000008750
 -24458.5000000000    0.0011086445   -0.0000009770
 -24457.0000000000    0.0011070858   -0.0000010766
 -24455.5000000000    0.0011053829   -0.0000011708
 -24454.0000000000    0.0011035569   -0.0000012614
 -24452.5000000000    0.0011015902   -0.0000013442
 -24451.0000000000    0.0010994952   -0.0000014217
 -24449.5000000000    0.0010973000   -0.0000014928
 -24448.0000000000    0.0010950061   -0.0000015545
 -24446.5000000000    0.0010926163   -0.0000016073
 -24445.0000000000    0.0010901540   -0.0000016551
 -24443.5000000000    0.0010876453   -0.0000016923
 -24442.0000000000    0.0010850846   -0.0000017211
 -24440.5000000000    0.0010824737   -0.0000017415
 -24439.0000000000    0.0010798462   -0.0000017513
 -24437.5000000000    0.0010772109   -0.0000017533
 -24436.0000000000    0.0010745744   -0.0000017460
 -24434.5000000000    0.0010719565   -0.0000017317
 -24433.0000000000    0.0010693559   -0.0000017068
 -24431.5000000000    0.0010668164   -0.0000016753
 -24430.0000000000    0.0010643161   -0.0000016352
 -24428.5000000000    0.0010618852   -0.0000015892
 -24427.0000000000    0.0010595302   -0.0000015370
 -24425.5000000000    0.0010572512   -0.0000014790
 -24424.0000000000    0.0010550646   -0.0000014179
 -24422.5000000000    0.0010529792   -0.0000013518
 -24421.0000000000    0.0010509994   -0.0000012818
 -24419.5000000000    0.0010491208   -0.0000012090
 -24418.0000000000    0.0010473551   -0.0000011312
 -24416.5000000000    0.0010457210   -0.0000010537
 -24415.0000000000    0.0010441960   -0.0000009732
 -24413.5000000000    0.0010427921   -0.0000008959
 -24412.0000000000    0.0010414853   -0.0000008182
 -24410.5000000000    0.0010402885   -0.0000007417
 -24409.0000000000    0.0010392169   -0.0000006676
 -24407.5000000000    0.0010382618   -0.0000005951
 -24406.0000000000    0.0010374077   -0.0000005260
 -24404.5000000000    0.0010366453   -0.0000004609
 -24403.0000000000    0.0010359820   -0.0000003987
 -24401.5000000000    0.0010354187   -0.0000003384
 -24400.0000000000    0.0010349446   -0.0000002830
 -24398.5000000000    0.0010345471   -0.0000002309
 -24397.0000000000    0.0010342176   -0.0000001829
 -24395.5000000000    0.0010339677   -0.0000001382
 -24394.0000000000    0.0010337631   -0.0000000982
 -24392.5000000000    0.0010336313   -0.0000000636
 -24391.0000000000    0.0010335459   -0.0000000320
 -24389.5000000000    0.0010334979   -0.0000000024
 -24388.0000000000    0.0010335013    0.0000000240
 -24386.5000000000    0.0010335565    0.0000000463
 -24385.0000000000    0.0010336235    0.0000000676
 -24383.5000000000    0.0010337244    0.0000000827
 -24382.0000000000    0.0010338474    0.0000000973
 -24380.5000000000    0.0010339875    0.0000001095
 -24379.0000000000    0.0010341418    0.0000001199
 -24377.5000000000    0.0010343153    0.0000001252
 -24376.0000000000    0.0010345004    0.0000001288
 -24374.5000000000    0.0010346811    0.0000001334
 -24373.0000000000    0.0010348741    0.0000001330
 -24371.5000000000    0.0010350509    0.0000001337
 -24370.0000000000    0.0010352334    0.0000001308
 -24368.5000000000    0.0010354146    0.0000001261
 -24367.0000000000    0.0010355794    0.0000001202
 -24365.5000000000    0.0010357522    0.0000001124
 -24364.0000000000    0.0010359000    0.0000001032
 -24362.5000000000    0.0010360343    0.0000000928
 -24361.0000000000    0.0010361553    0.0000000818
 -24359.5000000000    0.0010362540    0.0000000694
 -24358.0000000000    0.0010363381    0.0000000533
 -24356.5000000000    0.0010363838    0.0000000366
 -24355.0000000000    0.0010364142    0.0000000184
 -24353.5000000000    0.0010364164    0.0000000011
 -24352.0000000000    0.0010363946   -0.0000000193
 -24350.5000000000    0.0010363411   -0.0000000383
 -24349.0000000000    0.0010362606   -0.0000000575
 -24347.5000000000    0.0010361548   -0.0000000786
 -24346.0000000000    0.0010359968   -0.0000000977
 -24344.5000000000    0.0010358229   -0.0000001181
 -24343.0000000000    0.0010356301   -0.0000001355
 -24341.5000000000    0.0010354223   -0.0000001511
 -24340.0000000000    0.0010351598   -0.0000001659
 -24338.5000000000    0.0010349044   -0.0000001798
 -24337.0000000000    0.0010346227   -0.0000001902
 -24335.5000000000    0.0010343265   -0.0000001992
 -24334.0000000000    0.0010340142   -0.0000002033
 -24332.5000000000    0.0010336973   -0.0000002071
 -24331.0000000000    0.0010333853   -0.0000002054
 -24329.5000000000    0.0010330719   -0.0000002000
 -24328.0000000000    0.0010327590   -0.0000001928
 -24326.5000000000    0.0010324678   -0.0000001802
 -24325.0000000000    0.0010322058   -0.0000001655
 -24323.5000000000    0.0010319627   -0.0000001459
 -24322.0000000000    0.0010317532   -0.0000001225
 -24320.5000000000    0.0010315716   -0.0000000960
 -24319.0000000000    0.0010314457   -0.0000000660
 -24317.5000000000    0.0010313651   -0.0000000325
 -24316.0000000000    0.0010313208    0.0000000022
 -24314.5000000000    0.0010313333    0.0000000392
 -24313.0000000000    0.0010314135    0.0000000771
 -24311.5000000000    0.0010315482    0.0000001169
 -24310.0000000000    0.0010317472    0.0000001581
 -24308.5000000000    0.0010320080    0.0000001984
 -24307.0000000000    0.0010323292    0.0000002397
 -24305.5000000000    0.0010327067    0.0000002799
 -24304.0000000000    0.0010331397    0.0000003167
 -24302.5000000000    0.0010336293    0.0000003530
 -24301.0000000000    0.0010341811    0.0000003861
 -24299.5000000000    0.0010347695    0.0000004155
 -24298.0000000000    0.0010354048    0.0000004398
 -24296.5000000000    0.0010360687    0.0000004625
 -24295.0000000000    0.0010367643    0.0000004806
 -24293.5000000000    0.0010374887    0.0000004943
 -24292.0000000000    0.0010382232    0.0000005021
 -24290.5000000000    0.0010389576    0.0000005047
 -24289.0000000000    0.0010397142    0.0000004996
 -24287.5000000000    0.0010404464    0.0000004916
 -24286.0000000000    0.0010411609    0.0000004771
 -24284.5000000000    0.0010418546    0.0000004569
 -24283.0000000000    0.0010425146    0.0000004335
 -24281.5000000000    0.0010431338    0.0000004019
 -24280.0000000000    0.0010436971    0.0000003669
 -24278.5000000000    0.0010442174    0.0000003265
 -24277.0000000000    0.0010446664    0.0000002829
 -24275.5000000000    0.0010450431    0.0000002354
 -24274.0000000000    0.0010453467    0.0000001843
 -24272.5000000000    0.0010455830    0.0000001298
 -24271.0000000000    0.0010457361    0.0000000736
 -24269.5000000000    0.0010457870    0.0000000155
 -24268.0000000000    0.0010457506   -0.0000000452
 -24266.5000000000    0.0010456308   -0.0000001088
 -24265.0000000000    0.0010453961   -0.0000001705
 -24263.5000000000    0.0010450734   -0.0000002334
 -24262.0000000000    0.0010446715   -0.0000002970
 -24260.5000000000    0.0010441633   -0.0000003589
 -24259.0000000000    0.0010435701   -0.0000004193
 -24257.5000000000    0.0010428859   -0.0000004783
 -24256.0000000000    0.0010421213   -0.0000005355
 -24254.5000000000    0.0010412706   -0.0000005895
 -24253.0000000000    0.0010403343   -0.0000006389
 -24251.5000000000    0.0010393191   -0.0000006869
 -24250.0000000000    0.0010382418   -0.0000007300
 -24248.5000000000    0.0010371094   -0.0000007679
 -24247.0000000000    0.0010359205   -0.0000008021
 -24245.5000000000    0.0010346977   -0.0000008308
 -24244.0000000000    0.0010334286   -0.0000008534
 -24242.5000000000    0.0010321199   -0.0000008711
 -24241.0000000000    0.0010307901   -0.0000008842
 -24239.5000000000    0.0010294339   -0.0000008903
 -24238.0000000000    0.0010280785   -0.0000008901
 -24236.5000000000    0.0010267217   -0.0000008853
 -24235.0000000000    0.0010253855   -0.0000008772
 -24233.5000000000    0.0010240707   -0.0000008658
 -24232.0000000000    0.0010227828   -0.0000008492
 -24230.5000000000    0.0010215229   -0.0000008271
 -24229.0000000000    0.0010202779   -0.0000008021
 -24227.5000000000    0.0010190882   -0.0000007738
 -24226.0000000000    0.0010179523   -0.0000007441
 -24224.5000000000    0.0010168600   -0.0000007113
 -24223.0000000000    0.0010157996   -0.0000006762
 -24221.5000000000    0.0010147912   -0.0000006414
 -24220.0000000000    0.0010138399   -0.0000006061
 -24218.5000000000    0.0010129454   -0.0000005717
 -24217.0000000000    0.0010120975   -0.0000005367
 -24215.5000000000    0.0010113211   -0.0000005040
 -24214.0000000000    0.0010105789   -0.0000004737
 -24212.5000000000    0.0010098884   -0.0000004441
 -24211.0000000000    0.0010092333   -0.0000004177
 -24209.5000000000    0.0010086056   -0.0000003935
 -24208.0000000000    0.0010080080   -0.0000003726
 -24206.5000000000    0.0010074490   -0.0000003550
 -24205.0000000000    0.0010069202   -0.0000003428
 -24203.5000000000    0.0010064025   -0.0000003323
 -24202.0000000000    0.0010059010   -0.0000003260
 -24200.5000000000    0.0010053956   -0.0000003248
 -24199.0000000000    0.0010048925   -0.0000003290
 -24197.5000000000    0.0010043812   -0.0000003355
 -24196.0000000000    0.0010038449   -0.0000003455
 -24194.5000000000    0.0010033095   -0.0000003587
 -24193.0000000000    0.0010027450   -0.0000003751
 -24191.5000000000    0.0010021635   -0.0000003937
 -24190.0000000000    0.0010015430   -0.0000004154
 -24188.5000000000    0.0010008989   -0.0000004385
 -24187.0000000000    0.0010002166   -0.0000004605
 -24185.5000000000    0.0009994997   -0.0000004860
 -24184.0000000000    0.0009987513   -0.0000005102
 -24182.5000000000    0.0009979453   -0.0000005363
 -24181.0000000000    0.0009970989   -0.0000005635
 -24179.5000000000    0.0009962224   -0.0000005904
 -24178.0000000000    0.0009953088   -0.0000006176
 -24176.5000000000    0.0009943547   -0.0000006423
 -24175.0000000000    0.0009933559   -0.0000006649
 -24173.5000000000    0.0009923339   -0.0000006864
 -24172.0000000000    0.0009912808   -0.0000007043
 -24170.5000000000    0.0009901941   -0.0000007210
 -24169.0000000000    0.0009891028   -0.0000007337
 -24167.5000000000    0.0009879833   -0.0000007463
 -24166.0000000000    0.0009868471   -0.0000007553
 -24164.5000000000    0.0009857018   -0.0000007569
 -24163.0000000000    0.0009845362   -0.0000007567
 -24161.5000000000    0.0009833948   -0.0000007560
 -24160.0000000000    0.0009822497   -0.0000007491
 -24158.5000000000    0.0009811064   -0.0000007404
 -24157.0000000000    0.0009799960   -0.0000007272
 -24155.5000000000    0.0009789061   -0.0000007095
 -24154.0000000000    0.0009778550   -0.0000006894
 -24152.5000000000    0.0009768259   -0.0000006637
 -24151.0000000000    0.0009758446   -0.0000006344
 -24149.5000000000    0.0009749085   -0.0000006047
 -24148.0000000000    0.0009740107   -0.0000005694
 -24146.5000000000    0.0009731803   -0.0000005301
 -24145.0000000000    0.0009724017   -0.0000004885
 -24143.5000000000    0.0009716869   -0.0000004440
 -24142.0000000000    0.0009710551   -0.0000003964
 -24140.5000000000    0.0009704853   -0.0000003451
 -24139.0000000000    0.0009699945   -0.0000002912
 -24137.5000000000    0.0009695968   -0.0000002382
 -24136.0000000000    0.0009692755   -0.0000001826
 -24134.5000000000    0.0009690346   -0.0000001251
 -24133.0000000000    0.0009688763   -0.0000000678
 -24131.5000000000    0.0009688106   -0.0000000078
 -24130.0000000000    0.0009688432    0.0000000519
 -24128.5000000000    0.0009689507    0.0000001106
 -24127.0000000000    0.0009691565    0.0000001689
 -24125.5000000000    0.0009694478    0.0000002236
 -24124.0000000000    0.0009698061    0.0000002769
 -24122.5000000000    0.0009702440    0.0000003285
 -24121.0000000000    0.0009707672    0.0000003761
 -24119.5000000000    0.0009713661    0.0000004207
 -24118.0000000000    0.0009720088    0.0000004608
 -24116.5000000000    0.0009727244    0.0000004991
 -24115.0000000000    0.0009734707    0.0000005308
 -24113.5000000000    0.0009742737    0.0000005571
 -24112.0000000000    0.0009751218    0.0000005784
 -24110.5000000000    0.0009759862    0.0000005945
 -24109.0000000000    0.0009768822    0.0000006072
 -24107.5000000000    0.0009777899    0.0000006128
 -24106.0000000000    0.0009787014    0.0000006136
 -24104.5000000000    0.0009796009    0.0000006099
 -24103.0000000000    0.0009805043    0.0000005994
 -24101.5000000000    0.0009813865    0.0000005848
 -24100.0000000000    0.0009822325    0.0000005652
 -24098.5000000000    0.0009830548    0.0000005428
 -24097.0000000000    0.0009838353    0.0000005148
 -24095.5000000000    0.0009845793    0.0000004846
 -24094.0000000000    0.0009852623    0.0000004507
 -24092.5000000000    0.0009858919    0.0000004148
 -24091.0000000000    0.0009864752    0.0000003757
 -24089.5000000000    0.0009869967    0.0000003334
 -24088.0000000000    0.0009874538    0.0000002893
 -24086.5000000000    0.0009878508    0.0000002452
 -24085.0000000000    0.0009881765    0.0000002003
 -24083.5000000000    0.0009884311    0.0000001556
 -24082.0000000000    0.0009886296    0.0000001112
 -24080.5000000000    0.0009887452    0.0000000666
 -24079.0000000000    0.0009888056    0.0000000230
 -24077.5000000000    0.0009888013   -0.0000000187
 -24076.0000000000    0.0009887331   -0.0000000598
 -24074.5000000000    0.0009886043   -0.0000000992
 -24073.0000000000    0.0009884236   -0.0000001396
 -24071.5000000000    0.0009881887   -0.0000001752
 -24070.0000000000    0.0009878881   -0.0000002087
 -24068.5000000000    0.0009875526   -0.0000002401
 -24067.0000000000    0.0009871459   -0.0000002699
 -24065.5000000000    0.0009866993   -0.0000002984
 -24064.0000000000    0.0009862262   -0.0000003242
 -24062.5000000000    0.0009857027   -0.0000003502
 -24061.0000000000    0.0009851476   -0.0000003733
 -24059.5000000000    0.0009845547   -0.0000003930
 -24058.0000000000    0.0009839501   -0.0000004098
 -24056.5000000000    0.0009833165   -0.0000004254
 -24055.0000000000    0.0009826596   -0.0000004397
 -24053.5000000000    0.0009819831   -0.0000004505
 -24052.0000000000    0.0009812843   -0.0000004588
 -24050.5000000000    0.0009805893   -0.0000004675
 -24049.0000000000    0.0009798648   -0.0000004742
 -24047.5000000000    0.0009791378   -0.0000004786
 -24046.0000000000    0.0009784082   -0.0000004808
 -24044.5000000000    0.0009776813   -0.0000004828
 -24043.0000000000    0.0009769520   -0.0000004845
 -24041.5000000000    0.0009762270   -0.0000004825
 -24040.0000000000    0.0009754977   -0.0000004807
 -24038.5000000000    0.0009747718   -0.0000004769
 -24037.0000000000    0.0009740499   -0.0000004701
 -24035.5000000000    0.0009733473   -0.0000004644
 -24034.0000000000    0.0009726370   -0.0000004574
 -24032.5000000000    0.0009719421   -0.0000004510
 -24031.0000000000    0.0009712653   -0.0000004433
 -24029.5000000000    0.0009705995   -0.0000004358
 -24028.0000000000    0.0009699401   -0.0000004266
 -24026.5000000000    0.0009692895   -0.0000004188
 -24025.0000000000    0.0009686483   -0.0000004103
 -24023.5000000000    0.0009680305   -0.0000004006
 -24022.0000000000    0.0009674356   -0.0000003930
 -24020.5000000000    0.0009668353   -0.0000003889
 -24019.0000000000    0.0009662427   -0.0000003841
 -24017.5000000000    0.0009656651   -0.0000003808
 -24016.0000000000    0.0009650847   -0.0000003768
 -24014.5000000000    0.0009645117   -0.0000003750
 -24013.0000000000    0.0009639352   -0.0000003731
 -24011.5000000000    0.0009633615   -0.0000003752
 -24010.0000000000    0.0009627839   -0.0000003768
 -24008.5000000000    0.0009621849   -0.0000003799
 -24007.0000000000    0.0009615962   -0.0000003861
 -24005.5000000000    0.0009609928   -0.0000003916
 -24004.0000000000    0.0009603948   -0.0000004011
 -24002.5000000000    0.0009597928   -0.0000004118
 -24001.0000000000    0.0009591526   -0.0000004245
 -23999.5000000000    0.0009585050   -0.0000004377
 -23998.0000000000    0.0009578262   -0.0000004520
 -23996.5000000000    0.0009571359   -0.0000004662
 -23995.0000000000    0.0009564166   -0.0000004808
 -23993.5000000000    0.0009556689   -0.0000004956
 -23992.0000000000    0.0009549136   -0.0000005112
 -23990.5000000000    0.0009541205   -0.0000005237
 -23989.0000000000    0.0009533207   -0.0000005394
 -23987.5000000000    0.0009524916   -0.0000005545
 -23986.0000000000    0.0009516190   -0.0000005673
 -23984.5000000000    0.0009507446   -0.0000005821
 -23983.0000000000    0.0009498563   -0.0000005943
 -23981.5000000000    0.0009489507   -0.0000006034
 -23980.0000000000    0.0009480389   -0.0000006135
 -23978.5000000000    0.0009470917   -0.0000006208
 -23977.0000000000    0.0009461381   -0.0000006260
 -23975.5000000000    0.0009451888   -0.0000006278
 -23974.0000000000    0.0009442403   -0.0000006274
 -23972.5000000000    0.0009432858   -0.0000006246
 -23971.0000000000    0.0009423568   -0.0000006206
 -23969.5000000000    0.0009414161   -0.0000006151
 -23968.0000000000    0.0009404851   -0.0000006052
 -23966.5000000000    0.0009395828   -0.0000005933
 -23965.0000000000    0.0009386991   -0.0000005789
 -23963.5000000000    0.0009378336   -0.0000005598
 -23962.0000000000    0.0009370125   -0.0000005362
 -23960.5000000000    0.0009362197   -0.0000005102
 -23959.0000000000    0.0009354641   -0.0000004826
 -23957.5000000000    0.0009347589   -0.0000004509
 -23956.0000000000    0.0009341018   -0.0000004162
 -23954.5000000000    0.0009335013   -0.0000003795
 -23953.0000000000    0.0009329598   -0.0000003359
 -23951.5000000000    0.0009324674   -0.0000002909
 -23950.0000000000    0.0009320519   -0.0000002445
 -23948.5000000000    0.0009317127   -0.0000001931
 -23947.0000000000    0.0009314570   -0.0000001404
 -23945.5000000000    0.0009312888   -0.0000000860
 -23944.0000000000    0.0009311928   -0.0000000295
 -23942.5000000000    0.0009311789    0.0000000287
 -23941.0000000000    0.0009312518    0.0000000890
 -23939.5000000000    0.0009314340    0.0000001494
 -23938.0000000000    0.0009316833    0.0000002117
 -23936.5000000000    0.0009320448    0.0000002708
 -23935.0000000000    0.0009324905    0.0000003309
 -23933.5000000000    0.0009330176    0.0000003907
 -23932.0000000000    0.0009336489    0.0000004495
 -23930.5000000000    0.0009343544    0.0000005085
 -23929.0000000000    0.0009351488    0.0000005631
 -23927.5000000000    0.0009360185    0.0000006151
 -23926.0000000000    0.0009369765    0.0000006649
 -23924.5000000000    0.0009380036    0.0000007118
 -23923.0000000000    0.0009390875    0.0000007537
 -23921.5000000000    0.0009402436    0.0000007918
 -23920.0000000000    0.0009414451    0.0000008279
 -23918.5000000000    0.0009427098    0.0000008587
 -23917.0000000000    0.0009440029    0.0000008864
 -23915.5000000000    0.0009453517    0.0000009093
 -23914.0000000000    0.0009467152    0.0000009272
 -23912.5000000000    0.0009480965    0.0000009408
 -23911.0000000000    0.0009495020    0.0000009492
 -23909.5000000000    0.0009509195    0.0000009534
 -23908.0000000000    0.0009523425    0.0000009556
 -23906.5000000000    0.0009537594    0.0000009523
 -23905.0000000000    0.0009551735    0.0000009457
 -23903.5000000000    0.0009565603    0.0000009349
 -23902.0000000000    0.0009579399    0.0000009185
 -23900.5000000000    0.0009592877    0.0000008998
 -23899.0000000000    0.0009606024    0.0000008779
 -23897.5000000000    0.0009618797    0.0000008511
 -23896.0000000000    0.0009631197    0.0000008211
 -23894.5000000000    0.0009643202    0.0000007867
 -23893.0000000000    0.0009654578    0.0000007515
 -23891.5000000000    0.0009665336    0.0000007096
 -23890.0000000000    0.0009675409    0.0000006653
 -23888.5000000000    0.0009684949    0.0000006148
 -23887.0000000000    0.0009693591    0.0000005594
 -23885.5000000000    0.0009701331    0.0000005018
 -23884.0000000000    0.0009708275    0.0000004369
 -23882.5000000000    0.0009714157    0.0000003689
 -23881.0000000000    0.0009719029    0.0000002978
 -23879.5000000000    0.0009722672    0.0000002234
 -23878.0000000000    0.0009725231    0.0000001433
 -23876.5000000000    0.0009726563    0.0000000579
 -23875.0000000000    0.0009726446   -0.0000000327
 -23873.5000000000    0.0009725070   -0.0000001272
 -23872.0000000000    0.0009722145   -0.0000002274
 -23870.5000000000    0.0009717836   -0.0000003332
 -23869.0000000000    0.0009711726   -0.0000004445
 -23867.5000000000    0.0009703961   -0.0000005592
 -23866.0000000000    0.0009694421   -0.0000006799
 -23864.5000000000    0.0009682973   -0.0000008073
 -23863.0000000000    0.0009669613   -0.0000009366
 -23861.5000000000    0.0009654323   -0.0000010725
 -23860.0000000000    0.0009636907   -0.0000012132
 -23858.5000000000    0.0009617321   -0.0000013568
 -23857.0000000000    0.0009595516   -0.0000015060
 -23855.5000000000    0.0009571594   -0.0000016598
 -23854.0000000000    0.0009545318   -0.0000018180
 -23852.5000000000    0.0009516581   -0.0000019784
 -23851.0000000000    0.0009485386   -0.0000021438
 -23849.5000000000    0.0009451675   -0.0000023119
 -23848.0000000000    0.0009415490   -0.0000024842
 -23846.5000000000    0.0009376638   -0.0000026593
 -23845.0000000000    0.0009335078   -0.0000028344
 -23843.5000000000    0.0009290800   -0.0000030136
 -23842.0000000000    0.0009244016   -0.0000031976
 -23840.5000000000    0.0009194432   -0.0000033820
 -23839.0000000000    0.0009142047   -0.0000035670
 -23837.5000000000    0.0009086861   -0.0000037522
 -23836.0000000000    0.0009028887   -0.0000039389
 -23834.5000000000    0.0008968028   -0.0000041259
 -23833.0000000000    0.0008904485   -0.0000043138
 -23831.5000000000    0.0008838040   -0.0000044994
 -23830.0000000000    0.0008768877   -0.0000046856
 -23828.5000000000    0.0008696893   -0.0000048695
 -23827.0000000000    0.0008622096   -0.0000050506
 -23825.5000000000    0.0008544647   -0.0000052294
 -23824.0000000000    0.0008464431   -0.0000054045
 -23822.5000000000    0.0008381766   -0.0000055788
 -23821.0000000000    0.0008296405   -0.0000057480
 -23819.5000000000    0.0008208623   -0.0000059136
 -23818.0000000000    0.0008118293   -0.0000060731
 -23816.5000000000    0.0008025588   -0.0000062286
 -23815.0000000000    0.0007930676   -0.0000063781
 -23813.5000000000    0.0007833511   -0.0000065207
 -23812.0000000000    0.0007734245   -0.0000066563
 -23810.5000000000    0.0007633019   -0.0000067859
 -23809.0000000000    0.0007529960   -0.0000069089
 -23807.5000000000    0.0007425165   -0.0000070246
 -23806.0000000000    0.0007318708   -0.0000071322
 -23804.5000000000    0.0007210615   -0.0000072301
 -23803.0000000000    0.0007101031   -0.0000073189
 -23801.5000000000    0.0006990245   -0.0000074005
 -23800.0000000000    0.0006878399   -0.0000074742
 -23798.5000000000    0.0006765468   -0.0000075383
 -23797.0000000000    0.0006651527   -0.0000075922
 -23795.5000000000    0.0006536817   -0.0000076373
 -23794.0000000000    0.0006421570   -0.0000076743
 -23792.5000000000    0.0006305742   -0.0000077018
 -23791.0000000000    0.0006189754   -0.0000077224
 -23789.5000000000    0.0006073456   -0.0000077332
 -23788.0000000000    0.0005956985   -0.0000077354
 -23786.5000000000    0.0005840602   -0.0000077292
 -23785.0000000000    0.0005724318   -0.0000077146
 -23783.5000000000    0.0005608205   -0.0000076904
 -23782.0000000000    0.0005492607   -0.0000076596
 -23780.5000000000    0.0005377601   -0.0000076227
 -23779.0000000000    0.0005263139   -0.0000075775
 -23777.5000000000    0.0005149445   -0.0000075259
 -23776.0000000000    0.0005036587   -0.0000074681
 -23774.5000000000    0.0004924526   -0.0000074017
 -23773.0000000000    0.0004813629   -0.0000073320
 -23771.5000000000    0.0004703842   -0.0000072571
 -23770.0000000000    0.0004595113   -0.0000071749
 -23768.5000000000    0.0004487676   -0.0000070885
 -23767.0000000000    0.0004381546   -0.0000069978
 -23765.5000000000    0.0004276864   -0.0000069047
 -23764.0000000000    0.0004173623   -0.0000068078
 -23762.5000000000    0.0004071860   -0.0000067076
 -23761.0000000000    0.0003971536   -0.0000066042
 -23759.5000000000    0.0003872863   -0.0000064998
 -23758.0000000000    0.0003775759   -0.0000063938
 -23756.5000000000    0.0003680233   -0.0000062861
 -23755.0000000000    0.0003586358   -0.0000061776
 -23753.5000000000    0.0003494042   -0.0000060672
 -23752.0000000000    0.0003403382   -0.0000059569
 -23750.5000000000    0.0003314436   -0.0000058481
 -23749.0000000000    0.0003227145   -0.0000057399
 -23747.5000000000    0.0003141409   -0.0000056309
 -23746.0000000000    0.0003057302   -0.0000055229
 -23744.5000000000    0.0002974910   -0.0000054179
 -23743.0000000000    0.0002894006   -0.0000053132
 -23741.5000000000    0.0002814650   -0.0000052099
 -23740.0000000000    0.0002736829   -0.0000051073
 -23738.5000000000    0.0002660561   -0.0000050075
 -23737.0000000000    0.0002585693   -0.0000049084
 -23735.5000000000    0.0002512427   -0.0000048130
 -23734.0000000000    0.0002440623   -0.0000047194
 -23732.5000000000    0.0002370191   -0.0000046268
 -23731.0000000000    0.0002301142   -0.0000045356
 -23729.5000000000    0.0002233322   -0.0000044450
 -23728.0000000000    0.0002166950   -0.0000043571
 -23726.5000000000    0.0002101839   -0.0000042699
 -23725.0000000000    0.0002038102   -0.0000041855
 -23723.5000000000    0.0001975616   -0.0000041015
 -23722.0000000000    0.0001914349   -0.0000040181
 -23720.5000000000    0.0001854333   -0.0000039357
 -23719.0000000000    0.0001795590   -0.0000038546
 -23717.5000000000    0.0001738008   -0.0000037731
 -23716.0000000000    0.0001681645   -0.0000036918
 -23714.5000000000    0.0001626458   -0.0000036101
 -23713.0000000000    0.0001572607   -0.0000035305
 -23711.5000000000    0.0001519925   -0.0000034500
 -23710.0000000000    0.0001468445   -0.0000033692
 -23708.5000000000    0.0001418276   -0.0000032896
 -23707.0000000000    0.0001369265   -0.0000032085
 -23705.5000000000    0.0001321523   -0.0000031277
 -23704.0000000000    0.0001274995   -0.0000030462
 -23702.5000000000    0.0001229623   -0.0000029628
 -23701.0000000000    0.0001185508   -0.0000028792
 -23699.5000000000    0.0001142655   -0.0000027951
 -23698.0000000000    0.0001101073   -0.0000027109
 -23696.5000000000    0.0001060830   -0.0000026274
 -23695.0000000000    0.0001021739   -0.0000025417
 -23693.5000000000    0.0000984009   -0.0000024572
 -23692.0000000000    0.0000947471   -0.0000023720
 -23690.5000000000    0.0000912334   -0.0000022889
 -23689.0000000000    0.0000878348   -0.0000022049
 -23687.5000000000    0.0000845679   -0.0000021220
 -23686.0000000000    0.0000814332   -0.0000020414
 -23684.5000000000    0.0000784078   -0.0000019602
 -23683.0000000000    0.0000755071   -0.0000018807
 -23681.5000000000    0.0000727279   -0.0000018033
 -23680.0000000000    0.0000700595   -0.0000017269
 -23678.5000000000    0.0000675097   -0.0000016532
 -23677.0000000000    0.0000650630   -0.0000015807
 -23675.5000000000    0.0000627265   -0.0000015108
 -23674.0000000000    0.0000604910   -0.0000014433
 -23672.5000000000    0.0000583608   -0.0000013793
 -23671.0000000000    0.0000563227   -0.0000013176
 -23669.5000000000    0.0000543753   -0.0000012588
 -23668.0000000000    0.0000525171   -0.0000012033
 -23666.5000000000    0.0000507332   -0.0000011497
 -23665.0000000000    0.0000490367   -0.0000011006
 -23663.5000000000    0.0000474099   -0.0000010540
 -23662.0000000000    0.0000458477   -0.0000010099
 -23660.5000000000    0.0000443500   -0.0000009686
 -23659.0000000000    0.0000429090   -0.0000009300
 -23657.5000000000    0.0000415265   -0.0000008946
 -23656.0000000000    0.0000401989   -0.0000008624
 -23654.5000000000    0.0000389155   -0.0000008324
 -23653.0000000000    0.0000376735   -0.0000008044
 -23651.5000000000    0.0000364749   -0.0000007792
 -23650.0000000000    0.0000353117   -0.0000007559
 -23648.5000000000    0.0000341829   -0.0000007346
 -23647.0000000000    0.0000330820   -0.0000007146
 -23645.5000000000    0.0000320123   -0.0000006965
 -23644.0000000000    0.0000309695   -0.0000006799
 -23642.5000000000    0.0000299535   -0.0000006649
 -23641.0000000000    0.0000289572   -0.0000006505
 -23639.5000000000    0.0000279834   -0.0000006371
 -23638.0000000000    0.0000270345   -0.0000006252
 -23636.5000000000    0.0000260979   -0.0000006128
 -23635.0000000000    0.0000251791   -0.0000006009
 -23633.5000000000    0.0000242774   -0.0000005891
 -23632.0000000000    0.0000233955   -0.0000005778
 -23630.5000000000    0.0000225294   -0.0000005665
 -23629.0000000000    0.0000216799   -0.0000005552
 -23627.5000000000    0.0000208473   -0.0000005438
 -23626.0000000000    0.0000200312   -0.0000005322
 -23624.5000000000    0.0000192346   -0.0000005208
 -23623.0000000000    0.0000184560   -0.0000005092
 -23621.5000000000    0.0000176928   -0.0000004972
 -23620.0000000000    0.0000169485   -0.0000004851
 -23618.5000000000    0.0000162236   -0.0000004730
 -23617.0000000000    0.0000155186   -0.0000004610
 -23615.5000000000    0.0000148304   -0.0000004485
 -23614.0000000000    0.0000141640   -0.0000004362
 -23612.5000000000    0.0000135131   -0.0000004232
 -23611.0000000000    0.0000128819   -0.0000004103
 -23609.5000000000    0.0000122742   -0.0000003980
 -23608.0000000000    0.0000116824   -0.0000003851
 -23606.5000000000    0.0000111126   -0.0000003727
 -23605.0000000000    0.0000105606   -0.0000003601
 -23603.5000000000    0.0000100264   -0.0000003474
 -23602.0000000000    0.0000095116   -0.0000003349
 -23600.5000000000    0.0000090163   -0.0000003225
 -23599.0000000000    0.0000085386   -0.0000003102
 -23597.5000000000    0.0000080805   -0.0000002983
 -23596.0000000000    0.0000076383   -0.0000002863
 -23594.5000000000    0.0000072160   -0.0000002748
 -23593.0000000000    0.0000068109   -0.0000002634
 -23591.5000000000    0.0000064213   -0.0000002521
 -23590.0000000000    0.0000060477   -0.0000002409
 -23588.5000000000    0.0000056922   -0.0000002302
 -23587.0000000000    0.0000053539   -0.0000002199
 -23585.5000000000    0.0000050288   -0.0000002095
 -23584.0000000000    0.0000047186   -0.0000001993
 -23582.5000000000    0.0000044256   -0.0000001896
 -23581.0000000000    0.0000041460   -0.0000001801
 -23579.5000000000    0.0000038819   -0.0000001709
 -23578.0000000000    0.0000036315   -0.0000001620
 -23576.5000000000    0.0000033935   -0.0000001533
 -23575.0000000000    0.0000031672   -0.0000001445
 -23573.5000000000    0.0000029544   -0.0000001362
 -23572.0000000000    0.0000027554   -0.0000001282
 -23570.5000000000    0.0000025682   -0.0000001205
 -23569.0000000000    0.0000023904   -0.0000001128
 -23567.5000000000    0.0000022238   -0.0000001053
 -23566.0000000000    0.0000020696   -0.0000000982
 -23564.5000000000    0.0000019266   -0.0000000916
 -23563.0000000000    0.0000017940   -0.0000000852
 -23561.5000000000    0.0000016673   -0.0000000786
 -23560.0000000000    0.0000015531   -0.0000000727
 -23558.5000000000    0.0000014483   -0.0000000671
 -23557.0000000000    0.0000013509   -0.0000000617
 -23555.5000000000    0.0000012602   -0.0000000564
 -23554.0000000000    0.0000011764   -0.0000000512
 -23552.5000000000    0.0000010994   -0.0000000463
 -23551.0000000000    0.0000010330   -0.0000000422
 -23549.5000000000    0.0000009705   -0.0000000381
 -23548.0000000000    0.0000009147   -0.0000000343
 -23546.5000000000    0.0000008657   -0.0000000310
 -23545.0000000000    0.0000008202   -0.0000000278
 -23543.5000000000    0.0000007799   -0.0000000250
 -23542.0000000000    0.0000007437   -0.0000000224
 -23540.5000000000    0.0000007119   -0.0000000201
 -23539.0000000000    0.0000006825   -0.0000000180
 -23537.5000000000    0.0000006562   -0.0000000161
 -23536.0000000000    0.0000006317   -0.0000000144
 -23534.5000000000    0.0000006111   -0.0000000131
 -23533.0000000000    0.0000005916   -0.0000000119
 -23531.5000000000    0.0000005737   -0.0000000110
 -23530.0000000000    0.0000005578   -0.0000000103
 -23528.5000000000    0.0000005422   -0.0000000096
 -23527.0000000000    0.0000005281   -0.0000000092
 -23525.5000000000    0.0000005144   -0.0000000090
 -23524.0000000000    0.0000005004   -0.0000000087
 -23522.5000000000    0.0000004874   -0.0000000087
 -23521.0000000000    0.0000004736   -0.0000000086
 -23519.5000000000    0.0000004606   -0.0000000088
 -23518.0000000000    0.0000004473   -0.0000000089
 -23516.5000000000    0.0000004324   -0.0000000090
 -23515.0000000000    0.0000004174   -0.0000000090
 -23513.5000000000    0.0000004036   -0.0000000093
 -23512.0000000000    0.0000003894   -0.0000000096
 -23510.5000000000    0.0000003747   -0.0000000099
 -23509.0000000000    0.0000003583   -0.0000000099
 -23507.5000000000    0.0000003433   -0.0000000102
 -23506.0000000000    0.0000003279   -0.0000000103
 -23504.5000000000    0.0000003122   -0.0000000105
 -23503.0000000000    0.0000002965   -0.0000000106
 -23501.5000000000    0.0000002806   -0.0000000106
 -23500.0000000000    0.0000002648   -0.0000000105
