#! FIELDS energy ff dff_energy
#! SET normalisation     1.0000000000
#! SET min_energy -25000
#! SET max_energy -23500
#! SET nbins_energy  1000
#! SET periodic_energy false
 -25000.0000000000             inf    0.0000000000
 -24998.5000000000             inf    0.0000000000
 -24997.0000000000             inf    0.0000000000
 -24995.5000000000             inf    0.0000000000
 -24994.0000000000             inf    0.0000000000
 -24992.5000000000             inf    0.0000000000
 -24991.0000000000             inf    0.0000000000
 -24989.5000000000             inf    0.0000000000
 -24988.0000000000             inf    0.0000000000
 -24986.5000000000             inf    0.0000000000
 -24985.0000000000             inf    0.0000000000
 -24983.5000000000             inf    0.0000000000
 -24982.0000000000             inf    0.0000000000
 -24980.5000000000             inf    0.0000000000
 -24979.0000000000             inf    0.0000000000
 -24977.5000000000             inf    0.0000000000
 -24976.0000000000             inf    0.0000000000
 -24974.5000000000             inf    0.0000000000
 -24973.0000000000             inf    0.0000000000
 -24971.5000000000             inf    0.0000000000
 -24970.0000000000             inf    0.0000000000
 -24968.5000000000             inf    0.0000000000
 -24967.0000000000             inf    0.0000000000
 -24965.5000000000             inf    0.0000000000
 -24964.0000000000             inf    0.0000000000
 -24962.5000000000             inf    0.0000000000
 -24961.0000000000             inf    0.0000000000
 -24959.5000000000             inf    0.0000000000
 -24958.0000000000             inf    0.0000000000
 -24956.5000000000             inf    0.0000000000
 -24955.0000000000             inf    0.0000000000
 -24953.5000000000             inf    0.0000000000
 -24952.0000000000             inf    0.0000000000
 -24950.5000000000             inf    0.0000000000
 -24949.0000000000             inf    0.0000000000
 -24947.5000000000             inf    0.0000000000
 -24946.0000000000             inf    0.0000000000
 -24944.5000000000             inf    0.0000000000
 -24943.0000000000             inf    0.0000000000
 -24941.5000000000             inf    0.0000000000
 -24940.0000000000             inf    0.0000000000
 -24938.5000000000             inf    0.0000000000
 -24937.0000000000             inf    0.0000000000
 -24935.5000000000             inf    0.0000000000
 -24934.0000000000             inf    0.0000000000
 -24932.5000000000             inf    0.0000000000
 -24931.0000000000             inf    0.0000000000
 -24929.5000000000             inf    0.0000000000
 -24928.0000000000             inf    0.0000000000
 -24926.5000000000             inf    0.0000000000
 -24925.0000000000             inf    0.0000000000
 -24923.5000000000             inf    0.0000000000
 -24922.0000000000             inf    0.0000000000
 -24920.5000000000             inf    0.0000000000
 -24919.0000000000             inf    0.0000000000
 -24917.5000000000             inf    0.0000000000
 -24916.0000000000             inf    0.0000000000
 -24914.5000000000             inf    0.0000000000
 -24913.0000000000             inf    0.0000000000
 -24911.5000000000             inf    0.0000000000
 -24910.0000000000             inf    0.0000000000
 -24908.5000000000             inf    0.0000000000
 -24907.0000000000             inf    0.0000000000
 -24905.5000000000             inf    0.0000000000
 -24904.0000000000             inf    0.0000000000
 -24902.5000000000             inf    0.0000000000
 -24901.0000000000             inf    0.0000000000
 -24899.5000000000             inf    0.0000000000
 -24898.0000000000             inf    0.0000000000
 -24896.5000000000             inf    0.0000000000
 -24895.0000000000             inf    0.0000000000
 -24893.5000000000             inf    0.0000000000
 -24892.0000000000             inf    0.0000000000
 -24890.5000000000             inf    0.0000000000
 -24889.0000000000             inf    0.0000000000
 -24887.5000000000             inf    0.0000000000
 -24886.0000000000             inf    0.0000000000
 -24884.5000000000             inf    0.0000000000
 -24883.0000000000             inf    0.0000000000
 -24881.5000000000             inf    0.0000000000
 -24880.0000000000             inf    0.0000000000
 -24878.5000000000             inf    0.0000000000
 -24877.0000000000             inf    0.0000000000
 -24875.5000000000             inf    0.0000000000
 -24874.0000000000             inf    0.0000000000
 -24872.5000000000             inf    0.0000000000
 -24871.0000000000             inf    0.0000000000
 -24869.5000000000             inf    0.0000000000
 -24868.0000000000             inf    0.0000000000
 -24866.5000000000             inf    0.0000000000
 -24865.0000000000             inf    0.0000000000
 -24863.5000000000             inf    0.0000000000
 -24862.0000000000             inf    0.0000000000
 -24860.5000000000             inf    0.0000000000
 -24859.0000000000             inf    0.0000000000
 -24857.5000000000             inf    0.0000000000
 -24856.0000000000             inf    0.0000000000
 -24854.5000000000             inf    0.0000000000
 -24853.0000000000             inf    0.0000000000
 -24851.5000000000             inf    0.0000000000
 -24850.0000000000             inf    0.0000000000
 -24848.5000000000             inf    0.0000000000
 -24847.0000000000             inf    0.0000000000
 -24845.5000000000             inf    0.0000000000
 -24844.0000000000             inf    0.0000000000
 -24842.5000000000             inf    0.0000000000
 -24841.0000000000             inf    0.0000000000
 -24839.5000000000             inf    0.0000000000
 -24838.0000000000             inf    0.0000000000
 -24836.5000000000             inf    0.0000000000
 -24835.0000000000             inf    0.0000000000
 -24833.5000000000             inf    0.0000000000
 -24832.0000000000             inf    0.0000000000
 -24830.5000000000             inf    0.0000000000
 -24829.0000000000             inf    0.0000000000
 -24827.5000000000             inf    0.0000000000
 -24826.0000000000             inf    0.0000000000
 -24824.5000000000             inf    0.0000000000
 -24823.0000000000             inf    0.0000000000
 -24821.5000000000             inf    0.0000000000
 -24820.0000000000             inf    0.0000000000
 -24818.5000000000             inf    0.0000000000
 -24817.0000000000             inf    0.0000000000
 -24815.5000000000             inf    0.0000000000
 -24814.0000000000             inf    0.0000000000
 -24812.5000000000             inf    0.0000000000
 -24811.0000000000             inf    0.0000000000
 -24809.5000000000             inf    0.0000000000
 -24808.0000000000             inf    0.0000000000
 -24806.5000000000             inf    0.0000000000
 -24805.0000000000             inf    0.0000000000
 -24803.5000000000             inf    0.0000000000
 -24802.0000000000             inf    0.0000000000
 -24800.5000000000             inf    0.0000000000
 -24799.0000000000             inf    0.0000000000
 -24797.5000000000             inf    0.0000000000
 -24796.0000000000             inf    0.0000000000
 -24794.5000000000             inf    0.0000000000
 -24793.0000000000             inf    0.0000000000
 -24791.5000000000             inf    0.0000000000
 -24790.0000000000             inf    0.0000000000
 -24788.5000000000             inf    0.0000000000
 -24787.0000000000             inf    0.0000000000
 -24785.5000000000             inf    0.0000000000
 -24784.0000000000             inf    0.0000000000
 -24782.5000000000             inf    0.0000000000
 -24781.0000000000             inf    0.0000000000
 -24779.5000000000             inf    0.0000000000
 -24778.0000000000             inf    0.0000000000
 -24776.5000000000             inf    0.0000000000
 -24775.0000000000             inf    0.0000000000
 -24773.5000000000             inf    0.0000000000
 -24772.0000000000             inf    0.0000000000
 -24770.5000000000             inf    0.0000000000
 -24769.0000000000             inf    0.0000000000
 -24767.5000000000             inf    0.0000000000
 -24766.0000000000             inf    0.0000000000
 -24764.5000000000             inf    0.0000000000
 -24763.0000000000             inf    0.0000000000
 -24761.5000000000             inf    0.0000000000
 -24760.0000000000             inf    0.0000000000
 -24758.5000000000             inf    0.0000000000
 -24757.0000000000             inf    0.0000000000
 -24755.5000000000             inf    0.0000000000
 -24754.0000000000             inf    0.0000000000
 -24752.5000000000             inf    0.0000000000
 -24751.0000000000             inf    0.0000000000
 -24749.5000000000             inf    0.0000000000
 -24748.0000000000             inf    0.0000000000
 -24746.5000000000             inf    0.0000000000
 -24745.0000000000             inf    0.0000000000
 -24743.5000000000             inf    0.0000000000
 -24742.0000000000             inf    0.0000000000
 -24740.5000000000             inf    0.0000000000
 -24739.0000000000             inf    0.0000000000
 -24737.5000000000             inf    0.0000000000
 -24736.0000000000             inf    0.0000000000
 -24734.5000000000             inf    0.0000000000
 -24733.0000000000             inf    0.0000000000
 -24731.5000000000             inf    0.0000000000
 -24730.0000000000             inf    0.0000000000
 -24728.5000000000             inf    0.0000000000
 -24727.0000000000             inf    0.0000000000
 -24725.5000000000             inf    0.0000000000
 -24724.0000000000             inf    0.0000000000
 -24722.5000000000             inf    0.0000000000
 -24721.0000000000             inf    0.0000000000
 -24719.5000000000             inf    0.0000000000
 -24718.0000000000             inf    0.0000000000
 -24716.5000000000             inf    0.0000000000
 -24715.0000000000             inf    0.0000000000
 -24713.5000000000             inf    0.0000000000
 -24712.0000000000             inf    0.0000000000
 -24710.5000000000             inf    0.0000000000
 -24709.0000000000             inf    0.0000000000
 -24707.5000000000             inf    0.0000000000
 -24706.0000000000             inf    0.0000000000
 -24704.5000000000             inf    0.0000000000
 -24703.0000000000             inf    0.0000000000
 -24701.5000000000             inf    0.0000000000
 -24700.0000000000             inf    0.0000000000
 -24698.5000000000             inf    0.0000000000
 -24697.0000000000             inf    0.0000000000
 -24695.5000000000             inf    0.0000000000
 -24694.0000000000             inf    0.0000000000
 -24692.5000000000             inf    0.0000000000
 -24691.0000000000             inf    0.0000000000
 -24689.5000000000             inf    0.0000000000
 -24688.0000000000             inf    0.0000000000
 -24686.5000000000             inf    0.0000000000
 -24685.0000000000             inf    0.0000000000
 -24683.5000000000             inf    0.0000000000
 -24682.0000000000             inf    0.0000000000
 -24680.5000000000             inf    0.0000000000
 -24679.0000000000             inf    0.0000000000
 -24677.5000000000             inf    0.0000000000
 -24676.0000000000             inf    0.0000000000
 -24674.5000000000             inf    0.0000000000
 -24673.0000000000             inf    0.0000000000
 -24671.5000000000             inf    0.0000000000
 -24670.0000000000             inf    0.0000000000
 -24668.5000000000             inf    0.0000000000
 -24667.0000000000             inf    0.0000000000
 -24665.5000000000             inf    0.0000000000
 -24664.0000000000             inf    0.0000000000
 -24662.5000000000             inf    0.0000000000
 -24661.0000000000             inf    0.0000000000
 -24659.5000000000             inf    0.0000000000
 -24658.0000000000             inf    0.0000000000
 -24656.5000000000             inf    0.0000000000
 -24655.0000000000             inf    0.0000000000
 -24653.5000000000             inf    0.0000000000
 -24652.0000000000             inf    0.0000000000
 -24650.5000000000             inf    0.0000000000
 -24649.0000000000             inf    0.0000000000
 -24647.5000000000             inf    0.0000000000
 -24646.0000000000             inf    0.0000000000
 -24644.5000000000             inf    0.0000000000
 -24643.0000000000             inf    0.0000000000
 -24641.5000000000             inf    0.0000000000
 -24640.0000000000             inf    0.0000000000
 -24638.5000000000             inf    0.0000000000
 -24637.0000000000             inf    0.0000000000
 -24635.5000000000             inf    0.0000000000
 -24634.0000000000             inf    0.0000000000
 -24632.5000000000             inf    0.0000000000
 -24631.0000000000             inf    0.0000000000
 -24629.5000000000             inf    0.0000000000
 -24628.0000000000             inf    0.0000000000
 -24626.5000000000             inf    0.0000000000
 -24625.0000000000             inf    0.0000000000
 -24623.5000000000             inf    0.0000000000
 -24622.0000000000             inf    0.0000000000
 -24620.5000000000             inf    0.0000000000
 -24619.0000000000             inf    0.0000000000
 -24617.5000000000             inf    0.0000000000
 -24616.0000000000             inf    0.0000000000
 -24614.5000000000             inf    0.0000000000
 -24613.0000000000             inf    0.0000000000
 -24611.5000000000             inf    0.0000000000
 -24610.0000000000             inf    0.0000000000
 -24608.5000000000             inf    0.0000000000
 -24607.0000000000             inf    0.0000000000
 -24605.5000000000             inf    0.0000000000
 -24604.0000000000             inf    0.0000000000
 -24602.5000000000             inf    0.0000000000
 -24601.0000000000             inf    0.0000000000
 -24599.5000000000             inf    0.0000000000
 -24598.0000000000             inf    0.0000000000
 -24596.5000000000             inf    0.0000000000
 -24595.0000000000             inf    0.0000000000
 -24593.5000000000             inf    0.0000000000
 -24592.0000000000             inf    0.0000000000
 -24590.5000000000             inf    0.0000000000
 -24589.0000000000             inf    0.0000000000
 -24587.5000000000             inf    0.0000000000
 -24586.0000000000             inf    0.0000000000
 -24584.5000000000             inf    0.0000000000
 -24583.0000000000             inf    0.0000000000
 -24581.5000000000             inf    0.0000000000
 -24580.0000000000             inf    0.0000000000
 -24578.5000000000             inf    0.0000000000
 -24577.0000000000             inf    0.0000000000
 -24575.5000000000             inf    0.0000000000
 -24574.0000000000             inf    0.0000000000
 -24572.5000000000             inf    0.0000000000
 -24571.0000000000             inf    0.0000000000
 -24569.5000000000             inf    0.0000000000
 -24568.0000000000             inf    0.0000000000
 -24566.5000000000             inf    0.0000000000
 -24565.0000000000             inf    0.0000000000
 -24563.5000000000             inf    0.0000000000
 -24562.0000000000             inf    0.0000000000
 -24560.5000000000             inf    0.0000000000
 -24559.0000000000             inf    0.0000000000
 -24557.5000000000             inf    0.0000000000
 -24556.0000000000             inf    0.0000000000
 -24554.5000000000             inf    0.0000000000
 -24553.0000000000             inf    0.0000000000
 -24551.5000000000             inf    0.0000000000
 -24550.0000000000             inf    0.0000000000
 -24548.5000000000             inf    0.0000000000
 -24547.0000000000             inf    0.0000000000
 -24545.5000000000             inf    0.0000000000
 -24544.0000000000             inf    0.0000000000
 -24542.5000000000             inf    0.0000000000
 -24541.0000000000             inf    0.0000000000
 -24539.5000000000             inf    0.0000000000
 -24538.0000000000             inf    0.0000000000
 -24536.5000000000             inf    0.0000000000
 -24535.0000000000             inf    0.0000000000
 -24533.5000000000             inf    0.0000000000
 -24532.0000000000             inf    0.0000000000
 -24530.5000000000             inf    0.0000000000
 -24529.0000000000             inf    0.0000000000
 -24527.5000000000             inf    0.0000000000
 -24526.0000000000             inf    0.0000000000
 -24524.5000000000             inf    0.0000000000
 -24523.0000000000             inf    0.0000000000
 -24521.5000000000             inf    0.0000000000
 -24520.0000000000             inf    0.0000000000
 -24518.5000000000             inf    0.0000000000
 -24517.0000000000             inf    0.0000000000
 -24515.5000000000             inf    0.0000000000
 -24514.0000000000             inf    0.0000000000
 -24512.5000000000             inf    0.0000000000
 -24511.0000000000             inf    0.0000000000
 -24509.5000000000             inf    0.0000000000
 -24508.0000000000             inf    0.0000000000
 -24506.5000000000             inf    0.0000000000
 -24505.0000000000             inf    0.0000000000
 -24503.5000000000             inf    0.0000000000
 -24502.0000000000             inf    0.0000000000
 -24500.5000000000             inf    0.0000000000
 -24499.0000000000             inf    0.0000000000
 -24497.5000000000             inf    0.0000000000
 -24496.0000000000             inf    0.0000000000
 -24494.5000000000             inf    0.0000000000
 -24493.0000000000             inf    0.0000000000
 -24491.5000000000             inf    0.0000000000
 -24490.0000000000             inf    0.0000000000
 -24488.5000000000             inf    0.0000000000
 -24487.0000000000             inf    0.0000000000
 -24485.5000000000             inf    0.0000000000
 -24484.0000000000             inf    0.0000000000
 -24482.5000000000             inf    0.0000000000
 -24481.0000000000             inf    0.0000000000
 -24479.5000000000             inf    0.0000000000
 -24478.0000000000             inf    0.0000000000
 -24476.5000000000             inf    0.0000000000
 -24475.0000000000             inf    0.0000000000
 -24473.5000000000             inf    0.0000000000
 -24472.0000000000             inf    0.0000000000
 -24470.5000000000             inf    0.0000000000
 -24469.0000000000             inf    0.0000000000
 -24467.5000000000             inf    0.0000000000
 -24466.0000000000             inf    0.0000000000
 -24464.5000000000             inf    0.0000000000
 -24463.0000000000             inf    0.0000000000
 -24461.5000000000             inf    0.0000000000
 -24460.0000000000             inf    0.0000000000
 -24458.5000000000             inf    0.0000000000
 -24457.0000000000             inf    0.0000000000
 -24455.5000000000             inf    0.0000000000
 -24454.0000000000             inf    0.0000000000
 -24452.5000000000             inf    0.0000000000
 -24451.0000000000             inf    0.0000000000
 -24449.5000000000             inf    0.0000000000
 -24448.0000000000             inf    0.0000000000
 -24446.5000000000             inf    0.0000000000
 -24445.0000000000             inf    0.0000000000
 -24443.5000000000             inf    0.0000000000
 -24442.0000000000             inf    0.0000000000
 -24440.5000000000             inf    0.0000000000
 -24439.0000000000             inf    0.0000000000
 -24437.5000000000             inf    0.0000000000
 -24436.0000000000             inf    0.0000000000
 -24434.5000000000             inf    0.0000000000
 -24433.0000000000             inf    0.0000000000
 -24431.5000000000             inf    0.0000000000
 -24430.0000000000             inf    0.0000000000
 -24428.5000000000             inf    0.0000000000
 -24427.0000000000             inf    0.0000000000
 -24425.5000000000             inf    0.0000000000
 -24424.0000000000             inf    0.0000000000
 -24422.5000000000             inf    0.0000000000
 -24421.0000000000             inf    0.0000000000
 -24419.5000000000             inf    0.0000000000
 -24418.0000000000             inf    0.0000000000
 -24416.5000000000             inf    0.0000000000
 -24415.0000000000             inf    0.0000000000
 -24413.5000000000             inf    0.0000000000
 -24412.0000000000             inf    0.0000000000
 -24410.5000000000             inf    0.0000000000
 -24409.0000000000             inf    0.0000000000
 -24407.5000000000             inf    0.0000000000
 -24406.0000000000             inf    0.0000000000
 -24404.5000000000             inf    0.0000000000
 -24403.0000000000   89.8450972089   -0.3533473219
 -24401.5000000000   89.3173211308   -0.3503541155
 -24400.0000000000   88.7940348623   -0.3473609092
 -24398.5000000000   88.2752384033   -0.3443677028
 -24397.0000000000   87.7609317538   -0.3413744965
 -24395.5000000000   85.0830656829   -0.3445293278
 -24394.0000000000   83.1145975427   -0.3447223856
 -24392.5000000000   82.5997404737   -0.3417537057
 -24391.0000000000   82.0893364278   -0.3387850214
 -24389.5000000000   81.5833854118   -0.3358163324
 -24388.0000000000   81.0818874331   -0.3328476382
 -24386.5000000000   80.5848424998   -0.3298789386
 -24385.0000000000   80.0922506204   -0.3269102330
 -24383.5000000000   79.0298871971   -0.3272945213
 -24382.0000000000   78.5411531334   -0.3243509184
 -24380.5000000000   78.0568343774   -0.3214074444
 -24379.0000000000   77.5769307357   -0.3184640993
 -24377.5000000000   77.1014420153   -0.3155208826
 -24376.0000000000   76.6303680236   -0.3125777943
 -24374.5000000000   76.1637085682   -0.3096348341
 -24373.0000000000   75.7014634572   -0.3066920018
 -24371.5000000000   75.2436324990   -0.3037492971
 -24370.0000000000   74.5578929456   -0.3032302355
 -24368.5000000000   73.8980865074   -0.3024857441
 -24367.0000000000   73.4465158261   -0.2996086416
 -24365.5000000000   72.8403263089   -0.2985549611
 -24364.0000000000   72.2533887483   -0.2973569713
 -24362.5000000000   71.8094702126   -0.2945346431
 -24361.0000000000   71.3697841182   -0.2917137165
 -24359.5000000000   70.9343283615   -0.2888941930
 -24358.0000000000   70.5031008368   -0.2860760741
 -24356.5000000000   70.0760994364   -0.2832593607
 -24355.0000000000   69.6533220515   -0.2804440536
 -24353.5000000000   69.2347665725   -0.2776301529
 -24352.0000000000   68.7475318729   -0.2759585189
 -24350.5000000000   68.3356845189   -0.2731715887
 -24349.0000000000   67.9280161995   -0.2703864733
 -24347.5000000000   67.4712882695   -0.2685313960
 -24346.0000000000   67.0705609731   -0.2657720408
 -24344.5000000000   66.6739710206   -0.2630149385
 -24343.0000000000   66.2815150283   -0.2602600948
 -24341.5000000000   65.8931896042   -0.2575075150
 -24340.0000000000   65.5089913491   -0.2547572036
 -24338.5000000000   65.1289168572   -0.2520091647
 -24337.0000000000   64.7233949996   -0.2498943116
 -24335.5000000000   64.3225792512   -0.2477752177
 -24334.0000000000   63.9271284848   -0.2456408995
 -24332.5000000000   63.5356034011   -0.2435147064
 -24331.0000000000   63.1507391756   -0.2413499996
 -24329.5000000000   62.7906960717   -0.2387082475
 -24328.0000000000   62.4150500293   -0.2365350763
 -24326.5000000000   62.0446290668   -0.2343457741
 -24325.0000000000   61.6950592016   -0.2317483134
 -24323.5000000000   61.3344923617   -0.2295350074
 -24322.0000000000   60.9780315276   -0.2273253757
 -24320.5000000000   60.5988930214   -0.2258146157
 -24319.0000000000   60.2489962408   -0.2236461529
 -24317.5000000000   59.9040391529   -0.2214626728
 -24316.0000000000   59.5736986259   -0.2189927936
 -24314.5000000000   59.2470564586   -0.2165315414
 -24313.0000000000   58.9240996453   -0.2140790021
 -24311.5000000000   58.5955427808   -0.2118997014
 -24310.0000000000   58.2707802011   -0.2097278590
 -24308.5000000000   57.9503100530   -0.2075511551
 -24307.0000000000   57.6331574296   -0.2053925296
 -24305.5000000000   57.3195185870   -0.2032468824
 -24304.0000000000   57.0097893047   -0.2011039609
 -24302.5000000000   56.7098801159   -0.1987768313
 -24301.0000000000   56.3838735629   -0.1973938332
 -24299.5000000000   56.0894822685   -0.1951300334
 -24298.0000000000   55.7829395810   -0.1933819243
 -24296.5000000000   55.4895248196   -0.1913296042
 -24295.0000000000   55.1947678119   -0.1894459387
 -24293.5000000000   54.9037363829   -0.1875655222
 -24292.0000000000   54.6198481009   -0.1855679110
 -24290.5000000000   54.3314789683   -0.1838497199
 -24289.0000000000   54.0500867400   -0.1820176108
 -24287.5000000000   53.7786022022   -0.1799646113
 -24286.0000000000   53.5004436981   -0.1782737536
 -24284.5000000000   53.2314115683   -0.1763832483
 -24283.0000000000   52.9596705009   -0.1747175936
 -24281.5000000000   52.6881687035   -0.1731701173
 -24280.0000000000   52.4272816815   -0.1713581319
 -24278.5000000000   52.1666868804   -0.1696603991
 -24277.0000000000   51.9063984747   -0.1680758338
 -24275.5000000000   51.6490688073   -0.1665057235
 -24274.0000000000   51.3919818333   -0.1650488445
 -24272.5000000000   51.1457223483   -0.1633007501
 -24271.0000000000   50.8982631241   -0.1617219367
 -24269.5000000000   50.6531291526   -0.1601732740
 -24268.0000000000   50.4053506262   -0.1588503274
 -24266.5000000000   50.1682984726   -0.1572229718
 -24265.0000000000   49.9320610675   -0.1556822172
 -24263.5000000000   49.6982316888   -0.1541632337
 -24262.0000000000   49.4666520012   -0.1526700736
 -24260.5000000000   49.2387959763   -0.1511416222
 -24259.0000000000   49.0078546819   -0.1498548885
 -24257.5000000000   48.7778111210   -0.1486448151
 -24256.0000000000   48.5511110675   -0.1474081610
 -24254.5000000000   48.3264280920   -0.1461976453
 -24253.0000000000   48.1070813052   -0.1448719389
 -24251.5000000000   47.8886892159   -0.1436137242
 -24250.0000000000   47.6692635525   -0.1425060336
 -24248.5000000000   47.4477935711   -0.1415896569
 -24247.0000000000   47.2334914140   -0.1404662090
 -24245.5000000000   47.0200732478   -0.1394050224
 -24244.0000000000   46.8067774657   -0.1384375562
 -24242.5000000000   46.5967596054   -0.1374234996
 -24241.0000000000   46.3859746136   -0.1365372086
 -24239.5000000000   46.1797149552   -0.1355439567
 -24238.0000000000   45.9757583591   -0.1345397324
 -24236.5000000000   45.7726050056   -0.1335883927
 -24235.0000000000   45.5723499112   -0.1325951063
 -24233.5000000000   45.3735752833   -0.1316205888
 -24232.0000000000   45.1762758682   -0.1306630410
 -24230.5000000000   44.9804410611   -0.1297208941
 -24229.0000000000   44.7825705482   -0.1289501141
 -24227.5000000000   44.5881986473   -0.1280971659
 -24226.0000000000   44.3952044128   -0.1272569979
 -24224.5000000000   44.2034984873   -0.1264312941
 -24223.0000000000   44.0121144773   -0.1256625729
 -24221.5000000000   43.8219415109   -0.1249075801
 -24220.0000000000   43.6333968156   -0.1241450196
 -24218.5000000000   43.4452109501   -0.1234322402
 -24217.0000000000   43.2594167839   -0.1226724942
 -24215.5000000000   43.0752032815   -0.1219021627
 -24214.0000000000   42.8906539281   -0.1212096132
 -24212.5000000000   42.7071999052   -0.1205254620
 -24211.0000000000   42.5255337185   -0.1198154656
 -24209.5000000000   42.3442887340   -0.1191430563
 -24208.0000000000   42.1651447844   -0.1184272256
 -24206.5000000000   41.9861389237   -0.1177600719
 -24205.0000000000   41.8084639206   -0.1170831130
 -24203.5000000000   41.6324928675   -0.1163778954
 -24202.0000000000   41.4573183975   -0.1156868400
 -24200.5000000000   41.2806778982   -0.1151176129
 -24199.0000000000   41.1066386086   -0.1144728919
 -24197.5000000000   40.9346911905   -0.1137769100
 -24196.0000000000   40.7633102440   -0.1131030350
 -24194.5000000000   40.5932120322   -0.1124157076
 -24193.0000000000   40.4239758000   -0.1117352539
 -24191.5000000000   40.2555761325   -0.1110623220
 -24190.0000000000   40.0888625559   -0.1103547151
 -24188.5000000000   39.9223903868   -0.1096835284
 -24187.0000000000   39.7575993103   -0.1089774681
 -24185.5000000000   39.5932429690   -0.1082978198
 -24184.0000000000   39.4296203069   -0.1076302112
 -24182.5000000000   39.2674392979   -0.1069391851
 -24181.0000000000   39.1068670416   -0.1062164474
 -24179.5000000000   38.9466831770   -0.1055232177
 -24178.0000000000   38.7879455553   -0.1048067878
 -24176.5000000000   38.6303032816   -0.1040849420
 -24175.0000000000   38.4737923295   -0.1033563479
 -24173.5000000000   38.3182498381   -0.1026295183
 -24172.0000000000   38.1626149827   -0.1019585080
 -24170.5000000000   38.0092442608   -0.1012239507
 -24169.0000000000   37.8575803303   -0.1004548135
 -24167.5000000000   37.7063761999   -0.0997152711
 -24166.0000000000   37.5565907948   -0.0989567379
 -24164.5000000000   37.4082424312   -0.0981788848
 -24163.0000000000   37.2608298854   -0.0974081015
 -24161.5000000000   37.1144736573   -0.0966386642
 -24160.0000000000   36.9697846250   -0.0958395074
 -24158.5000000000   36.8256115455   -0.0950711114
 -24157.0000000000   36.6826200622   -0.0942992182
 -24155.5000000000   36.5409144697   -0.0935188769
 -24154.0000000000   36.4009472028   -0.0927070199
 -24152.5000000000   36.2618914869   -0.0919077083
 -24151.0000000000   36.1242524802   -0.0910947986
 -24149.5000000000   35.9878512616   -0.0902783680
 -24148.0000000000   35.8525958673   -0.0894638152
 -24146.5000000000   35.7182942478   -0.0886618205
 -24145.0000000000   35.5854770203   -0.0878444119
 -24143.5000000000   35.4532816290   -0.0870583573
 -24142.0000000000   35.3228911798   -0.0862403497
 -24140.5000000000   35.1937542210   -0.0854206771
 -24139.0000000000   35.0656895107   -0.0846093993
 -24137.5000000000   34.9387026597   -0.0838065755
 -24136.0000000000   34.8129258977   -0.0830051796
 -24134.5000000000   34.6888300986   -0.0821798619
 -24133.0000000000   34.5656061287   -0.0813751407
 -24131.5000000000   34.4438876671   -0.0805563659
 -24130.0000000000   34.3233294053   -0.0797427372
 -24128.5000000000   34.2039992083   -0.0789306451
 -24127.0000000000   34.0860202677   -0.0781133090
 -24125.5000000000   33.9686955437   -0.0773296490
 -24124.0000000000   33.8528098079   -0.0765357601
 -24122.5000000000   33.7383717279   -0.0757311870
 -24121.0000000000   33.6249655638   -0.0749392461
 -24119.5000000000   33.5126340092   -0.0741574008
 -24118.0000000000   33.4016520486   -0.0733699790
 -24116.5000000000   33.2920862342   -0.0725731359
 -24115.0000000000   33.1836040590   -0.0717855663
 -24113.5000000000   33.0759231942   -0.0710231060
 -24112.0000000000   32.9697175550   -0.0702470624
 -24110.5000000000   32.8647792999   -0.0694690611
 -24109.0000000000   32.7609592924   -0.0686974169
 -24107.5000000000   32.6581480785   -0.0679381038
 -24106.0000000000   32.5564352478   -0.0671856334
 -24104.5000000000   32.4558988292   -0.0664350879
 -24103.0000000000   32.3566329893   -0.0656806732
 -24101.5000000000   32.2585903336   -0.0649247732
 -24100.0000000000   32.1614530820   -0.0641855183
 -24098.5000000000   32.0654738512   -0.0634477359
 -24097.0000000000   31.9706083660   -0.0627136220
 -24095.5000000000   31.8767093319   -0.0619913184
 -24094.0000000000   31.7841145836   -0.0612605742
 -24092.5000000000   31.6926114710   -0.0605334594
 -24091.0000000000   31.6021990718   -0.0598096135
 -24089.5000000000   31.5127926979   -0.0590936128
 -24088.0000000000   31.4244296833   -0.0583828275
 -24086.5000000000   31.3371652471   -0.0576734423
 -24085.0000000000   31.2510437059   -0.0569624345
 -24083.5000000000   31.1658816440   -0.0562603748
 -24082.0000000000   31.0817730870   -0.0555611579
 -24080.5000000000   30.9988214967   -0.0548581528
 -24079.0000000000   30.9169614591   -0.0541549365
 -24077.5000000000   30.8360825925   -0.0534577692
 -24076.0000000000   30.7562552652   -0.0527620612
 -24074.5000000000   30.6774760140   -0.0520676654
 -24073.0000000000   30.5996349179   -0.0513808831
 -24071.5000000000   30.5229584399   -0.0506876102
 -24070.0000000000   30.4472919555   -0.0499970159
 -24068.5000000000   30.3727556674   -0.0493014429
 -24067.0000000000   30.2992001031   -0.0486098341
 -24065.5000000000   30.2265959962   -0.0479237798
 -24064.0000000000   30.1551725822   -0.0472288876
 -24062.5000000000   30.0847655824   -0.0465351781
 -24061.0000000000   30.0153367621   -0.0458448139
 -24059.5000000000   29.9469782458   -0.0451519773
 -24058.0000000000   29.8795730041   -0.0444638117
 -24056.5000000000   29.8132623048   -0.0437714328
 -24055.0000000000   29.7479911008   -0.0430782028
 -24053.5000000000   29.6837909676   -0.0423821190
 -24052.0000000000   29.6207197874   -0.0416795396
 -24050.5000000000   29.5585437268   -0.0409851965
 -24049.0000000000   29.4974928461   -0.0402845944
 -24047.5000000000   29.4375142656   -0.0395846601
 -24046.0000000000   29.3785901758   -0.0388791202
 -24044.5000000000   29.3206508337   -0.0381764992
 -24043.0000000000   29.2638424207   -0.0374675830
 -24041.5000000000   29.2080753429   -0.0367582398
 -24040.0000000000   29.1533523963   -0.0360520979
 -24038.5000000000   29.0996886827   -0.0353440226
 -24037.0000000000   29.0471145929   -0.0346291554
 -24035.5000000000   28.9956425422   -0.0339107371
 -24034.0000000000   28.9451540532   -0.0331965842
 -24032.5000000000   28.8957874518   -0.0324779649
 -24031.0000000000   28.8475714879   -0.0317532419
 -24029.5000000000   28.8004647900   -0.0310253237
 -24028.0000000000   28.7544979871   -0.0302957371
 -24026.5000000000   28.7095823089   -0.0295636471
 -24025.0000000000   28.6656068122   -0.0288401800
 -24023.5000000000   28.6228313276   -0.0281085609
 -24022.0000000000   28.5811557980   -0.0273756148
 -24020.5000000000   28.5406014731   -0.0266401758
 -24019.0000000000   28.5011295178   -0.0259050560
 -24017.5000000000   28.4628046797   -0.0251662155
 -24016.0000000000   28.4255684240   -0.0244277748
 -24014.5000000000   28.3895038900   -0.0236873928
 -24013.0000000000   28.3544026909   -0.0229558056
 -24011.5000000000   28.3204625150   -0.0222172507
 -24010.0000000000   28.2876734842   -0.0214787961
 -24008.5000000000   28.2559504672   -0.0207429975
 -24007.0000000000   28.2253324493   -0.0200045092
 -24005.5000000000   28.1958008486   -0.0192680148
 -24004.0000000000   28.1674546762   -0.0185269662
 -24002.5000000000   28.1401990238   -0.0177878971
 -24001.0000000000   28.1140112218   -0.0170524359
 -23999.5000000000   28.0889863738   -0.0163142025
 -23998.0000000000   28.0650680502   -0.0155770974
 -23996.5000000000   28.0422733918   -0.0148426923
 -23995.0000000000   28.0204804709   -0.0141136400
 -23993.5000000000   27.9998009014   -0.0133853091
 -23992.0000000000   27.9802513008   -0.0126593382
 -23990.5000000000   27.9617695302   -0.0119340257
 -23989.0000000000   27.9444129308   -0.0112084864
 -23987.5000000000   27.9280840461   -0.0104893495
 -23986.0000000000   27.9128327020   -0.0097730472
 -23984.5000000000   27.8986731074   -0.0090584469
 -23983.0000000000   27.8856214370   -0.0083442606
 -23981.5000000000   27.8736195957   -0.0076371955
 -23980.0000000000   27.8627147562   -0.0069305391
 -23978.5000000000   27.8528490503   -0.0062282227
 -23977.0000000000   27.8440519910   -0.0055278128
 -23975.5000000000   27.8363044762   -0.0048307389
 -23974.0000000000   27.8295801938   -0.0041355540
 -23972.5000000000   27.8238969091   -0.0034465232
 -23971.0000000000   27.8192444322   -0.0027611383
 -23969.5000000000   27.8155794990   -0.0020792773
 -23968.0000000000   27.8129521780   -0.0014029092
 -23966.5000000000   27.8113566226   -0.0007289199
 -23965.0000000000   27.8107895736   -0.0000626387
 -23963.5000000000   27.8111974809    0.0006040969
 -23962.0000000000   27.8126032966    0.0012669252
 -23960.5000000000   27.8149625110    0.0019260647
 -23959.0000000000   27.8183063366    0.0025811306
 -23957.5000000000   27.8226507837    0.0032337218
 -23956.0000000000   27.8279892755    0.0038812066
 -23954.5000000000   27.8342774347    0.0045237718
 -23953.0000000000   27.8415654270    0.0051653180
 -23951.5000000000   27.8498122460    0.0058036517
 -23950.0000000000   27.8589572617    0.0064347400
 -23948.5000000000   27.8691035351    0.0070663710
 -23947.0000000000   27.8801759595    0.0076963552
 -23945.5000000000   27.8922673168    0.0083154368
 -23944.0000000000   27.9051893707    0.0089386714
 -23942.5000000000   27.9190831250    0.0095536674
 -23941.0000000000   27.9338776216    0.0101702800
 -23939.5000000000   27.9496338799    0.0107845631
 -23938.0000000000   27.9663119006    0.0113967251
 -23936.5000000000   27.9838664235    0.0120070123
 -23935.0000000000   28.0023942750    0.0126141358
 -23933.5000000000   28.0218130713    0.0132212270
 -23932.0000000000   28.0421015168    0.0138297975
 -23930.5000000000   28.0633214938    0.0144299991
 -23929.0000000000   28.0854410542    0.0150348973
 -23927.5000000000   28.1084894364    0.0156347695
 -23926.0000000000   28.1324776346    0.0162342110
 -23924.5000000000   28.1573035598    0.0168378380
 -23923.0000000000   28.1830352005    0.0174384656
 -23921.5000000000   28.2097073546    0.0180392693
 -23920.0000000000   28.2372638926    0.0186389560
 -23918.5000000000   28.2657371824    0.0192378743
 -23917.0000000000   28.2950490888    0.0198447712
 -23915.5000000000   28.3252941053    0.0204480185
 -23914.0000000000   28.3564426236    0.0210524428
 -23912.5000000000   28.3885629024    0.0216536395
 -23911.0000000000   28.4214812697    0.0222638247
 -23909.5000000000   28.4553360688    0.0228738437
 -23908.0000000000   28.4901297440    0.0234871226
 -23906.5000000000   28.5258438382    0.0241024803
 -23905.0000000000   28.5624615065    0.0247214374
 -23903.5000000000   28.6000969343    0.0253368535
 -23902.0000000000   28.6386810293    0.0259536844
 -23900.5000000000   28.6781722520    0.0265750844
 -23899.0000000000   28.7185982085    0.0271996629
 -23897.5000000000   28.7598961121    0.0278319667
 -23896.0000000000   28.8021443446    0.0284639498
 -23894.5000000000   28.8454377612    0.0290961586
 -23893.0000000000   28.8897768891    0.0297259610
 -23891.5000000000   28.9348960740    0.0303675100
 -23890.0000000000   28.9810290652    0.0310126889
 -23888.5000000000   29.0281847492    0.0316582039
 -23887.0000000000   29.0762645850    0.0323107845
 -23885.5000000000   29.1253754005    0.0329605117
 -23884.0000000000   29.1753657016    0.0336204839
 -23882.5000000000   29.2263486812    0.0342871641
 -23881.0000000000   29.2783582530    0.0349556536
 -23879.5000000000   29.3313255090    0.0356306827
 -23878.0000000000   29.3853071185    0.0363089007
 -23876.5000000000   29.4403087864    0.0369902073
 -23875.0000000000   29.4963358423    0.0376745027
 -23873.5000000000   29.5535505284    0.0383516925
 -23872.0000000000   29.6116784770    0.0390393208
 -23870.5000000000   29.6708437272    0.0397297494
 -23869.0000000000   29.7310176624    0.0404207597
 -23867.5000000000   29.7923171855    0.0411128757
 -23866.0000000000   29.8546576900    0.0418077802
 -23864.5000000000   29.9180135821    0.0425071130
 -23863.0000000000   29.9824820188    0.0432048438
 -23861.5000000000   30.0479109455    0.0439103918
 -23860.0000000000   30.1143706024    0.0446193554
 -23858.5000000000   30.1820203389    0.0453217790
 -23857.0000000000   30.2507261020    0.0460257826
 -23855.5000000000   30.3204260972    0.0467350151
 -23854.0000000000   30.3912562395    0.0474409402
 -23852.5000000000   30.4630536189    0.0481533336
 -23851.0000000000   30.5360196508    0.0488595901
 -23849.5000000000   30.6100101647    0.0495681798
 -23848.0000000000   30.6850020893    0.0502802330
 -23846.5000000000   30.7610971366    0.0509891756
 -23845.0000000000   30.8385685317    0.0516780006
 -23843.5000000000   30.9168684223    0.0523794333
 -23842.0000000000   30.9960815487    0.0530879401
 -23840.5000000000   31.0764306998    0.0537896041
 -23839.0000000000   31.1577942606    0.0544911883
 -23837.5000000000   31.2402535843    0.0551873069
 -23836.0000000000   31.3237972612    0.0558780289
 -23834.5000000000   31.4082560881    0.0565728201
 -23833.0000000000   31.4939169393    0.0572540216
 -23831.5000000000   31.5804814284    0.0579386967
 -23830.0000000000   31.6681850756    0.0586121650
 -23828.5000000000   31.7569958129    0.0592757524
 -23827.0000000000   31.8467225173    0.0599399854
 -23825.5000000000   31.9373135020    0.0606071905
 -23824.0000000000   32.0290762866    0.0612585901
 -23822.5000000000   32.1217338642    0.0619097371
 -23821.0000000000   32.2153650358    0.0625552578
 -23819.5000000000   32.3099692009    0.0631945044
 -23818.0000000000   32.4055799205    0.0638247641
 -23816.5000000000   32.5025214683    0.0644264212
 -23815.0000000000   32.5999878311    0.0650455491
 -23813.5000000000   32.6981848538    0.0656695785
 -23812.0000000000   32.7975638240    0.0662717073
 -23810.5000000000   32.8977472778    0.0668730444
 -23809.0000000000   32.9987323337    0.0674731371
 -23807.5000000000   33.1007263834    0.0680594255
 -23806.0000000000   33.2036563586    0.0686354536
 -23804.5000000000   33.3072316190    0.0692173011
 -23803.0000000000   33.4120241266    0.0697717591
 -23801.5000000000   33.5176545332    0.0703198672
 -23800.0000000000   33.6240477719    0.0708654047
 -23798.5000000000   33.7309629484    0.0714217220
 -23797.0000000000   33.8388961421    0.0719603173
 -23795.5000000000   33.9475108501    0.0724998573
 -23794.0000000000   34.0569393677    0.0730326361
 -23792.5000000000   34.1672391020    0.0735551687
 -23791.0000000000   34.2785300517    0.0740604572
 -23789.5000000000   34.3903697745    0.0745731505
 -23788.0000000000   34.5034857055    0.0750524888
 -23786.5000000000   34.6168232831    0.0755573735
 -23785.0000000000   34.7309369981    0.0760571021
 -23783.5000000000   34.8459561781    0.0765444602
 -23782.0000000000   34.9618809495    0.0770196355
 -23780.5000000000   35.0785237929    0.0774931645
 -23779.0000000000   35.1954089093    0.0779919076
 -23777.5000000000   35.3134668535    0.0784647461
 -23776.0000000000   35.4319016567    0.0789560181
 -23774.5000000000   35.5511654406    0.0794413648
 -23773.0000000000   35.6711690948    0.0799262741
 -23771.5000000000   35.7917159894    0.0804221443
 -23770.0000000000   35.9138926960    0.0808702362
 -23768.5000000000   36.0363727340    0.0813436192
 -23767.0000000000   36.1591811651    0.0818419514
 -23765.5000000000   36.2830654618    0.0823254870
 -23764.0000000000   36.4079074700    0.0828014951
 -23762.5000000000   36.5331562032    0.0833008809
 -23761.0000000000   36.6587351564    0.0838290848
 -23759.5000000000   36.7853428821    0.0843494572
 -23758.0000000000   36.9135650175    0.0848314270
 -23756.5000000000   37.0418373301    0.0853605515
 -23755.0000000000   37.1706708238    0.0859107232
 -23753.5000000000   37.3004758954    0.0864613439
 -23752.0000000000   37.4315177284    0.0869995137
 -23750.5000000000   37.5635469775    0.0875400081
 -23749.0000000000   37.6962754644    0.0880995369
 -23747.5000000000   37.8294570744    0.0886928832
 -23746.0000000000   37.9632586901    0.0893127878
 -23744.5000000000   38.0987460293    0.0899043296
 -23743.0000000000   38.2350141559    0.0905169421
 -23741.5000000000   38.3722569329    0.0911421488
 -23740.0000000000   38.5109294015    0.0917573574
 -23738.5000000000   38.6497779814    0.0924304579
 -23737.0000000000   38.7896472306    0.0931187498
 -23735.5000000000   38.9305779892    0.0938219218
 -23734.0000000000   39.0729545161    0.0945216705
 -23732.5000000000   39.2166439835    0.0952268064
 -23731.0000000000   39.3612136539    0.0959611175
 -23729.5000000000   39.5065474135    0.0967327153
 -23728.0000000000   39.6537045224    0.0974888744
 -23726.5000000000   39.8020453178    0.0982640223
 -23725.0000000000   39.9509534569    0.0990915537
 -23723.5000000000   40.1009274400    0.0999479396
 -23722.0000000000   40.2526487114    0.1008000736
 -23720.5000000000   40.4057278519    0.1016697807
 -23719.0000000000   40.5601865967    0.1025576867
 -23717.5000000000   40.7167434971    0.1034289969
 -23716.0000000000   40.8736636785    0.1043728430
 -23714.5000000000   41.0323232900    0.1053221711
 -23713.0000000000   41.1916171655    0.1063335707
 -23711.5000000000   41.3530204522    0.1073356341
 -23710.0000000000   41.5169077714    0.1083118542
 -23708.5000000000   41.6807992129    0.1093855357
 -23707.0000000000   41.8466801277    0.1104613526
 -23705.5000000000   42.0148196179    0.1115273551
 -23704.0000000000   42.1843330200    0.1126286898
 -23702.5000000000   42.3565835012    0.1137007251
 -23701.0000000000   42.5298600518    0.1148277900
 -23699.5000000000   42.7048879484    0.1159763726
 -23698.0000000000   42.8813519990    0.1171632636
 -23696.5000000000   43.0584784003    0.1184265778
 -23695.0000000000   43.2400414375    0.1195897455
 -23693.5000000000   43.4221981099    0.1208348066
 -23692.0000000000   43.6062039078    0.1221038357
 -23690.5000000000   43.7917477108    0.1234133592
 -23689.0000000000   43.9807905149    0.1246742742
 -23687.5000000000   44.1703153721    0.1260263150
 -23686.0000000000   44.3624752945    0.1273726565
 -23684.5000000000   44.5578698939    0.1286877140
 -23683.0000000000   44.7553619336    0.1300239767
 -23681.5000000000   44.9538388500    0.1314327213
 -23680.0000000000   45.1540173821    0.1328835702
 -23678.5000000000   45.3589796761    0.1342407282
 -23677.0000000000   45.5648891510    0.1356749548
 -23675.5000000000   45.7710530212    0.1372172761
 -23674.0000000000   45.9787978492    0.1388101270
 -23672.5000000000   46.1882410212    0.1404498637
 -23671.0000000000   46.4009639730    0.1420698688
 -23669.5000000000   46.6218265948    0.1434652427
 -23668.0000000000   46.8408642567    0.1450585391
 -23666.5000000000   47.0624649659    0.1466663217
 -23665.0000000000   47.2856155803    0.1483309712
 -23663.5000000000   47.5123306078    0.1499707129
 -23662.0000000000   47.7396098213    0.1517091705
 -23660.5000000000   47.9706702126    0.1534167572
 -23659.0000000000   48.2021529139    0.1552290182
 -23657.5000000000   48.4446585532    0.1567256041
 -23656.0000000000   48.6848266845    0.1584360417
 -23654.5000000000   48.9265229967    0.1602091270
 -23653.0000000000   49.1737316909    0.1618907068
 -23651.5000000000   49.4224078088    0.1636384814
 -23650.0000000000   49.6754034698    0.1653437003
 -23648.5000000000   49.9248867298    0.1673024421
 -23647.0000000000   50.1789558696    0.1692108487
 -23645.5000000000   50.4395150459    0.1710006730
 -23644.0000000000   50.6975175480    0.1730044054
 -23642.5000000000   50.9585335058    0.1750186250
 -23641.0000000000   51.2225786969    0.1770433924
 -23639.5000000000   51.4982740944    0.1787749310
 -23638.0000000000   51.7749398999    0.1805926731
 -23636.5000000000   52.0522479715    0.1825064299
 -23635.0000000000   52.3327392866    0.1844293345
 -23633.5000000000   52.6109693238    0.1865455805
 -23632.0000000000   52.9009351353    0.1883855070
 -23630.5000000000   53.1943288261    0.1902297446
 -23629.0000000000   53.4878307028    0.1921866482
 -23627.5000000000   53.7777498076    0.1943735061
 -23626.0000000000   54.0780757723    0.1963415445
 -23624.5000000000   54.3742466234    0.1985542313
 -23623.0000000000   54.6779742406    0.2006447714
 -23621.5000000000   54.9806157226    0.2028784978
 -23620.0000000000   55.2866136240    0.2051200038
 -23618.5000000000   55.5959796424    0.2073693263
 -23617.0000000000   55.9142772080    0.2094665076
 -23615.5000000000   56.2358830189    0.2115744007
 -23614.0000000000   56.5672644175    0.2135129193
 -23612.5000000000   56.9016811935    0.2154693477
 -23611.0000000000   57.2335498427    0.2176045824
 -23609.5000000000   57.5769214230    0.2195345072
 -23608.0000000000   57.9158776627    0.2216840597
 -23606.5000000000   58.2583285634    0.2238421176
 -23605.0000000000   58.6139493645    0.2257623932
 -23603.5000000000   58.9732642641    0.2276878702
 -23602.0000000000   59.3275641223    0.2298469069
 -23600.5000000000   59.6855923591    0.2320109771
 -23599.0000000000   60.0600145299    0.2338770509
 -23597.5000000000   60.4126901256    0.2363577788
 -23596.0000000000   60.7690899804    0.2388427347
 -23594.5000000000   61.1752257269    0.2402856527
 -23593.0000000000   61.5375470180    0.2428099980
 -23591.5000000000   61.9036575164    0.2453379341
 -23590.0000000000   62.2931927496    0.2474521803
 -23588.5000000000   62.6860765679    0.2495785598
 -23587.0000000000   63.1067734289    0.2512225495
 -23585.5000000000   63.5094043557    0.2533263989
 -23584.0000000000   63.8913472130    0.2559311585
 -23582.5000000000   64.2771990817    0.2585384191
 -23581.0000000000   64.6971377538    0.2605779581
 -23579.5000000000   65.0899739916    0.2632040794
 -23578.0000000000   65.4867511603    0.2658325373
 -23576.5000000000   65.8874727852    0.2684633587
 -23575.0000000000   66.3765537460    0.2696647141
 -23573.5000000000   66.7830500878    0.2723307380
 -23572.0000000000   67.2464167501    0.2741604623
 -23570.5000000000   67.6596720977    0.2768469689
 -23569.0000000000   68.0769585650    0.2795352917
 -23567.5000000000   68.5666523356    0.2812370726
 -23566.0000000000   68.9905397321    0.2839464031
 -23564.5000000000   69.5015603467    0.2855334028
 -23563.0000000000   70.0178417351    0.2870953200
 -23561.5000000000   70.4505484684    0.2898472184
 -23560.0000000000   70.9978408571    0.2912270952
 -23558.5000000000   71.5602276242    0.2925001175
 -23557.0000000000   72.1312050220    0.2937033004
 -23555.5000000000   72.7300360193    0.2947048362
 -23554.0000000000   73.3425326909    0.2955802729
 -23552.5000000000   73.7880649955    0.2984628198
 -23551.0000000000   74.2379212116    0.3013454891
 -23549.5000000000   74.6921015264    0.3042282857
 -23548.0000000000   75.1506061350    0.3071112149
 -23546.5000000000   75.6134352400    0.3099942818
 -23545.0000000000   76.0805890518    0.3128774914
 -23543.5000000000   76.5520677881    0.3157608488
 -23542.0000000000   77.0278716745    0.3186443590
 -23540.5000000000   77.9156757229    0.3186462755
 -23539.0000000000   78.3958248498    0.3215525784
 -23537.5000000000   78.8803335132    0.3244589913
 -23536.0000000000   79.9615159845    0.3237724797
 -23534.5000000000   80.4493724759    0.3267028550
 -23533.0000000000   80.9416245885    0.3296333084
 -23531.5000000000   81.4382724412    0.3325638421
 -23530.0000000000   83.0590959121    0.3308641209
 -23528.5000000000   85.2024510814    0.3260763704
 -23527.0000000000   85.6938105418    0.3290695768
 -23525.5000000000   86.1896598118    0.3320627831
 -23524.0000000000   86.6899988913    0.3350559895
 -23522.5000000000   87.1948277803    0.3380491959
 -23521.0000000000   87.7041464789    0.3410424022
 -23519.5000000000   88.2179549869    0.3440356086
 -23518.0000000000   88.7362533046    0.3470288149
 -23516.5000000000   89.2590414317    0.3500220213
 -23515.0000000000   89.7863193684    0.3530152276
 -23513.5000000000             inf    0.0000000000
 -23512.0000000000             inf    0.0000000000
 -23510.5000000000             inf    0.0000000000
 -23509.0000000000             inf    0.0000000000
 -23507.5000000000             inf    0.0000000000
 -23506.0000000000             inf    0.0000000000
 -23504.5000000000             inf    0.0000000000
 -23503.0000000000             inf    0.0000000000
 -23501.5000000000             inf    0.0000000000
 -23500.0000000000             inf    0.0000000000
