#! FIELDS energy hh dhh_energy
#! SET normalisation  1000.0000000000
#! SET min_energy -25000
#! SET max_energy -23500
#! SET nbins_energy  1000
#! SET periodic_energy false
 -25000.0000000000    0.0000000000    0.0000000000
 -24998.5000000000    0.0000000000    0.0000000000
 -24997.0000000000    0.0000000000    0.0000000000
 -24995.5000000000    0.0000000000    0.0000000000
 -24994.0000000000    0.0000000000    0.0000000000
 -24992.5000000000    0.0000000000    0.0000000000
 -24991.0000000000    0.0000000000    0.0000000000
 -24989.5000000000    0.0000000000    0.0000000000
 -24988.0000000000    0.0000000000    0.0000000000
 -24986.5000000000    0.0000000000    0.0000000000
 -24985.0000000000    0.0000000000    0.0000000000
 -24983.5000000000    0.0000000000    0.0000000000
 -24982.0000000000    0.0000000000    0.0000000000
 -24980.5000000000    0.0000000000    0.0000000000
 -24979.0000000000    0.0000000000    0.0000000000
 -24977.5000000000    0.0000000000    0.0000000000
 -24976.0000000000    0.0000000000    0.0000000000
 -24974.5000000000    0.0000000000    0.0000000000
 -24973.0000000000    0.0000000000    0.0000000000
 -24971.5000000000    0.0000000000    0.0000000000
 -24970.0000000000    0.0000000000    0.0000000000
 -24968.5000000000    0.0000000000    0.0000000000
 -24967.0000000000    0.0000000000    0.0000000000
 -24965.5000000000    0.0000000000    0.0000000000
 -24964.0000000000    0.0000000000    0.0000000000
 -24962.5000000000    0.0000000000    0.0000000000
 -24961.0000000000    0.0000000000    0.0000000000
 -24959.5000000000    0.0000000000    0.0000000000
 -24958.0000000000    0.0000000000    0.0000000000
 -24956.5000000000    0.0000000000    0.0000000000
 -24955.0000000000    0.0000000000    0.0000000000
 -24953.5000000000    0.0000000000    0.0000000000
 -24952.0000000000    0.0000000000    0.0000000000
 -24950.5000000000    0.0000000000    0.0000000000
 -24949.0000000000    0.0000000000    0.0000000000
 -24947.5000000000    0.0000000000    0.0000000000
 -24946.0000000000    0.0000000000    0.0000000000
 -24944.5000000000    0.0000000000    0.0000000000
 -24943.0000000000    0.0000000000    0.0000000000
 -24941.5000000000    0.0000000000    0.0000000000
 -24940.0000000000    0.0000000000    0.0000000000
 -24938.5000000000    0.0000000000    0.0000000000
 -24937.0000000000    0.0000000000    0.0000000000
 -24935.5000000000    0.0000000000    0.0000000000
 -24934.0000000000    0.0000000000    0.0000000000
 -24932.5000000000    0.0000000000    0.0000000000
 -24931.0000000000    0.0000000000    0.0000000000
 -24929.5000000000    0.0000000000    0.0000000000
 -24928.0000000000    0.0000000000    0.0000000000
 -24926.5000000000    0.0000000000    0.0000000000
 -24925.0000000000    0.0000000000    0.0000000000
 -24923.5000000000    0.0000000000    0.0000000000
 -24922.0000000000    0.0000000000    0.0000000000
 -24920.5000000000    0.0000000000    0.0000000000
 -24919.0000000000    0.0000000000    0.0000000000
 -24917.5000000000    0.0000000000    0.0000000000
 -24916.0000000000    0.0000000000    0.0000000000
 -24914.5000000000    0.0000000000    0.0000000000
 -24913.0000000000    0.0000000000    0.0000000000
 -24911.5000000000    0.0000000000    0.0000000000
 -24910.0000000000    0.0000000000    0.0000000000
 -24908.5000000000    0.0000000000    0.0000000000
 -24907.0000000000    0.0000000000    0.0000000000
 -24905.5000000000    0.0000000000    0.0000000000
 -24904.0000000000    0.0000000000    0.0000000000
 -24902.5000000000    0.0000000000    0.0000000000
 -24901.0000000000    0.0000000000    0.0000000000
 -24899.5000000000    0.0000000000    0.0000000000
 -24898.0000000000    0.0000000000    0.0000000000
 -24896.5000000000    0.0000000000    0.0000000000
 -24895.0000000000    0.0000000000    0.0000000000
 -24893.5000000000    0.0000000000    0.0000000000
 -24892.0000000000    0.0000000000    0.0000000000
 -24890.5000000000    0.0000000000    0.0000000000
 -24889.0000000000    0.0000000000    0.0000000000
 -24887.5000000000    0.0000000000    0.0000000000
 -24886.0000000000    0.0000000000    0.0000000000
 -24884.5000000000    0.0000000000    0.0000000000
 -24883.0000000000    0.0000000000    0.0000000000
 -24881.5000000000    0.0000000000    0.0000000000
 -24880.0000000000    0.0000000000    0.0000000000
 -24878.5000000000    0.0000000000    0.0000000000
 -24877.0000000000    0.0000000000    0.0000000000
 -24875.5000000000    0.0000000000    0.0000000000
 -24874.0000000000    0.0000000000    0.0000000000
 -24872.5000000000    0.0000000000    0.0000000000
 -24871.0000000000    0.0000000000    0.0000000000
 -24869.5000000000    0.0000000000    0.0000000000
 -24868.0000000000    0.0000000000    0.0000000000
 -24866.5000000000    0.0000000000    0.0000000000
 -24865.0000000000    0.0000000000    0.0000000000
 -24863.5000000000    0.0000000000    0.0000000000
 -24862.0000000000    0.0000000000    0.0000000000
 -24860.5000000000    0.0000000000    0.0000000000
 -24859.0000000000    0.0000000000    0.0000000000
 -24857.5000000000    0.0000000000    0.0000000000
 -24856.0000000000    0.0000000000    0.0000000000
 -24854.5000000000    0.0000000000    0.0000000000
 -24853.0000000000    0.0000000000    0.0000000000
 -24851.5000000000    0.0000000000    0.0000000000
 -24850.0000000000    0.0000000000    0.0000000000
 -24848.5000000000    0.0000000000    0.0000000000
 -24847.0000000000    0.0000000000    0.0000000000
 -24845.5000000000    0.0000000000    0.0000000000
 -24844.0000000000    0.0000000000    0.0000000000
 -24842.5000000000    0.0000000000    0.0000000000
 -24841.0000000000    0.0000000000    0.0000000000
 -24839.5000000000    0.0000000000    0.0000000000
 -24838.0000000000    0.0000000000    0.0000000000
 -24836.5000000000    0.0000000000    0.0000000000
 -24835.0000000000    0.0000000000    0.0000000000
 -24833.5000000000    0.0000000000    0.0000000000
 -24832.0000000000    0.0000000000    0.0000000000
 -24830.5000000000    0.0000000000    0.0000000000
 -24829.0000000000    0.0000000000    0.0000000000
 -24827.5000000000    0.0000000000    0.0000000000
 -24826.0000000000    0.0000000000    0.0000000000
 -24824.5000000000    0.0000000000    0.0000000000
 -24823.0000000000    0.0000000000    0.0000000000
 -24821.5000000000    0.0000000000    0.0000000000
 -24820.0000000000    0.0000000000    0.0000000000
 -24818.5000000000    0.0000000000    0.0000000000
 -24817.0000000000    0.0000000000    0.0000000000
 -24815.5000000000    0.0000000000    0.0000000000
 -24814.0000000000    0.0000000000    0.0000000000
 -24812.5000000000    0.0000000000    0.0000000000
 -24811.0000000000    0.0000000000    0.0000000000
 -24809.5000000000    0.0000000000    0.0000000000
 -24808.0000000000    0.0000000000    0.0000000000
 -24806.5000000000    0.0000000000    0.0000000000
 -24805.0000000000    0.0000000000    0.0000000000
 -24803.5000000000    0.0000000000    0.0000000000
 -24802.0000000000    0.0000000000    0.0000000000
 -24800.5000000000    0.0000000000    0.0000000000
 -24799.0000000000    0.0000000000    0.0000000000
 -24797.5000000000    0.0000000000    0.0000000000
 -24796.0000000000    0.0000000000    0.0000000000
 -24794.5000000000    0.0000000000    0.0000000000
 -24793.0000000000    0.0000000000    0.0000000000
 -24791.5000000000    0.0000000000    0.0000000000
 -24790.0000000000    0.0000000000    0.0000000000
 -24788.5000000000    0.0000000000    0.0000000000
 -24787.0000000000    0.0000000000    0.0000000000
 -24785.5000000000    0.0000000000    0.0000000000
 -24784.0000000000    0.0000000000    0.0000000000
 -24782.5000000000    0.0000000000    0.0000000000
 -24781.0000000000    0.0000000000    0.0000000000
 -24779.5000000000    0.0000000000    0.0000000000
 -24778.0000000000    0.0000000000    0.0000000000
 -24776.5000000000    0.0000000000    0.0000000000
 -24775.0000000000    0.0000000000    0.0000000000
 -24773.5000000000    0.0000000000    0.0000000000
 -24772.0000000000    0.0000000000    0.0000000000
 -24770.5000000000    0.0000000000    0.0000000000
 -24769.0000000000    0.0000000000    0.0000000000
 -24767.5000000000    0.0000000000    0.0000000000
 -24766.0000000000    0.0000000000    0.0000000000
 -24764.5000000000    0.0000000000    0.0000000000
 -24763.0000000000    0.0000000000    0.0000000000
 -24761.5000000000    0.0000000000    0.0000000000
 -24760.0000000000    0.0000000000    0.0000000000
 -24758.5000000000    0.0000000000    0.0000000000
 -24757.0000000000    0.0000000000    0.0000000000
 -24755.5000000000    0.0000000000    0.0000000000
 -24754.0000000000    0.0000000000    0.0000000000
 -24752.5000000000    0.0000000000    0.0000000000
 -24751.0000000000    0.0000000000    0.0000000000
 -24749.5000000000    0.0000000000    0.0000000000
 -24748.0000000000    0.0000000000    0.0000000000
 -24746.5000000000    0.0000000000    0.0000000000
 -24745.0000000000    0.0000000000    0.0000000000
 -24743.5000000000    0.0000000000    0.0000000000
 -24742.0000000000    0.0000000000    0.0000000000
 -24740.5000000000    0.0000000000    0.0000000000
 -24739.0000000000    0.0000000000    0.0000000000
 -24737.5000000000    0.0000000000    0.0000000000
 -24736.0000000000    0.0000000000    0.0000000000
 -24734.5000000000    0.0000000000    0.0000000000
 -24733.0000000000    0.0000000000    0.0000000000
 -24731.5000000000    0.0000000000    0.0000000000
 -24730.0000000000    0.0000000000    0.0000000000
 -24728.5000000000    0.0000000000    0.0000000000
 -24727.0000000000    0.0000000000    0.0000000000
 -24725.5000000000    0.0000000000    0.0000000000
 -24724.0000000000    0.0000000000    0.0000000000
 -24722.5000000000    0.0000000000    0.0000000000
 -24721.0000000000    0.0000000000    0.0000000000
 -24719.5000000000    0.0000000000    0.0000000000
 -24718.0000000000    0.0000000000    0.0000000000
 -24716.5000000000    0.0000000000    0.0000000000
 -24715.0000000000    0.0000000000    0.0000000000
 -24713.5000000000    0.0000000000    0.0000000000
 -24712.0000000000    0.0000000000    0.0000000000
 -24710.5000000000    0.0000000000    0.0000000000
 -24709.0000000000    0.0000000000    0.0000000000
 -24707.5000000000    0.0000000000    0.0000000000
 -24706.0000000000    0.0000000000    0.0000000000
 -24704.5000000000    0.0000000000    0.0000000000
 -24703.0000000000    0.0000000000    0.0000000000
 -24701.5000000000    0.0000000000    0.0000000000
 -24700.0000000000    0.0000000000    0.0000000000
 -24698.5000000000    0.0000000000    0.0000000000
 -24697.0000000000    0.0000000000    0.0000000000
 -24695.5000000000    0.0000000000    0.0000000000
 -24694.0000000000    0.0000000000    0.0000000000
 -24692.5000000000    0.0000000000    0.0000000000
 -24691.0000000000    0.0000000000    0.0000000000
 -24689.5000000000    0.0000000000    0.0000000000
 -24688.0000000000    0.0000000000    0.0000000000
 -24686.5000000000    0.0000000000    0.0000000000
 -24685.0000000000    0.0000000000    0.0000000000
 -24683.5000000000    0.0000000000    0.0000000000
 -24682.0000000000    0.0000000000    0.0000000000
 -24680.5000000000    0.0000000000    0.0000000000
 -24679.0000000000    0.0000000000    0.0000000000
 -24677.5000000000    0.0000000000    0.0000000000
 -24676.0000000000    0.0000000000    0.0000000000
 -24674.5000000000    0.0000000000    0.0000000000
 -24673.0000000000    0.0000000000    0.0000000000
 -24671.5000000000    0.0000000000    0.0000000000
 -24670.0000000000    0.0000000000    0.0000000000
 -24668.5000000000    0.0000000000    0.0000000000
 -24667.0000000000    0.0000000000    0.0000000000
 -24665.5000000000    0.0000000000    0.0000000000
 -24664.0000000000    0.0000000000    0.0000000000
 -24662.5000000000    0.0000000000    0.0000000000
 -24661.0000000000    0.0000000000    0.0000000000
 -24659.5000000000    0.0000000000    0.0000000000
 -24658.0000000000    0.0000000000    0.0000000000
 -24656.5000000000    0.0000000000    0.0000000000
 -24655.0000000000    0.0000000000    0.0000000000
 -24653.5000000000    0.0000000000    0.0000000000
 -24652.0000000000    0.0000000000    0.0000000000
 -24650.5000000000    0.0000000000    0.0000000000
 -24649.0000000000    0.0000000000    0.0000000000
 -24647.5000000000    0.0000000000    0.0000000000
 -24646.0000000000    0.0000000000    0.0000000000
 -24644.5000000000    0.0000000000    0.0000000000
 -24643.0000000000    0.0000000000    0.0000000000
 -24641.5000000000    0.0000000000    0.0000000000
 -24640.0000000000    0.0000000000    0.0000000000
 -24638.5000000000    0.0000000000    0.0000000000
 -24637.0000000000    0.0000000000    0.0000000000
 -24635.5000000000    0.0000000000    0.0000000000
 -24634.0000000000    0.0000000000    0.0000000000
 -24632.5000000000    0.0000000000    0.0000000000
 -24631.0000000000    0.0000000000    0.0000000000
 -24629.5000000000    0.0000000000    0.0000000000
 -24628.0000000000    0.0000000000    0.0000000000
 -24626.5000000000    0.0000000000    0.0000000000
 -24625.0000000000    0.0000000000    0.0000000000
 -24623.5000000000    0.0000000000    0.0000000000
 -24622.0000000000    0.0000000000    0.0000000000
 -24620.5000000000    0.0000000000    0.0000000000
 -24619.0000000000    0.0000000000    0.0000000000
 -24617.5000000000    0.0000000000    0.0000000000
 -24616.0000000000    0.0000000000    0.0000000000
 -24614.5000000000    0.0000000000    0.0000000000
 -24613.0000000000    0.0000000000    0.0000000000
 -24611.5000000000    0.0000000000    0.0000000000
 -24610.0000000000    0.0000000000    0.0000000000
 -24608.5000000000    0.0000000000    0.0000000000
 -24607.0000000000    0.0000000000    0.0000000000
 -24605.5000000000    0.0000000000    0.0000000000
 -24604.0000000000    0.0000000000    0.0000000000
 -24602.5000000000    0.0000000000    0.0000000000
 -24601.0000000000    0.0000000000    0.0000000000
 -24599.5000000000    0.0000000000    0.0000000000
 -24598.0000000000    0.0000000000    0.0000000000
 -24596.5000000000    0.0000000000    0.0000000000
 -24595.0000000000    0.0000000000    0.0000000000
 -24593.5000000000    0.0000000000    0.0000000000
 -24592.0000000000    0.0000000000    0.0000000000
 -24590.5000000000    0.0000000000    0.0000000000
 -24589.0000000000    0.0000000000    0.0000000000
 -24587.5000000000    0.0000000000    0.0000000000
 -24586.0000000000    0.0000000000    0.0000000000
 -24584.5000000000    0.0000000000    0.0000000000
 -24583.0000000000    0.0000000000    0.0000000000
 -24581.5000000000    0.0000000000    0.0000000000
 -24580.0000000000    0.0000000000    0.0000000000
 -24578.5000000000    0.0000000000    0.0000000000
 -24577.0000000000    0.0000000000    0.0000000000
 -24575.5000000000    0.0000000000    0.0000000000
 -24574.0000000000    0.0000000000    0.0000000000
 -24572.5000000000    0.0000000000    0.0000000000
 -24571.0000000000    0.0000000000    0.0000000000
 -24569.5000000000    0.0000000000    0.0000000000
 -24568.0000000000    0.0000000000    0.0000000000
 -24566.5000000000    0.0000000000    0.0000000000
 -24565.0000000000    0.0000000000    0.0000000000
 -24563.5000000000    0.0000000000    0.0000000000
 -24562.0000000000    0.0000000000    0.0000000000
 -24560.5000000000    0.0000000000    0.0000000000
 -24559.0000000000    0.0000000000    0.0000000000
 -24557.5000000000    0.0000000000    0.0000000000
 -24556.0000000000    0.0000000000    0.0000000000
 -24554.5000000000    0.0000000000    0.0000000000
 -24553.0000000000    0.0000000000    0.0000000000
 -24551.5000000000    0.0000000000    0.0000000000
 -24550.0000000000    0.0000000000    0.0000000000
 -24548.5000000000    0.0000000000    0.0000000000
 -24547.0000000000    0.0000000000    0.0000000000
 -24545.5000000000    0.0000000000    0.0000000000
 -24544.0000000000    0.0000000000    0.0000000000
 -24542.5000000000    0.0000000000    0.0000000000
 -24541.0000000000    0.0000000000    0.0000000000
 -24539.5000000000    0.0000000000    0.0000000000
 -24538.0000000000    0.0000000000    0.0000000000
 -24536.5000000000    0.0000000000    0.0000000000
 -24535.0000000000    0.0000000000    0.0000000000
 -24533.5000000000    0.0000000000    0.0000000000
 -24532.0000000000    0.0000000000    0.0000000000
 -24530.5000000000    0.0000000000    0.0000000000
 -24529.0000000000    0.0000000000    0.0000000000
 -24527.5000000000    0.0000000000    0.0000000000
 -24526.0000000000    0.0000000000    0.0000000000
 -24524.5000000000    0.0000000000    0.0000000000
 -24523.0000000000    0.0000000000    0.0000000000
 -24521.5000000000    0.0000000000    0.0000000000
 -24520.0000000000    0.0000000000    0.0000000000
 -24518.5000000000    0.0000000000    0.0000000000
 -24517.0000000000    0.0000000000    0.0000000000
 -24515.5000000000    0.0000000000    0.0000000000
 -24514.0000000000    0.0000000000    0.0000000000
 -24512.5000000000    0.0000000000    0.0000000000
 -24511.0000000000    0.0000000000    0.0000000000
 -24509.5000000000    0.0000000000    0.0000000000
 -24508.0000000000    0.0000000000    0.0000000000
 -24506.5000000000    0.0000000000    0.0000000000
 -24505.0000000000    0.0000000000    0.0000000000
 -24503.5000000000    0.0000000000    0.0000000000
 -24502.0000000000    0.0000000000    0.0000000000
 -24500.5000000000    0.0000000000    0.0000000000
 -24499.0000000000    0.0000000000    0.0000000000
 -24497.5000000000    0.0000000000    0.0000000000
 -24496.0000000000    0.0000000000    0.0000000000
 -24494.5000000000    0.0000000000    0.0000000000
 -24493.0000000000    0.0000000000    0.0000000000
 -24491.5000000000    0.0000000000    0.0000000000
 -24490.0000000000    0.0000000000    0.0000000000
 -24488.5000000000    0.0000000000    0.0000000000
 -24487.0000000000    0.0000000000    0.0000000000
 -24485.5000000000    0.0000000000    0.0000000000
 -24484.0000000000    0.0000000000    0.0000000000
 -24482.5000000000    0.0000000000    0.0000000000
 -24481.0000000000    0.0000000000    0.0000000000
 -24479.5000000000    0.0000000000    0.0000000000
 -24478.0000000000    0.0000000000    0.0000000000
 -24476.5000000000    0.0000000000    0.0000000000
 -24475.0000000000    0.0000000000    0.0000000000
 -24473.5000000000    0.0000000000    0.0000000000
 -24472.0000000000    0.0000000000    0.0000000000
 -24470.5000000000    0.0000000000    0.0000000000
 -24469.0000000000    0.0000000000    0.0000000000
 -24467.5000000000    0.0000000000    0.0000000000
 -24466.0000000000    0.0000000000    0.0000000000
 -24464.5000000000    0.0000000000    0.0000000000
 -24463.0000000000    0.0000000000    0.0000000000
 -24461.5000000000    0.0000000000    0.0000000000
 -24460.0000000000    0.0000000000    0.0000000000
 -24458.5000000000    0.0000000000    0.0000000000
 -24457.0000000000    0.0000000000    0.0000000000
 -24455.5000000000    0.0000000000    0.0000000000
 -24454.0000000000    0.0000000000    0.0000000000
 -24452.5000000000    0.0000000000    0.0000000000
 -24451.0000000000    0.0000000000    0.0000000000
 -24449.5000000000    0.0000000000    0.0000000000
 -24448.0000000000    0.0000000000    0.0000000000
 -24446.5000000000    0.0000000000    0.0000000000
 -24445.0000000000    0.0000000000    0.0000000000
 -24443.5000000000    0.0000000000    0.0000000000
 -24442.0000000000    0.0000000000    0.0000000000
 -24440.5000000000    0.0000000000    0.0000000000
 -24439.0000000000    0.0000000000    0.0000000000
 -24437.5000000000    0.0000000000    0.0000000000
 -24436.0000000000    0.0000000000    0.0000000000
 -24434.5000000000    0.0000000000    0.0000000000
 -24433.0000000000    0.0000000000    0.0000000000
 -24431.5000000000    0.0000000000    0.0000000000
 -24430.0000000000    0.0000000000    0.0000000000
 -24428.5000000000    0.0000000000    0.0000000000
 -24427.0000000000    0.0000000000    0.0000000000
 -24425.5000000000    0.0000000000    0.0000000000
 -24424.0000000000    0.0000000000    0.0000000000
 -24422.5000000000    0.0000000000    0.0000000000
 -24421.0000000000    0.0000000000    0.0000000000
 -24419.5000000000    0.0000000000    0.0000000000
 -24418.0000000000    0.0000000000    0.0000000000
 -24416.5000000000    0.0000000000    0.0000000000
 -24415.0000000000    0.0000000000    0.0000000000
 -24413.5000000000    0.0000000000    0.0000000000
 -24412.0000000000    0.0000000000    0.0000000000
 -24410.5000000000    0.0000000000    0.0000000000
 -24409.0000000000    0.0000000000    0.0000000000
 -24407.5000000000    0.0000000000    0.0000000000
 -24406.0000000000    0.0000000000    0.0000000000
 -24404.5000000000    0.0000000000    0.0000000000
 -24403.0000000000    0.0000000151    0.0000000011
 -24401.5000000000    0.0000000168    0.0000000012
 -24400.0000000000    0.0000000186    0.0000000013
 -24398.5000000000    0.0000000207    0.0000000014
 -24397.0000000000    0.0000000229    0.0000000016
 -24395.5000000000    0.0000000392    0.0000000027
 -24394.0000000000    0.0000000581    0.0000000040
 -24392.5000000000    0.0000000644    0.0000000044
 -24391.0000000000    0.0000000714    0.0000000048
 -24389.5000000000    0.0000000790    0.0000000053
 -24388.0000000000    0.0000000874    0.0000000058
 -24386.5000000000    0.0000000965    0.0000000064
 -24385.0000000000    0.0000001065    0.0000000070
 -24383.5000000000    0.0000001318    0.0000000086
 -24382.0000000000    0.0000001454    0.0000000095
 -24380.5000000000    0.0000001602    0.0000000103
 -24379.0000000000    0.0000001764    0.0000000113
 -24377.5000000000    0.0000001940    0.0000000123
 -24376.0000000000    0.0000002132    0.0000000134
 -24374.5000000000    0.0000002341    0.0000000145
 -24373.0000000000    0.0000002569    0.0000000158
 -24371.5000000000    0.0000002816    0.0000000171
 -24370.0000000000    0.0000003231    0.0000000196
 -24368.5000000000    0.0000003687    0.0000000224
 -24367.0000000000    0.0000004037    0.0000000242
 -24365.5000000000    0.0000004558    0.0000000273
 -24364.0000000000    0.0000005128    0.0000000306
 -24362.5000000000    0.0000005605    0.0000000331
 -24361.0000000000    0.0000006121    0.0000000358
 -24359.5000000000    0.0000006679    0.0000000387
 -24358.0000000000    0.0000007282    0.0000000418
 -24356.5000000000    0.0000007933    0.0000000450
 -24355.0000000000    0.0000008635    0.0000000485
 -24353.5000000000    0.0000009391    0.0000000523
 -24352.0000000000    0.0000010354    0.0000000573
 -24350.5000000000    0.0000011245    0.0000000616
 -24349.0000000000    0.0000012203    0.0000000661
 -24347.5000000000    0.0000013373    0.0000000720
 -24346.0000000000    0.0000014491    0.0000000772
 -24344.5000000000    0.0000015690    0.0000000827
 -24343.0000000000    0.0000016974    0.0000000886
 -24341.5000000000    0.0000018348    0.0000000947
 -24340.0000000000    0.0000019817    0.0000001012
 -24338.5000000000    0.0000021386    0.0000001080
 -24337.0000000000    0.0000023197    0.0000001162
 -24335.5000000000    0.0000025138    0.0000001249
 -24334.0000000000    0.0000027212    0.0000001340
 -24332.5000000000    0.0000029434    0.0000001437
 -24331.0000000000    0.0000031794    0.0000001538
 -24329.5000000000    0.0000034174    0.0000001635
 -24328.0000000000    0.0000036846    0.0000001747
 -24326.5000000000    0.0000039686    0.0000001864
 -24325.0000000000    0.0000042567    0.0000001977
 -24323.5000000000    0.0000045757    0.0000002105
 -24322.0000000000    0.0000049147    0.0000002240
 -24320.5000000000    0.0000053027    0.0000002400
 -24319.0000000000    0.0000056880    0.0000002550
 -24317.5000000000    0.0000060953    0.0000002706
 -24316.0000000000    0.0000065125    0.0000002859
 -24314.5000000000    0.0000069532    0.0000003018
 -24313.0000000000    0.0000074182    0.0000003183
 -24311.5000000000    0.0000079233    0.0000003365
 -24310.0000000000    0.0000084562    0.0000003555
 -24308.5000000000    0.0000090173    0.0000003752
 -24307.0000000000    0.0000096092    0.0000003956
 -24305.5000000000    0.0000102327    0.0000004169
 -24304.0000000000    0.0000108881    0.0000004389
 -24302.5000000000    0.0000115628    0.0000004607
 -24301.0000000000    0.0000123436    0.0000004884
 -24299.5000000000    0.0000130940    0.0000005122
 -24298.0000000000    0.0000139238    0.0000005397
 -24296.5000000000    0.0000147673    0.0000005664
 -24295.0000000000    0.0000156661    0.0000005949
 -24293.5000000000    0.0000166073    0.0000006244
 -24292.0000000000    0.0000175797    0.0000006539
 -24290.5000000000    0.0000186259    0.0000006864
 -24289.0000000000    0.0000197067    0.0000007190
 -24287.5000000000    0.0000208088    0.0000007507
 -24286.0000000000    0.0000220021    0.0000007863
 -24284.5000000000    0.0000232212    0.0000008210
 -24283.0000000000    0.0000245212    0.0000008588
 -24281.5000000000    0.0000258927    0.0000008988
 -24280.0000000000    0.0000272828    0.0000009371
 -24278.5000000000    0.0000287458    0.0000009776
 -24277.0000000000    0.0000302855    0.0000010204
 -24275.5000000000    0.0000318887    0.0000010643
 -24274.0000000000    0.0000335751    0.0000011108
 -24272.5000000000    0.0000352741    0.0000011547
 -24271.0000000000    0.0000370680    0.0000012017
 -24269.5000000000    0.0000389349    0.0000012501
 -24268.0000000000    0.0000409176    0.0000013029
 -24266.5000000000    0.0000429088    0.0000013523
 -24265.0000000000    0.0000449896    0.0000014040
 -24263.5000000000    0.0000471486    0.0000014570
 -24262.0000000000    0.0000493889    0.0000015115
 -24260.5000000000    0.0000516970    0.0000015663
 -24259.0000000000    0.0000541465    0.0000016265
 -24257.5000000000    0.0000567018    0.0000016895
 -24256.0000000000    0.0000593380    0.0000017534
 -24254.5000000000    0.0000620716    0.0000018191
 -24253.0000000000    0.0000648617    0.0000018836
 -24251.5000000000    0.0000677642    0.0000019508
 -24250.0000000000    0.0000708113    0.0000020228
 -24248.5000000000    0.0000740258    0.0000021010
 -24247.0000000000    0.0000772751    0.0000021758
 -24245.5000000000    0.0000806527    0.0000022538
 -24244.0000000000    0.0000841758    0.0000023359
 -24242.5000000000    0.0000877952    0.0000024185
 -24241.0000000000    0.0000915842    0.0000025066
 -24239.5000000000    0.0000954502    0.0000025934
 -24238.0000000000    0.0000994335    0.0000026816
 -24236.5000000000    0.0001035663    0.0000027733
 -24235.0000000000    0.0001078082    0.0000028655
 -24233.5000000000    0.0001121905    0.0000029600
 -24232.0000000000    0.0001167165    0.0000030570
 -24230.5000000000    0.0001213895    0.0000031565
 -24229.0000000000    0.0001263010    0.0000032647
 -24227.5000000000    0.0001313191    0.0000033720
 -24226.0000000000    0.0001364990    0.0000034820
 -24224.5000000000    0.0001418465    0.0000035949
 -24223.0000000000    0.0001473939    0.0000037128
 -24221.5000000000    0.0001531212    0.0000038339
 -24220.0000000000    0.0001590191    0.0000039572
 -24218.5000000000    0.0001651323    0.0000040858
 -24217.0000000000    0.0001713983    0.0000042147
 -24215.5000000000    0.0001778457    0.0000043458
 -24214.0000000000    0.0001845481    0.0000044840
 -24212.5000000000    0.0001914610    0.0000046257
 -24211.0000000000    0.0001985617    0.0000047690
 -24209.5000000000    0.0002059083    0.0000049176
 -24208.0000000000    0.0002134369    0.0000050668
 -24206.5000000000    0.0002212346    0.0000052223
 -24205.0000000000    0.0002292560    0.0000053806
 -24203.5000000000    0.0002374871    0.0000055402
 -24202.0000000000    0.0002459745    0.0000057041
 -24200.5000000000    0.0002548401    0.0000058806
 -24199.0000000000    0.0002638875    0.0000060553
 -24197.5000000000    0.0002731417    0.0000062295
 -24196.0000000000    0.0002826882    0.0000064091
 -24194.5000000000    0.0002924932    0.0000065911
 -24193.0000000000    0.0003025860    0.0000067773
 -24191.5000000000    0.0003129745    0.0000069677
 -24190.0000000000    0.0003236104    0.0000071586
 -24188.5000000000    0.0003345914    0.0000073565
 -24187.0000000000    0.0003458286    0.0000075546
 -24185.5000000000    0.0003574120    0.0000077590
 -24184.0000000000    0.0003693290    0.0000079682
 -24182.5000000000    0.0003815331    0.0000081787
 -24181.0000000000    0.0003940135    0.0000083891
 -24179.5000000000    0.0004068703    0.0000086063
 -24178.0000000000    0.0004200250    0.0000088243
 -24176.5000000000    0.0004335097    0.0000090448
 -24175.0000000000    0.0004473259    0.0000092678
 -24173.5000000000    0.0004614928    0.0000094941
 -24172.0000000000    0.0004761172    0.0000097309
 -24170.5000000000    0.0004909822    0.0000099624
 -24169.0000000000    0.0005061381    0.0000101919
 -24167.5000000000    0.0005217137    0.0000104282
 -24166.0000000000    0.0005376157    0.0000106643
 -24164.5000000000    0.0005538429    0.0000108998
 -24163.0000000000    0.0005704528    0.0000111386
 -24161.5000000000    0.0005874365    0.0000113796
 -24160.0000000000    0.0006047237    0.0000116176
 -24158.5000000000    0.0006224552    0.0000118624
 -24157.0000000000    0.0006405550    0.0000121082
 -24155.5000000000    0.0006590111    0.0000123540
 -24154.0000000000    0.0006777628    0.0000125952
 -24152.5000000000    0.0006969207    0.0000128396
 -24151.0000000000    0.0007164166    0.0000130820
 -24149.5000000000    0.0007362753    0.0000133241
 -24148.0000000000    0.0007565106    0.0000135668
 -24146.5000000000    0.0007771535    0.0000138120
 -24145.0000000000    0.0007981221    0.0000140539
 -24143.5000000000    0.0008195543    0.0000143022
 -24142.0000000000    0.0008412576    0.0000145430
 -24140.5000000000    0.0008633187    0.0000147825
 -24139.0000000000    0.0008857680    0.0000150229
 -24137.5000000000    0.0009086046    0.0000152640
 -24136.0000000000    0.0009318040    0.0000155040
 -24134.5000000000    0.0009552738    0.0000157365
 -24133.0000000000    0.0009791636    0.0000159721
 -24131.5000000000    0.0010033480    0.0000162019
 -24130.0000000000    0.0010278906    0.0000164306
 -24128.5000000000    0.0010527744    0.0000166570
 -24127.0000000000    0.0010779686    0.0000168790
 -24125.5000000000    0.0011036209    0.0000171073
 -24124.0000000000    0.0011295578    0.0000173296
 -24122.5000000000    0.0011557689    0.0000175453
 -24121.0000000000    0.0011823436    0.0000177610
 -24119.5000000000    0.0012092687    0.0000179760
 -24118.0000000000    0.0012364725    0.0000181852
 -24116.5000000000    0.0012639295    0.0000183871
 -24115.0000000000    0.0012917155    0.0000185874
 -24113.5000000000    0.0013199003    0.0000187912
 -24112.0000000000    0.0013483014    0.0000189858
 -24110.5000000000    0.0013769637    0.0000191747
 -24109.0000000000    0.0014059201    0.0000193605
 -24107.5000000000    0.0014351953    0.0000195451
 -24106.0000000000    0.0014647574    0.0000197268
 -24104.5000000000    0.0014945760    0.0000199035
 -24103.0000000000    0.0015246133    0.0000200730
 -24101.5000000000    0.0015548729    0.0000202358
 -24100.0000000000    0.0015854454    0.0000203987
 -24098.5000000000    0.0016162438    0.0000205560
 -24097.0000000000    0.0016472726    0.0000207082
 -24095.5000000000    0.0016785719    0.0000208586
 -24094.0000000000    0.0017100188    0.0000209989
 -24092.5000000000    0.0017416736    0.0000211338
 -24091.0000000000    0.0017735267    0.0000212629
 -24089.5000000000    0.0018055981    0.0000213883
 -24088.0000000000    0.0018378651    0.0000215087
 -24086.5000000000    0.0018702968    0.0000216223
 -24085.0000000000    0.0019028648    0.0000217276
 -24083.5000000000    0.0019356275    0.0000218293
 -24082.0000000000    0.0019685387    0.0000219245
 -24080.5000000000    0.0020015451    0.0000220101
 -24079.0000000000    0.0020346598    0.0000220874
 -24077.5000000000    0.0020679155    0.0000221594
 -24076.0000000000    0.0021012719    0.0000222238
 -24074.5000000000    0.0021347177    0.0000222804
 -24073.0000000000    0.0021682881    0.0000223323
 -24071.5000000000    0.0022018724    0.0000223722
 -24070.0000000000    0.0022355241    0.0000224046
 -24068.5000000000    0.0022691761    0.0000224255
 -24067.0000000000    0.0023028818    0.0000224394
 -24065.5000000000    0.0023366426    0.0000224470
 -24064.0000000000    0.0023703371    0.0000224405
 -24062.5000000000    0.0024040277    0.0000224252
 -24061.0000000000    0.0024377192    0.0000224021
 -24059.5000000000    0.0024713525    0.0000223679
 -24058.0000000000    0.0025049712    0.0000223267
 -24056.5000000000    0.0025384901    0.0000222731
 -24055.0000000000    0.0025719216    0.0000222090
 -24053.5000000000    0.0026052340    0.0000221332
 -24052.0000000000    0.0026383807    0.0000220432
 -24050.5000000000    0.0026714698    0.0000219478
 -24049.0000000000    0.0027043638    0.0000218383
 -24047.5000000000    0.0027370745    0.0000217184
 -24046.0000000000    0.0027695953    0.0000215848
 -24044.5000000000    0.0028019493    0.0000214423
 -24043.0000000000    0.0028340388    0.0000212851
 -24041.5000000000    0.0028658975    0.0000211169
 -24040.0000000000    0.0028975078    0.0000209397
 -24038.5000000000    0.0029288449    0.0000207504
 -24037.0000000000    0.0029598742    0.0000205461
 -24035.5000000000    0.0029905717    0.0000203285
 -24034.0000000000    0.0030209918    0.0000201028
 -24032.5000000000    0.0030510351    0.0000198633
 -24031.0000000000    0.0030806665    0.0000196086
 -24029.5000000000    0.0031098942    0.0000193409
 -24028.0000000000    0.0031386819    0.0000190609
 -24026.5000000000    0.0031670687    0.0000187685
 -24025.0000000000    0.0031951100    0.0000184713
 -24023.5000000000    0.0032226243    0.0000181578
 -24022.0000000000    0.0032496590    0.0000178327
 -24020.5000000000    0.0032761840    0.0000174952
 -24019.0000000000    0.0033022090    0.0000171476
 -24017.5000000000    0.0033276755    0.0000167870
 -24016.0000000000    0.0033526067    0.0000164165
 -24014.5000000000    0.0033769314    0.0000160345
 -24013.0000000000    0.0034007759    0.0000156489
 -24011.5000000000    0.0034239918    0.0000152489
 -24010.0000000000    0.0034465707    0.0000148392
 -24008.5000000000    0.0034685573    0.0000144223
 -24007.0000000000    0.0034899111    0.0000139945
 -24005.5000000000    0.0035106316    0.0000135593
 -24004.0000000000    0.0035306362    0.0000131121
 -24002.5000000000    0.0035499786    0.0000126580
 -24001.0000000000    0.0035686630    0.0000121985
 -23999.5000000000    0.0035866096    0.0000117291
 -23998.0000000000    0.0036038470    0.0000112530
 -23996.5000000000    0.0036203516    0.0000107715
 -23995.0000000000    0.0036362017    0.0000102873
 -23993.5000000000    0.0036513061    0.0000097970
 -23992.0000000000    0.0036656429    0.0000093020
 -23990.5000000000    0.0036792483    0.0000088016
 -23989.0000000000    0.0036920715    0.0000082953
 -23987.5000000000    0.0037041761    0.0000077885
 -23986.0000000000    0.0037155178    0.0000072789
 -23984.5000000000    0.0037260787    0.0000067658
 -23983.0000000000    0.0037358399    0.0000062487
 -23981.5000000000    0.0037448384    0.0000057330
 -23980.0000000000    0.0037530333    0.0000052139
 -23978.5000000000    0.0037604627    0.0000046948
 -23977.0000000000    0.0037670998    0.0000041742
 -23975.5000000000    0.0037729547    0.0000036535
 -23974.0000000000    0.0037780437    0.0000031320
 -23972.5000000000    0.0037823503    0.0000026131
 -23971.0000000000    0.0037858794    0.0000020954
 -23969.5000000000    0.0037886617    0.0000015791
 -23968.0000000000    0.0037906575    0.0000010660
 -23966.5000000000    0.0037918701    0.0000005540
 -23965.0000000000    0.0037923012    0.0000000476
 -23963.5000000000    0.0037919911   -0.0000004592
 -23962.0000000000    0.0037909227   -0.0000009627
 -23960.5000000000    0.0037891303   -0.0000014629
 -23959.0000000000    0.0037865914   -0.0000019592
 -23957.5000000000    0.0037832952   -0.0000024524
 -23956.0000000000    0.0037792488   -0.0000029403
 -23954.5000000000    0.0037744881   -0.0000034227
 -23953.0000000000    0.0037689779   -0.0000039024
 -23951.5000000000    0.0037627526   -0.0000043775
 -23950.0000000000    0.0037558612   -0.0000048446
 -23948.5000000000    0.0037482300   -0.0000053093
 -23947.0000000000    0.0037399200   -0.0000057698
 -23945.5000000000    0.0037308663   -0.0000062188
 -23944.0000000000    0.0037212149   -0.0000066676
 -23942.5000000000    0.0037108655   -0.0000071066
 -23941.0000000000    0.0036998768   -0.0000075428
 -23939.5000000000    0.0036882095   -0.0000079732
 -23938.0000000000    0.0036758998   -0.0000083977
 -23936.5000000000    0.0036629875   -0.0000088163
 -23935.0000000000    0.0036494084   -0.0000092277
 -23933.5000000000    0.0036352305   -0.0000096343
 -23932.0000000000    0.0036204764   -0.0000100368
 -23930.5000000000    0.0036051089   -0.0000104280
 -23929.0000000000    0.0035891594   -0.0000108170
 -23927.5000000000    0.0035726153   -0.0000111968
 -23926.0000000000    0.0035554775   -0.0000115703
 -23924.5000000000    0.0035378278   -0.0000119409
 -23923.0000000000    0.0035196266   -0.0000123032
 -23921.5000000000    0.0035008590   -0.0000126593
 -23920.0000000000    0.0034815742   -0.0000130080
 -23918.5000000000    0.0034617594   -0.0000133496
 -23917.0000000000    0.0034414788   -0.0000136901
 -23915.5000000000    0.0034206772   -0.0000140210
 -23914.0000000000    0.0033993856   -0.0000143456
 -23912.5000000000    0.0033775685   -0.0000146605
 -23911.0000000000    0.0033553546   -0.0000149745
 -23909.5000000000    0.0033326611   -0.0000152808
 -23908.0000000000    0.0033094982   -0.0000155814
 -23906.5000000000    0.0032858901   -0.0000158756
 -23905.0000000000    0.0032618594   -0.0000161642
 -23903.5000000000    0.0032373440   -0.0000164421
 -23902.0000000000    0.0032124019   -0.0000167126
 -23900.5000000000    0.0031870723   -0.0000169778
 -23899.0000000000    0.0031613501   -0.0000172366
 -23897.5000000000    0.0031352874   -0.0000174919
 -23896.0000000000    0.0031088474   -0.0000177382
 -23894.5000000000    0.0030819845   -0.0000179755
 -23893.0000000000    0.0030547133   -0.0000182021
 -23891.5000000000    0.0030272101   -0.0000184275
 -23890.0000000000    0.0029993449   -0.0000186458
 -23888.5000000000    0.0029711270   -0.0000188548
 -23887.0000000000    0.0029426295   -0.0000190589
 -23885.5000000000    0.0029138030   -0.0000192517
 -23884.0000000000    0.0028847503   -0.0000194414
 -23882.5000000000    0.0028554190   -0.0000196253
 -23881.0000000000    0.0028258044   -0.0000198004
 -23879.5000000000    0.0027959602   -0.0000199696
 -23878.0000000000    0.0027658687   -0.0000201307
 -23876.5000000000    0.0027355416   -0.0000202836
 -23875.0000000000    0.0027049911   -0.0000204281
 -23873.5000000000    0.0026741450   -0.0000205582
 -23872.0000000000    0.0026431668   -0.0000206843
 -23870.5000000000    0.0026120042   -0.0000208020
 -23869.0000000000    0.0025806872   -0.0000209100
 -23867.5000000000    0.0025491704   -0.0000210083
 -23866.0000000000    0.0025175132   -0.0000210981
 -23864.5000000000    0.0024857431   -0.0000211803
 -23863.0000000000    0.0024538266   -0.0000212516
 -23861.5000000000    0.0024218536   -0.0000213172
 -23860.0000000000    0.0023898034   -0.0000213747
 -23858.5000000000    0.0023576149   -0.0000214188
 -23857.0000000000    0.0023253676   -0.0000214540
 -23855.5000000000    0.0022931043   -0.0000214823
 -23854.0000000000    0.0022607764   -0.0000214994
 -23852.5000000000    0.0022284722   -0.0000215104
 -23851.0000000000    0.0021961150   -0.0000215090
 -23849.5000000000    0.0021637833   -0.0000214996
 -23848.0000000000    0.0021314996   -0.0000214831
 -23846.5000000000    0.0020992334   -0.0000214562
 -23845.0000000000    0.0020668853   -0.0000214110
 -23843.5000000000    0.0020346977   -0.0000213636
 -23842.0000000000    0.0020026448   -0.0000213115
 -23840.5000000000    0.0019706479   -0.0000212482
 -23839.0000000000    0.0019387680   -0.0000211771
 -23837.5000000000    0.0019069850   -0.0000210960
 -23836.0000000000    0.0018753152   -0.0000210054
 -23834.5000000000    0.0018438332   -0.0000209095
 -23833.0000000000    0.0018124429   -0.0000208010
 -23831.5000000000    0.0017812644   -0.0000206877
 -23830.0000000000    0.0017502224   -0.0000205634
 -23828.5000000000    0.0017193399   -0.0000204293
 -23827.0000000000    0.0016886921   -0.0000202900
 -23825.5000000000    0.0016583034   -0.0000201466
 -23824.0000000000    0.0016280790   -0.0000199920
 -23822.5000000000    0.0015981189   -0.0000198327
 -23821.0000000000    0.0015684039   -0.0000196669
 -23819.5000000000    0.0015389413   -0.0000194947
 -23818.0000000000    0.0015097275   -0.0000193153
 -23816.5000000000    0.0014806732   -0.0000191222
 -23815.0000000000    0.0014520253   -0.0000189324
 -23813.5000000000    0.0014237231   -0.0000187415
 -23812.0000000000    0.0013956419   -0.0000185403
 -23810.5000000000    0.0013678940   -0.0000183366
 -23809.0000000000    0.0013404823   -0.0000181304
 -23807.5000000000    0.0013133542   -0.0000179178
 -23806.0000000000    0.0012865338   -0.0000177004
 -23804.5000000000    0.0012600981   -0.0000174837
 -23803.0000000000    0.0012339044   -0.0000172574
 -23801.5000000000    0.0012080524   -0.0000170286
 -23800.0000000000    0.0011825611   -0.0000167986
 -23798.5000000000    0.0011574866   -0.0000165715
 -23797.0000000000    0.0011327126   -0.0000163391
 -23795.5000000000    0.0011083175   -0.0000161070
 -23794.0000000000    0.0010842708   -0.0000158734
 -23792.5000000000    0.0010605606   -0.0000156374
 -23791.0000000000    0.0010371628   -0.0000153974
 -23789.5000000000    0.0010141697   -0.0000151603
 -23788.0000000000    0.0009914326   -0.0000149157
 -23786.5000000000    0.0009691622   -0.0000146787
 -23785.0000000000    0.0009472447   -0.0000144416
 -23783.5000000000    0.0009256549   -0.0000142029
 -23782.0000000000    0.0009043929   -0.0000139628
 -23780.5000000000    0.0008834921   -0.0000137240
 -23779.0000000000    0.0008630324   -0.0000134925
 -23777.5000000000    0.0008428484   -0.0000132568
 -23776.0000000000    0.0008230742   -0.0000130268
 -23774.5000000000    0.0008036304   -0.0000127973
 -23773.0000000000    0.0007845296   -0.0000125694
 -23771.5000000000    0.0007657993   -0.0000123454
 -23770.0000000000    0.0007472721   -0.0000121138
 -23768.5000000000    0.0007291487   -0.0000118892
 -23767.0000000000    0.0007114181   -0.0000116712
 -23765.5000000000    0.0006939690   -0.0000114522
 -23764.0000000000    0.0006768178   -0.0000112337
 -23762.5000000000    0.0006600368   -0.0000110213
 -23761.0000000000    0.0006436292   -0.0000108155
 -23759.5000000000    0.0006275000   -0.0000106099
 -23758.0000000000    0.0006115771   -0.0000103997
 -23756.5000000000    0.0005960523   -0.0000101990
 -23755.0000000000    0.0005808562   -0.0000100030
 -23753.5000000000    0.0005659373   -0.0000098086
 -23752.0000000000    0.0005512649   -0.0000096137
 -23750.5000000000    0.0005368666   -0.0000094208
 -23749.0000000000    0.0005227711   -0.0000092321
 -23747.5000000000    0.0005089994   -0.0000090494
 -23746.0000000000    0.0004955290   -0.0000088715
 -23744.5000000000    0.0004822520   -0.0000086910
 -23743.0000000000    0.0004692574   -0.0000085144
 -23741.5000000000    0.0004565237   -0.0000083406
 -23740.0000000000    0.0004440082   -0.0000081667
 -23738.5000000000    0.0004318207   -0.0000080008
 -23737.0000000000    0.0004198817   -0.0000078375
 -23735.5000000000    0.0004081860   -0.0000076767
 -23734.0000000000    0.0003967010   -0.0000075164
 -23732.5000000000    0.0003854378   -0.0000073575
 -23731.0000000000    0.0003744283   -0.0000072024
 -23729.5000000000    0.0003636775   -0.0000070519
 -23728.0000000000    0.0003531064   -0.0000069004
 -23726.5000000000    0.0003427612   -0.0000067515
 -23725.0000000000    0.0003326812   -0.0000066081
 -23723.5000000000    0.0003228287   -0.0000064679
 -23722.0000000000    0.0003131582   -0.0000063276
 -23720.5000000000    0.0003036948   -0.0000061893
 -23719.0000000000    0.0002944359   -0.0000060530
 -23717.5000000000    0.0002853393   -0.0000059159
 -23716.0000000000    0.0002765036   -0.0000057850
 -23714.5000000000    0.0002678480   -0.0000056549
 -23713.0000000000    0.0002594305   -0.0000055298
 -23711.5000000000    0.0002511712   -0.0000054042
 -23710.0000000000    0.0002430538   -0.0000052771
 -23708.5000000000    0.0002351986   -0.0000051571
 -23707.0000000000    0.0002275065   -0.0000050375
 -23705.5000000000    0.0002199663   -0.0000049176
 -23704.0000000000    0.0002126175   -0.0000048002
 -23702.5000000000    0.0002054015   -0.0000046815
 -23701.0000000000    0.0001983896   -0.0000045665
 -23699.5000000000    0.0001915498   -0.0000044531
 -23698.0000000000    0.0001848925   -0.0000043424
 -23696.5000000000    0.0001784430   -0.0000042361
 -23695.0000000000    0.0001720653   -0.0000041248
 -23693.5000000000    0.0001658958   -0.0000040183
 -23692.0000000000    0.0001598883   -0.0000039135
 -23690.5000000000    0.0001540508   -0.0000038110
 -23689.0000000000    0.0001483223   -0.0000037068
 -23687.5000000000    0.0001427931   -0.0000036073
 -23686.0000000000    0.0001373974   -0.0000035081
 -23684.5000000000    0.0001321199   -0.0000034082
 -23683.0000000000    0.0001269917   -0.0000033099
 -23681.5000000000    0.0001220385   -0.0000032153
 -23680.0000000000    0.0001172385   -0.0000031229
 -23678.5000000000    0.0001125193   -0.0000030278
 -23677.0000000000    0.0001079695   -0.0000029364
 -23675.5000000000    0.0001035985   -0.0000028496
 -23674.0000000000    0.0000993729   -0.0000027651
 -23672.5000000000    0.0000952872   -0.0000026827
 -23671.0000000000    0.0000913095   -0.0000026004
 -23669.5000000000    0.0000873551   -0.0000025122
 -23668.0000000000    0.0000836026   -0.0000024310
 -23666.5000000000    0.0000799702   -0.0000023511
 -23665.0000000000    0.0000764719   -0.0000022738
 -23663.5000000000    0.0000730743   -0.0000021968
 -23662.0000000000    0.0000698198   -0.0000021233
 -23660.5000000000    0.0000666597   -0.0000020500
 -23659.0000000000    0.0000636373   -0.0000019802
 -23657.5000000000    0.0000606178   -0.0000019044
 -23656.0000000000    0.0000577686   -0.0000018347
 -23654.5000000000    0.0000550365   -0.0000017675
 -23653.0000000000    0.0000523757   -0.0000016997
 -23651.5000000000    0.0000498289   -0.0000016345
 -23650.0000000000    0.0000473648   -0.0000015699
 -23648.5000000000    0.0000450544   -0.0000015110
 -23647.0000000000    0.0000428173   -0.0000014523
 -23645.5000000000    0.0000406383   -0.0000013930
 -23644.0000000000    0.0000385900   -0.0000013383
 -23642.5000000000    0.0000366228   -0.0000012848
 -23641.0000000000    0.0000347348   -0.0000012327
 -23639.5000000000    0.0000328673   -0.0000011778
 -23638.0000000000    0.0000310942   -0.0000011256
 -23636.5000000000    0.0000294129   -0.0000010760
 -23635.0000000000    0.0000278048   -0.0000010279
 -23633.5000000000    0.0000262965   -0.0000009833
 -23632.0000000000    0.0000248116   -0.0000009369
 -23630.5000000000    0.0000233944   -0.0000008921
 -23629.0000000000    0.0000220578   -0.0000008498
 -23627.5000000000    0.0000208124   -0.0000008109
 -23626.0000000000    0.0000195964   -0.0000007713
 -23624.5000000000    0.0000184669   -0.0000007350
 -23623.0000000000    0.0000173761   -0.0000006989
 -23621.5000000000    0.0000163533   -0.0000006651
 -23620.0000000000    0.0000153804   -0.0000006324
 -23618.5000000000    0.0000144555   -0.0000006009
 -23617.0000000000    0.0000135620   -0.0000005694
 -23615.5000000000    0.0000127153   -0.0000005393
 -23614.0000000000    0.0000118981   -0.0000005092
 -23612.5000000000    0.0000111267   -0.0000004806
 -23611.0000000000    0.0000104106   -0.0000004541
 -23609.5000000000    0.0000097181   -0.0000004277
 -23608.0000000000    0.0000090797   -0.0000004035
 -23606.5000000000    0.0000084774   -0.0000003804
 -23605.0000000000    0.0000078941   -0.0000003572
 -23603.5000000000    0.0000073455   -0.0000003353
 -23602.0000000000    0.0000068419   -0.0000003152
 -23600.5000000000    0.0000063681   -0.0000002962
 -23599.0000000000    0.0000059076   -0.0000002770
 -23597.5000000000    0.0000055044   -0.0000002608
 -23596.0000000000    0.0000051249   -0.0000002454
 -23594.5000000000    0.0000047242   -0.0000002275
 -23593.0000000000    0.0000043932   -0.0000002138
 -23591.5000000000    0.0000040824   -0.0000002008
 -23590.0000000000    0.0000037757   -0.0000001873
 -23588.5000000000    0.0000034898   -0.0000001746
 -23587.0000000000    0.0000032076   -0.0000001615
 -23585.5000000000    0.0000029588   -0.0000001503
 -23584.0000000000    0.0000027408   -0.0000001406
 -23582.5000000000    0.0000025368   -0.0000001315
 -23581.0000000000    0.0000023320   -0.0000001218
 -23579.5000000000    0.0000021554   -0.0000001137
 -23578.0000000000    0.0000019906   -0.0000001061
 -23576.5000000000    0.0000018370   -0.0000000989
 -23575.0000000000    0.0000016654   -0.0000000900
 -23573.5000000000    0.0000015351   -0.0000000838
 -23572.0000000000    0.0000013989   -0.0000000769
 -23570.5000000000    0.0000012877   -0.0000000715
 -23569.0000000000    0.0000011844   -0.0000000664
 -23567.5000000000    0.0000010736   -0.0000000605
 -23566.0000000000    0.0000009862   -0.0000000561
 -23564.5000000000    0.0000008902   -0.0000000509
 -23563.0000000000    0.0000008026   -0.0000000462
 -23561.5000000000    0.0000007360   -0.0000000428
 -23560.0000000000    0.0000006595   -0.0000000385
 -23558.5000000000    0.0000005892   -0.0000000345
 -23557.0000000000    0.0000005255   -0.0000000309
 -23555.5000000000    0.0000004660   -0.0000000275
 -23554.0000000000    0.0000004122   -0.0000000244
 -23552.5000000000    0.0000003770   -0.0000000226
 -23551.0000000000    0.0000003445   -0.0000000208
 -23549.5000000000    0.0000003145   -0.0000000192
 -23548.0000000000    0.0000002869   -0.0000000177
 -23546.5000000000    0.0000002615   -0.0000000162
 -23545.0000000000    0.0000002381   -0.0000000149
 -23543.5000000000    0.0000002166   -0.0000000137
 -23542.0000000000    0.0000001969   -0.0000000126
 -23540.5000000000    0.0000001648   -0.0000000105
 -23539.0000000000    0.0000001497   -0.0000000096
 -23537.5000000000    0.0000001358   -0.0000000088
 -23536.0000000000    0.0000001094   -0.0000000071
 -23534.5000000000    0.0000000992   -0.0000000065
 -23533.0000000000    0.0000000899   -0.0000000059
 -23531.5000000000    0.0000000813   -0.0000000054
 -23530.0000000000    0.0000000588   -0.0000000039
 -23528.5000000000    0.0000000382   -0.0000000025
 -23527.0000000000    0.0000000347   -0.0000000023
 -23525.5000000000    0.0000000314   -0.0000000021
 -23524.0000000000    0.0000000284   -0.0000000019
 -23522.5000000000    0.0000000257   -0.0000000017
 -23521.0000000000    0.0000000232   -0.0000000016
 -23519.5000000000    0.0000000209   -0.0000000014
 -23518.0000000000    0.0000000188   -0.0000000013
 -23516.5000000000    0.0000000170   -0.0000000012
 -23515.0000000000    0.0000000153   -0.0000000011
 -23513.5000000000    0.0000000000    0.0000000000
 -23512.0000000000    0.0000000000    0.0000000000
 -23510.5000000000    0.0000000000    0.0000000000
 -23509.0000000000    0.0000000000    0.0000000000
 -23507.5000000000    0.0000000000    0.0000000000
 -23506.0000000000    0.0000000000    0.0000000000
 -23504.5000000000    0.0000000000    0.0000000000
 -23503.0000000000    0.0000000000    0.0000000000
 -23501.5000000000    0.0000000000    0.0000000000
 -23500.0000000000    0.0000000000    0.0000000000
