#! FIELDS time energy
 0.000000 -24126.159489
 1.000000 -24244.458473
 2.000000 -24299.664533
 3.000000 -24192.798346
 4.000000 -24220.546502
 5.000000 -24166.380719
 6.000000 -24278.408358
 7.000000 -24279.960808
 8.000000 -24374.675344
 9.000000 -24379.537198
 10.000000 -24427.192990
 11.000000 -24175.525818
 12.000000 -24285.727896
 13.000000 -24176.285776
 14.000000 -24283.880689
 15.000000 -24231.889658
 16.000000 -24167.270989
 17.000000 -24158.329870
 18.000000 -24327.780285
 19.000000 -24240.434751
 20.000000 -24252.622822
 21.000000 -24368.711291
 22.000000 -24221.075351
 23.000000 -24204.343047
 24.000000 -24333.122360
 25.000000 -24337.630929
 26.000000 -24202.501959
 27.000000 -24046.147534
 28.000000 -24274.618533
 29.000000 -24260.359924
 30.000000 -24273.410253
 31.000000 -24265.464845
 32.000000 -24344.772371
 33.000000 -24243.341845
 34.000000 -24203.563989
 35.000000 -24211.564409
 36.000000 -24312.276281
 37.000000 -24373.360927
 38.000000 -24268.111437
 39.000000 -24212.109570
 40.000000 -24242.161315
 41.000000 -24249.268847
 42.000000 -24234.890898
 43.000000 -24187.697490
 44.000000 -24313.465185
 45.000000 -24141.766807
 46.000000 -24317.518029
 47.000000 -24257.023036
 48.000000 -24310.887268
 49.000000 -24304.201058
 50.000000 -24180.768763
 51.000000 -24294.269638
 52.000000 -24324.708204
 53.000000 -24288.986749
 54.000000 -24197.877831
 55.000000 -24264.706628
 56.000000 -24211.918308
 57.000000 -24340.334955
 58.000000 -24274.388551
 59.000000 -24338.705754
 60.000000 -24483.987434
 61.000000 -24234.250209
 62.000000 -24258.463555
 63.000000 -24271.424164
 64.000000 -24183.015852
 65.000000 -24357.383224
 66.000000 -24210.504211
 67.000000 -24474.809173
 68.000000 -24342.138495
 69.000000 -24191.374497
 70.000000 -24250.742137
 71.000000 -24246.597360
 72.000000 -24252.236575
 73.000000 -24147.621485
 74.000000 -24245.791799
 75.000000 -24143.415927
 76.000000 -24255.030049
 77.000000 -24084.706197
 78.000000 -24326.562866
 79.000000 -24118.798026
 80.000000 -24323.980904
 81.000000 -24134.781486
 82.000000 -24228.130294
 83.000000 -24417.126725
 84.000000 -24253.783256
 85.000000 -24239.100516
 86.000000 -24284.217194
 87.000000 -24197.810881
 88.000000 -24297.492920
 89.000000 -24399.886315
 90.000000 -24256.473727
 91.000000 -24230.213321
 92.000000 -24233.499425
 93.000000 -24175.708931
 94.000000 -24365.034592
 95.000000 -24177.343398
 96.000000 -24228.818213
 97.000000 -24338.247417
 98.000000 -24207.647110
 99.000000 -24415.067530
 100.000000 -24392.941900
 101.000000 -24258.802833
 102.000000 -24180.646285
 103.000000 -24374.834363
 104.000000 -24161.922175
 105.000000 -24258.042961
 106.000000 -24246.266755
 107.000000 -24180.964099
 108.000000 -24176.165616
 109.000000 -24289.683516
 110.000000 -24301.203648
 111.000000 -24294.579838
 112.000000 -24342.639839
 113.000000 -24192.999518
 114.000000 -24394.211116
 115.000000 -24286.328736
 116.000000 -24192.711478
 117.000000 -24211.171108
 118.000000 -24231.906071
 119.000000 -24205.384279
 120.000000 -24252.147904
 121.000000 -24228.543621
 122.000000 -24309.238699
 123.000000 -24371.307930
 124.000000 -24324.021566
 125.000000 -24288.804435
 126.000000 -24365.500749
 127.000000 -24224.453862
 128.000000 -24232.705585
 129.000000 -24181.077533
 130.000000 -24281.758240
 131.000000 -24268.555900
 132.000000 -24274.548614
 133.000000 -24364.576508
 134.000000 -24327.566527
 135.000000 -24252.055990
 136.000000 -24234.774262
 137.000000 -24258.538790
 138.000000 -24103.738659
 139.000000 -24262.838858
 140.000000 -24266.911288
 141.000000 -24220.519601
 142.000000 -24195.034356
 143.000000 -24247.536092
 144.000000 -24328.816792
 145.000000 -24344.841235
 146.000000 -24101.672736
 147.000000 -24173.153247
 148.000000 -24310.828325
 149.000000 -24228.736300
 150.000000 -24194.831145
 151.000000 -24310.974699
 152.000000 -24413.376621
 153.000000 -24309.823629
 154.000000 -24267.748036
 155.000000 -24393.297405
 156.000000 -24064.517789
 157.000000 -24265.903327
 158.000000 -24324.070794
 159.000000 -24236.739455
 160.000000 -24298.172834
 161.000000 -24186.088338
 162.000000 -24190.181027
 163.000000 -24356.187353
 164.000000 -24291.587395
 165.000000 -24246.660795
 166.000000 -24256.088729
 167.000000 -24261.791174
 168.000000 -24476.539957
 169.000000 -24260.102486
 170.000000 -24287.187453
 171.000000 -24116.586153
 172.000000 -24309.310334
 173.000000 -24307.720188
 174.000000 -24141.377143
 175.000000 -24188.914218
 176.000000 -24225.543790
 177.000000 -24224.155941
 178.000000 -24335.986565
 179.000000 -24222.501309
 180.000000 -24197.049523
 181.000000 -24092.271840
 182.000000 -24317.669911
 183.000000 -24303.008132
 184.000000 -24144.966178
 185.000000 -24173.869080
 186.000000 -24204.661063
 187.000000 -24247.826127
 188.000000 -24152.768059
 189.000000 -24387.654306
 190.000000 -24430.146655
 191.000000 -24295.150249
 192.000000 -24135.776835
 193.000000 -24331.506015
 194.000000 -24308.893731
 195.000000 -24085.010858
 196.000000 -24306.498817
 197.000000 -24229.220460
 198.000000 -24180.804708
 199.000000 -24190.066537
 200.000000 -24118.262324
 201.000000 -24269.440838
 202.000000 -24340.097756
 203.000000 -24146.988464
 204.000000 -24427.512423
 205.000000 -24258.662214
 206.000000 -24131.025130
 207.000000 -24306.834597
 208.000000 -24286.552422
 209.000000 -24231.799444
 210.000000 -24206.869323
 211.000000 -24240.283646
 212.000000 -24196.111391
 213.000000 -24227.201522
 214.000000 -24193.034195
 215.000000 -24261.724725
 216.000000 -24176.373280
 217.000000 -24371.770386
 218.000000 -24215.269832
 219.000000 -24319.272981
 220.000000 -24267.296645
 221.000000 -24263.119444
 222.000000 -24345.821234
 223.000000 -24229.030263
 224.000000 -24174.052035
 225.000000 -24294.833043
 226.000000 -24412.990156
 227.000000 -24250.508914
 228.000000 -24343.005793
 229.000000 -24283.212633
 230.000000 -24246.216216
 231.000000 -24313.553865
 232.000000 -24228.459813
 233.000000 -24236.508694
 234.000000 -24307.594301
 235.000000 -24299.220131
 236.000000 -24068.107954
 237.000000 -24291.675562
 238.000000 -24425.243054
 239.000000 -24175.901710
 240.000000 -24173.253820
 241.000000 -24341.025706
 242.000000 -24068.257274
 243.000000 -24339.842600
 244.000000 -24313.398879
 245.000000 -24245.561655
 246.000000 -24281.243173
 247.000000 -24179.366509
 248.000000 -24295.941743
 249.000000 -24364.750383
 250.000000 -24283.899354
 251.000000 -24160.036804
 252.000000 -24261.160839
 253.000000 -24226.262387
 254.000000 -24182.216318
 255.000000 -24134.198395
 256.000000 -24264.365309
 257.000000 -24254.712018
 258.000000 -24299.492751
 259.000000 -24332.082305
 260.000000 -24402.119023
 261.000000 -24200.974671
 262.000000 -24340.441840
 263.000000 -24424.776018
 264.000000 -24408.066468
 265.000000 -24112.402200
 266.000000 -24269.372807
 267.000000 -24259.364608
 268.000000 -24334.137987
 269.000000 -24230.843995
 270.000000 -24422.779711
 271.000000 -24204.704577
 272.000000 -24241.862302
 273.000000 -24291.926520
 274.000000 -24296.654319
 275.000000 -24179.142232
 276.000000 -24207.659589
 277.000000 -24313.567013
 278.000000 -24217.655417
 279.000000 -24407.087473
 280.000000 -24346.040119
 281.000000 -24224.551054
 282.000000 -24272.314418
 283.000000 -24314.683478
 284.000000 -24193.559549
 285.000000 -24152.340485
 286.000000 -24317.744822
 287.000000 -24281.971435
 288.000000 -24276.157203
 289.000000 -24086.405622
 290.000000 -24332.376586
 291.000000 -24306.910920
 292.000000 -24319.438718
 293.000000 -24281.861806
 294.000000 -24373.683456
 295.000000 -24198.616164
 296.000000 -24295.862414
 297.000000 -24126.707147
 298.000000 -24327.427237
 299.000000 -24308.565686
 300.000000 -24346.396201
 301.000000 -24252.670089
 302.000000 -24364.266186
 303.000000 -24338.087997
 304.000000 -24281.226888
 305.000000 -24334.892281
 306.000000 -24404.337544
 307.000000 -24078.099293
 308.000000 -24256.772622
 309.000000 -24455.581964
 310.000000 -24215.641891
 311.000000 -24305.245022
 312.000000 -24148.588505
 313.000000 -24208.682998
 314.000000 -24199.749230
 315.000000 -24212.408528
 316.000000 -24439.629238
 317.000000 -24375.344287
 318.000000 -24200.385747
 319.000000 -24246.709713
 320.000000 -24313.830909
 321.000000 -24310.487379
 322.000000 -24294.812503
 323.000000 -24122.084025
 324.000000 -24377.907996
 325.000000 -24329.150994
 326.000000 -24259.836307
 327.000000 -24245.609648
 328.000000 -24226.770656
 329.000000 -24374.954367
 330.000000 -24253.617707
 331.000000 -24306.805068
 332.000000 -24154.540721
 333.000000 -24403.414884
 334.000000 -24340.361802
 335.000000 -24307.891208
 336.000000 -24157.801677
 337.000000 -24369.668898
 338.000000 -24203.073970
 339.000000 -24238.465102
 340.000000 -24315.277454
 341.000000 -24426.541179
 342.000000 -24241.226005
 343.000000 -24149.999107
 344.000000 -24177.499524
 345.000000 -24293.793694
 346.000000 -24253.074798
 347.000000 -24294.499361
 348.000000 -24240.175029
 349.000000 -24370.288547
 350.000000 -24279.815213
 351.000000 -24208.899384
 352.000000 -24265.366015
 353.000000 -24294.429060
 354.000000 -24296.941122
 355.000000 -24277.516135
 356.000000 -24188.379145
 357.000000 -24215.808447
 358.000000 -24314.658907
 359.000000 -24197.034854
 360.000000 -24212.405177
 361.000000 -24269.574658
 362.000000 -24260.647800
 363.000000 -24249.741875
 364.000000 -24265.295134
 365.000000 -24300.909752
 366.000000 -24247.204828
 367.000000 -24317.449007
 368.000000 -24222.896408
 369.000000 -24175.033851
 370.000000 -24199.398755
 371.000000 -24327.543230
 372.000000 -24380.502776
 373.000000 -24267.477528
 374.000000 -24258.940463
 375.000000 -24104.888410
 376.000000 -24190.746745
 377.000000 -24231.309479
 378.000000 -24224.098688
 379.000000 -24328.818768
 380.000000 -24142.130170
 381.000000 -24327.650374
 382.000000 -24295.051519
 383.000000 -24320.242522
 384.000000 -24323.515654
 385.000000 -24232.498144
 386.000000 -24349.484655
 387.000000 -24343.820599
 388.000000 -24317.172207
 389.000000 -24274.242573
 390.000000 -24156.456493
 391.000000 -24329.642345
 392.000000 -24151.149249
 393.000000 -24263.821689
 394.000000 -24187.338309
 395.000000 -24211.315743
 396.000000 -24245.947088
 397.000000 -24316.909414
 398.000000 -24282.847885
 399.000000 -24190.309525
 400.000000 -24266.982886
 401.000000 -24402.885786
 402.000000 -24153.429551
 403.000000 -24249.420338
 404.000000 -24292.060220
 405.000000 -24231.009758
 406.000000 -24266.161002
 407.000000 -24262.574806
 408.000000 -24305.327314
 409.000000 -24328.062409
 410.000000 -24344.810339
 411.000000 -24127.516740
 412.000000 -24302.160944
 413.000000 -24261.006306
 414.000000 -24237.677357
 415.000000 -24430.730107
 416.000000 -24357.860245
 417.000000 -24087.351256
 418.000000 -24262.612792
 419.000000 -24156.298433
 420.000000 -24410.400732
 421.000000 -24328.979189
 422.000000 -24340.982573
 423.000000 -24299.490896
 424.000000 -24365.574776
 425.000000 -24193.691500
 426.000000 -24223.152555
 427.000000 -24220.660006
 428.000000 -24356.163808
 429.000000 -24231.100669
 430.000000 -24319.137007
 431.000000 -24341.470196
 432.000000 -24264.216455
 433.000000 -24383.033894
 434.000000 -24214.959512
 435.000000 -24213.150641
 436.000000 -24185.419993
 437.000000 -24285.784491
 438.000000 -24258.253980
 439.000000 -24361.789364
 440.000000 -24203.734933
 441.000000 -24214.396256
 442.000000 -24266.490328
 443.000000 -24217.561179
 444.000000 -24331.345744
 445.000000 -24139.139104
 446.000000 -24312.307836
 447.000000 -24294.469363
 448.000000 -24257.908497
 449.000000 -24226.640356
 450.000000 -24272.876152
 451.000000 -24350.763366
 452.000000 -24193.333839
 453.000000 -24317.860081
 454.000000 -24349.277575
 455.000000 -24295.801029
 456.000000 -24285.848958
 457.000000 -24306.238967
 458.000000 -24352.946097
 459.000000 -24237.654195
 460.000000 -24229.962218
 461.000000 -24380.264625
 462.000000 -24377.459775
 463.000000 -24310.257116
 464.000000 -24149.069405
 465.000000 -24212.080038
 466.000000 -24357.551595
 467.000000 -24415.672682
 468.000000 -24302.859479
 469.000000 -24116.465744
 470.000000 -24097.392344
 471.000000 -24337.395031
 472.000000 -24376.150874
 473.000000 -24188.995477
 474.000000 -24227.350821
 475.000000 -24218.572508
 476.000000 -24297.935919
 477.000000 -24229.484653
 478.000000 -24267.752756
 479.000000 -24226.871199
 480.000000 -24162.699609
 481.000000 -24203.738769
 482.000000 -24200.822456
 483.000000 -24429.968375
 484.000000 -24331.072475
 485.000000 -24240.116309
 486.000000 -24336.265399
 487.000000 -24284.399392
 488.000000 -24296.654877
 489.000000 -24380.809885
 490.000000 -24335.345378
 491.000000 -24323.632601
 492.000000 -24228.956652
 493.000000 -24237.920654
 494.000000 -24287.433113
 495.000000 -24304.881567
 496.000000 -24318.852427
 497.000000 -24344.437216
 498.000000 -24348.717363
 499.000000 -24253.100867
 500.000000 -24137.819839
 501.000000 -24182.441607
 502.000000 -24199.190359
 503.000000 -24295.457613
 504.000000 -24280.663773
 505.000000 -24252.129681
 506.000000 -24191.499722
 507.000000 -24229.168663
 508.000000 -24287.390608
 509.000000 -24411.226890
 510.000000 -24332.542577
 511.000000 -24267.681965
 512.000000 -24326.234347
 513.000000 -24179.286550
 514.000000 -24354.942632
 515.000000 -24388.380970
 516.000000 -24240.408699
 517.000000 -24327.568228
 518.000000 -24275.822312
 519.000000 -24252.776495
 520.000000 -24344.176977
 521.000000 -24139.696224
 522.000000 -24122.581187
 523.000000 -24334.497025
 524.000000 -24286.259482
 525.000000 -24165.984522
 526.000000 -24260.135801
 527.000000 -24151.589965
 528.000000 -24157.324272
 529.000000 -24214.250764
 530.000000 -24446.083270
 531.000000 -24172.196899
 532.000000 -24212.138758
 533.000000 -24219.486475
 534.000000 -24300.261750
 535.000000 -24366.349353
 536.000000 -24333.319957
 537.000000 -24197.917615
 538.000000 -24295.421052
 539.000000 -24323.401446
 540.000000 -24200.984418
 541.000000 -24236.091051
 542.000000 -24200.194404
 543.000000 -24172.301326
 544.000000 -24292.413185
 545.000000 -24308.369985
 546.000000 -24103.438869
 547.000000 -24311.316255
 548.000000 -24169.047439
 549.000000 -24200.403941
 550.000000 -24182.319055
 551.000000 -24211.502819
 552.000000 -24142.597513
 553.000000 -24348.816163
 554.000000 -24284.296405
 555.000000 -24330.367432
 556.000000 -24332.631909
 557.000000 -24195.502460
 558.000000 -24368.293768
 559.000000 -24293.807506
 560.000000 -24236.895197
 561.000000 -24305.521666
 562.000000 -24343.644001
 563.000000 -24328.105052
 564.000000 -24200.307512
 565.000000 -24106.224967
 566.000000 -24259.178022
 567.000000 -24205.505942
 568.000000 -24257.581880
 569.000000 -24256.467314
 570.000000 -24237.077630
 571.000000 -24250.979474
 572.000000 -24316.162774
 573.000000 -24164.330543
 574.000000 -24122.917371
 575.000000 -24258.958489
 576.000000 -24298.861057
 577.000000 -24215.893453
 578.000000 -24284.034083
 579.000000 -24308.539228
 580.000000 -24265.704669
 581.000000 -24237.176499
 582.000000 -24345.981132
 583.000000 -24080.360693
 584.000000 -24305.524055
 585.000000 -24118.710016
 586.000000 -24227.748140
 587.000000 -24074.797005
 588.000000 -24152.674102
 589.000000 -24255.910998
 590.000000 -24259.080833
 591.000000 -24301.777592
 592.000000 -24196.141897
 593.000000 -24284.920718
 594.000000 -24322.284890
 595.000000 -24321.938691
 596.000000 -24313.025296
 597.000000 -24143.384458
 598.000000 -24238.337922
 599.000000 -24297.171105
 600.000000 -24184.011258
 601.000000 -24265.920990
 602.000000 -24211.236531
 603.000000 -24277.981238
 604.000000 -24232.745555
 605.000000 -24082.358428
 606.000000 -24250.960795
 607.000000 -24238.199552
 608.000000 -24283.726456
 609.000000 -24432.186491
 610.000000 -24451.862179
 611.000000 -24160.855400
 612.000000 -24210.637632
 613.000000 -24267.062328
 614.000000 -24364.390564
 615.000000 -24236.446929
 616.000000 -24356.572355
 617.000000 -24146.241153
 618.000000 -24415.063832
 619.000000 -24321.015504
 620.000000 -24423.412258
 621.000000 -24132.585327
 622.000000 -24073.197075
 623.000000 -24243.518119
 624.000000 -24231.906088
 625.000000 -24372.921516
 626.000000 -24317.618957
 627.000000 -24215.637929
 628.000000 -24344.138443
 629.000000 -24253.585334
 630.000000 -24272.625943
 631.000000 -24342.741513
 632.000000 -24102.996895
 633.000000 -24285.380401
 634.000000 -24225.153016
 635.000000 -24402.698770
 636.000000 -24185.775879
 637.000000 -24070.929480
 638.000000 -24207.496075
 639.000000 -24159.478593
 640.000000 -24133.244527
 641.000000 -24301.829069
 642.000000 -24212.896784
 643.000000 -24355.895823
 644.000000 -24314.995560
 645.000000 -24353.663876
 646.000000 -24336.736958
 647.000000 -24328.037573
 648.000000 -24163.877161
 649.000000 -24203.382093
 650.000000 -24259.487478
 651.000000 -24211.651432
 652.000000 -24244.077097
 653.000000 -24292.406339
 654.000000 -24289.735589
 655.000000 -24201.612697
 656.000000 -24168.583294
 657.000000 -24303.226860
 658.000000 -24249.378805
 659.000000 -24174.343233
 660.000000 -24247.516184
 661.000000 -24354.139566
 662.000000 -24415.767872
 663.000000 -24186.418183
 664.000000 -24281.229581
 665.000000 -24330.733233
 666.000000 -24122.404183
 667.000000 -24344.586199
 668.000000 -24207.639309
 669.000000 -24312.473314
 670.000000 -24225.583702
 671.000000 -24328.693478
 672.000000 -24352.867620
 673.000000 -24349.050742
 674.000000 -24223.480409
 675.000000 -24254.001663
 676.000000 -24147.598036
 677.000000 -24289.494807
 678.000000 -24152.714288
 679.000000 -24224.521531
 680.000000 -24260.466728
 681.000000 -24216.817643
 682.000000 -24440.055408
 683.000000 -24330.630239
 684.000000 -24329.713098
 685.000000 -24254.753729
 686.000000 -24255.482064
 687.000000 -24323.408671
 688.000000 -24347.404625
 689.000000 -24238.291708
 690.000000 -24246.979808
 691.000000 -24302.220537
 692.000000 -24246.209565
 693.000000 -24242.283305
 694.000000 -24229.217791
 695.000000 -24220.058768
 696.000000 -24192.473320
 697.000000 -24318.354978
 698.000000 -24126.262179
 699.000000 -24324.663515
 700.000000 -24260.747321
 701.000000 -24219.166387
 702.000000 -24293.804338
 703.000000 -24293.004178
 704.000000 -24265.784493
 705.000000 -24259.948164
 706.000000 -24293.798383
 707.000000 -24331.464799
 708.000000 -24179.611027
 709.000000 -24224.597251
 710.000000 -24168.786184
 711.000000 -24167.522449
 712.000000 -24236.765712
 713.000000 -24155.120869
 714.000000 -24278.177048
 715.000000 -24446.830659
 716.000000 -24131.375733
 717.000000 -24354.161289
 718.000000 -24209.690983
 719.000000 -24197.390853
 720.000000 -24265.127882
 721.000000 -24330.120128
 722.000000 -24212.357844
 723.000000 -24416.151596
 724.000000 -24178.563029
 725.000000 -24340.113163
 726.000000 -24365.066409
 727.000000 -24301.602843
 728.000000 -24172.322510
 729.000000 -24342.343866
 730.000000 -24262.806528
 731.000000 -24288.897291
 732.000000 -24236.841895
 733.000000 -24286.305007
 734.000000 -24250.367574
 735.000000 -24327.957629
 736.000000 -24135.644535
 737.000000 -24223.778144
 738.000000 -24331.411355
 739.000000 -24351.099997
 740.000000 -24273.045844
 741.000000 -24298.290941
 742.000000 -24296.097991
 743.000000 -24283.224085
 744.000000 -24336.056815
 745.000000 -24286.262601
 746.000000 -24329.445132
 747.000000 -24274.717929
 748.000000 -24142.970489
 749.000000 -24274.169401
 750.000000 -24400.969104
 751.000000 -24123.541338
 752.000000 -24380.055934
 753.000000 -24215.579384
 754.000000 -24339.681762
 755.000000 -24242.618252
 756.000000 -24338.278475
 757.000000 -24245.568168
 758.000000 -24167.274159
 759.000000 -24282.730456
 760.000000 -24353.914107
 761.000000 -24185.283587
 762.000000 -24383.562508
 763.000000 -24187.928874
 764.000000 -24373.007053
 765.000000 -24230.681863
 766.000000 -24188.150277
 767.000000 -24207.992387
 768.000000 -24093.374033
 769.000000 -24181.217115
 770.000000 -24209.112363
 771.000000 -24138.437628
 772.000000 -24267.405650
 773.000000 -24182.522311
 774.000000 -24348.913566
 775.000000 -24247.094985
 776.000000 -24273.954786
 777.000000 -24302.347845
 778.000000 -24293.574701
 779.000000 -24299.209127
 780.000000 -24066.636395
 781.000000 -24149.316455
 782.000000 -24350.210382
 783.000000 -24390.860515
 784.000000 -24332.932465
 785.000000 -24310.891703
 786.000000 -24332.662532
 787.000000 -24134.077256
 788.000000 -24349.130373
 789.000000 -24250.895658
 790.000000 -24308.666193
 791.000000 -24298.211422
 792.000000 -24417.512398
 793.000000 -24280.355987
 794.000000 -24343.677725
 795.000000 -24431.905635
 796.000000 -24278.337262
 797.000000 -24405.752248
 798.000000 -24221.947093
 799.000000 -24246.656205
 800.000000 -24257.618472
 801.000000 -24329.650856
 802.000000 -24227.549988
 803.000000 -24093.994146
 804.000000 -24259.948243
 805.000000 -24213.688365
 806.000000 -24157.545627
 807.000000 -24219.622630
 808.000000 -24141.624393
 809.000000 -24394.649977
 810.000000 -24355.457946
 811.000000 -24320.683826
 812.000000 -24272.010916
 813.000000 -24118.898353
 814.000000 -24343.147166
 815.000000 -24362.240920
 816.000000 -24319.200617
 817.000000 -24241.583802
 818.000000 -24359.091192
 819.000000 -24260.684955
 820.000000 -24311.541229
 821.000000 -24289.932367
 822.000000 -24152.858251
 823.000000 -24307.457207
 824.000000 -24172.884408
 825.000000 -24367.657226
 826.000000 -24263.629923
 827.000000 -24268.051034
 828.000000 -24266.279498
 829.000000 -24293.193845
 830.000000 -24215.781795
 831.000000 -24241.044143
 832.000000 -24212.143040
 833.000000 -24270.779368
 834.000000 -24176.823182
 835.000000 -24250.456746
 836.000000 -24169.838724
 837.000000 -24219.021911
 838.000000 -24307.727354
 839.000000 -24255.751212
 840.000000 -24261.910116
 841.000000 -24268.255462
 842.000000 -24203.928469
 843.000000 -24052.312769
 844.000000 -24322.887725
 845.000000 -24199.729513
 846.000000 -24188.083223
 847.000000 -24205.146231
 848.000000 -24315.145231
 849.000000 -24315.113570
 850.000000 -24204.288417
 851.000000 -24170.692064
 852.000000 -24206.783227
 853.000000 -24268.880190
 854.000000 -24284.969111
 855.000000 -24357.808433
 856.000000 -24272.048507
 857.000000 -24228.387095
 858.000000 -24161.565712
 859.000000 -24289.461249
 860.000000 -24308.598223
 861.000000 -24159.256912
 862.000000 -24076.899107
 863.000000 -24257.834008
 864.000000 -24259.227743
 865.000000 -24065.682481
 866.000000 -24197.251616
 867.000000 -24216.447174
 868.000000 -24375.596605
 869.000000 -24131.808096
 870.000000 -24197.441758
 871.000000 -24236.015205
 872.000000 -24325.513480
 873.000000 -24197.311544
 874.000000 -24216.710411
 875.000000 -24304.473770
 876.000000 -24208.910961
 877.000000 -24352.923211
 878.000000 -24376.896399
 879.000000 -24306.775990
 880.000000 -24198.810649
 881.000000 -24337.869849
 882.000000 -24241.342034
 883.000000 -24253.505323
 884.000000 -24357.517620
 885.000000 -24291.912923
 886.000000 -24328.853147
 887.000000 -24154.920387
 888.000000 -24399.002700
 889.000000 -24234.408881
 890.000000 -24234.541586
 891.000000 -24115.590669
 892.000000 -24260.031870
 893.000000 -24288.099187
 894.000000 -24200.372167
 895.000000 -24409.616608
 896.000000 -24188.396947
 897.000000 -24359.965319
 898.000000 -24195.400607
 899.000000 -24200.341091
 900.000000 -24217.189749
 901.000000 -24279.329364
 902.000000 -24190.376889
 903.000000 -24360.435990
 904.000000 -24239.680800
 905.000000 -24387.533306
 906.000000 -24205.216207
 907.000000 -24174.927586
 908.000000 -24333.713343
 909.000000 -24303.026398
 910.000000 -24142.949086
 911.000000 -24241.604223
 912.000000 -24240.329741
 913.000000 -24342.087528
 914.000000 -24392.254253
 915.000000 -24316.597723
 916.000000 -24296.439701
 917.000000 -24353.766279
 918.000000 -24242.657556
 919.000000 -24261.227348
 920.000000 -24209.832136
 921.000000 -24215.965184
 922.000000 -24142.477088
 923.000000 -24106.717669
 924.000000 -24169.629520
 925.000000 -24390.760446
 926.000000 -24301.042663
 927.000000 -24262.698325
 928.000000 -24263.138666
 929.000000 -24255.344359
 930.000000 -24194.389733
 931.000000 -24435.310549
 932.000000 -24201.881213
 933.000000 -24202.742220
 934.000000 -24162.627644
 935.000000 -24286.549712
 936.000000 -24330.107478
 937.000000 -24274.332535
 938.000000 -24321.508846
 939.000000 -24283.493420
 940.000000 -24366.677721
 941.000000 -24269.428382
 942.000000 -24275.960031
 943.000000 -24086.337930
 944.000000 -24278.212181
 945.000000 -24329.669608
 946.000000 -24236.989969
 947.000000 -24182.790596
 948.000000 -24320.883487
 949.000000 -24185.800569
 950.000000 -24403.519442
 951.000000 -24163.907635
 952.000000 -24353.536256
 953.000000 -24323.871995
 954.000000 -24303.241774
 955.000000 -24323.276573
 956.000000 -24234.716735
 957.000000 -24249.703781
 958.000000 -24322.825596
 959.000000 -24314.662597
 960.000000 -24154.019546
 961.000000 -24294.571548
 962.000000 -24152.998085
 963.000000 -24305.102873
 964.000000 -24300.224237
 965.000000 -24300.976224
 966.000000 -24269.599942
 967.000000 -24248.055219
 968.000000 -24330.893803
 969.000000 -24199.304413
 970.000000 -24199.702523
 971.000000 -24145.381442
 972.000000 -24227.661352
 973.000000 -24231.070347
 974.000000 -24319.648030
 975.000000 -24301.153301
 976.000000 -24300.479887
 977.000000 -24158.366453
 978.000000 -24204.657494
 979.000000 -24221.357570
 980.000000 -24329.203137
 981.000000 -24393.351404
 982.000000 -24181.677834
 983.000000 -24325.632935
 984.000000 -24152.171969
 985.000000 -24283.546193
 986.000000 -24339.640836
 987.000000 -24332.241380
 988.000000 -24252.199526
 989.000000 -24339.234990
 990.000000 -24322.783419
 991.000000 -24171.477773
 992.000000 -24183.953397
 993.000000 -24310.599609
 994.000000 -24306.425014
 995.000000 -24229.626624
 996.000000 -24209.858948
 997.000000 -24177.273325
 998.000000 -24147.425516
 999.000000 -24312.294195
 1000.000000 -24122.480487
