#! FIELDS energy ff dff_energy
#! SET normalisation     1.0000000000
#! SET min_energy -25000
#! SET max_energy -23500
#! SET nbins_energy  1000
#! SET periodic_energy false
 -25000.0000000000             inf    0.0000000000
 -24998.5000000000             inf    0.0000000000
 -24997.0000000000             inf    0.0000000000
 -24995.5000000000             inf    0.0000000000
 -24994.0000000000             inf    0.0000000000
 -24992.5000000000             inf    0.0000000000
 -24991.0000000000             inf    0.0000000000
 -24989.5000000000             inf    0.0000000000
 -24988.0000000000             inf    0.0000000000
 -24986.5000000000             inf    0.0000000000
 -24985.0000000000             inf    0.0000000000
 -24983.5000000000             inf    0.0000000000
 -24982.0000000000             inf    0.0000000000
 -24980.5000000000             inf    0.0000000000
 -24979.0000000000             inf    0.0000000000
 -24977.5000000000             inf    0.0000000000
 -24976.0000000000             inf    0.0000000000
 -24974.5000000000             inf    0.0000000000
 -24973.0000000000             inf    0.0000000000
 -24971.5000000000             inf    0.0000000000
 -24970.0000000000             inf    0.0000000000
 -24968.5000000000             inf    0.0000000000
 -24967.0000000000             inf    0.0000000000
 -24965.5000000000             inf    0.0000000000
 -24964.0000000000             inf    0.0000000000
 -24962.5000000000             inf    0.0000000000
 -24961.0000000000             inf    0.0000000000
 -24959.5000000000             inf    0.0000000000
 -24958.0000000000             inf    0.0000000000
 -24956.5000000000             inf    0.0000000000
 -24955.0000000000             inf    0.0000000000
 -24953.5000000000             inf    0.0000000000
 -24952.0000000000             inf    0.0000000000
 -24950.5000000000             inf    0.0000000000
 -24949.0000000000             inf    0.0000000000
 -24947.5000000000             inf    0.0000000000
 -24946.0000000000             inf    0.0000000000
 -24944.5000000000             inf    0.0000000000
 -24943.0000000000             inf    0.0000000000
 -24941.5000000000             inf    0.0000000000
 -24940.0000000000             inf    0.0000000000
 -24938.5000000000             inf    0.0000000000
 -24937.0000000000             inf    0.0000000000
 -24935.5000000000             inf    0.0000000000
 -24934.0000000000             inf    0.0000000000
 -24932.5000000000             inf    0.0000000000
 -24931.0000000000             inf    0.0000000000
 -24929.5000000000             inf    0.0000000000
 -24928.0000000000             inf    0.0000000000
 -24926.5000000000             inf    0.0000000000
 -24925.0000000000             inf    0.0000000000
 -24923.5000000000             inf    0.0000000000
 -24922.0000000000             inf    0.0000000000
 -24920.5000000000             inf    0.0000000000
 -24919.0000000000             inf    0.0000000000
 -24917.5000000000             inf    0.0000000000
 -24916.0000000000             inf    0.0000000000
 -24914.5000000000             inf    0.0000000000
 -24913.0000000000             inf    0.0000000000
 -24911.5000000000             inf    0.0000000000
 -24910.0000000000             inf    0.0000000000
 -24908.5000000000             inf    0.0000000000
 -24907.0000000000             inf    0.0000000000
 -24905.5000000000             inf    0.0000000000
 -24904.0000000000             inf    0.0000000000
 -24902.5000000000             inf    0.0000000000
 -24901.0000000000             inf    0.0000000000
 -24899.5000000000             inf    0.0000000000
 -24898.0000000000             inf    0.0000000000
 -24896.5000000000             inf    0.0000000000
 -24895.0000000000             inf    0.0000000000
 -24893.5000000000             inf    0.0000000000
 -24892.0000000000             inf    0.0000000000
 -24890.5000000000             inf    0.0000000000
 -24889.0000000000             inf    0.0000000000
 -24887.5000000000             inf    0.0000000000
 -24886.0000000000             inf    0.0000000000
 -24884.5000000000             inf    0.0000000000
 -24883.0000000000             inf    0.0000000000
 -24881.5000000000             inf    0.0000000000
 -24880.0000000000             inf    0.0000000000
 -24878.5000000000             inf    0.0000000000
 -24877.0000000000             inf    0.0000000000
 -24875.5000000000             inf    0.0000000000
 -24874.0000000000             inf    0.0000000000
 -24872.5000000000             inf    0.0000000000
 -24871.0000000000             inf    0.0000000000
 -24869.5000000000             inf    0.0000000000
 -24868.0000000000             inf    0.0000000000
 -24866.5000000000             inf    0.0000000000
 -24865.0000000000             inf    0.0000000000
 -24863.5000000000             inf    0.0000000000
 -24862.0000000000             inf    0.0000000000
 -24860.5000000000             inf    0.0000000000
 -24859.0000000000             inf    0.0000000000
 -24857.5000000000             inf    0.0000000000
 -24856.0000000000             inf    0.0000000000
 -24854.5000000000             inf    0.0000000000
 -24853.0000000000             inf    0.0000000000
 -24851.5000000000             inf    0.0000000000
 -24850.0000000000             inf    0.0000000000
 -24848.5000000000             inf    0.0000000000
 -24847.0000000000             inf    0.0000000000
 -24845.5000000000             inf    0.0000000000
 -24844.0000000000             inf    0.0000000000
 -24842.5000000000             inf    0.0000000000
 -24841.0000000000             inf    0.0000000000
 -24839.5000000000             inf    0.0000000000
 -24838.0000000000             inf    0.0000000000
 -24836.5000000000             inf    0.0000000000
 -24835.0000000000             inf    0.0000000000
 -24833.5000000000             inf    0.0000000000
 -24832.0000000000             inf    0.0000000000
 -24830.5000000000             inf    0.0000000000
 -24829.0000000000             inf    0.0000000000
 -24827.5000000000             inf    0.0000000000
 -24826.0000000000             inf    0.0000000000
 -24824.5000000000             inf    0.0000000000
 -24823.0000000000             inf    0.0000000000
 -24821.5000000000             inf    0.0000000000
 -24820.0000000000             inf    0.0000000000
 -24818.5000000000             inf    0.0000000000
 -24817.0000000000             inf    0.0000000000
 -24815.5000000000             inf    0.0000000000
 -24814.0000000000             inf    0.0000000000
 -24812.5000000000             inf    0.0000000000
 -24811.0000000000             inf    0.0000000000
 -24809.5000000000             inf    0.0000000000
 -24808.0000000000             inf    0.0000000000
 -24806.5000000000             inf    0.0000000000
 -24805.0000000000             inf    0.0000000000
 -24803.5000000000             inf    0.0000000000
 -24802.0000000000             inf    0.0000000000
 -24800.5000000000             inf    0.0000000000
 -24799.0000000000             inf    0.0000000000
 -24797.5000000000             inf    0.0000000000
 -24796.0000000000             inf    0.0000000000
 -24794.5000000000             inf    0.0000000000
 -24793.0000000000             inf    0.0000000000
 -24791.5000000000             inf    0.0000000000
 -24790.0000000000             inf    0.0000000000
 -24788.5000000000             inf    0.0000000000
 -24787.0000000000             inf    0.0000000000
 -24785.5000000000             inf    0.0000000000
 -24784.0000000000             inf    0.0000000000
 -24782.5000000000             inf    0.0000000000
 -24781.0000000000             inf    0.0000000000
 -24779.5000000000             inf    0.0000000000
 -24778.0000000000             inf    0.0000000000
 -24776.5000000000             inf    0.0000000000
 -24775.0000000000             inf    0.0000000000
 -24773.5000000000             inf    0.0000000000
 -24772.0000000000             inf    0.0000000000
 -24770.5000000000             inf    0.0000000000
 -24769.0000000000             inf    0.0000000000
 -24767.5000000000             inf    0.0000000000
 -24766.0000000000             inf    0.0000000000
 -24764.5000000000             inf    0.0000000000
 -24763.0000000000             inf    0.0000000000
 -24761.5000000000             inf    0.0000000000
 -24760.0000000000             inf    0.0000000000
 -24758.5000000000             inf    0.0000000000
 -24757.0000000000             inf    0.0000000000
 -24755.5000000000             inf    0.0000000000
 -24754.0000000000             inf    0.0000000000
 -24752.5000000000             inf    0.0000000000
 -24751.0000000000             inf    0.0000000000
 -24749.5000000000             inf    0.0000000000
 -24748.0000000000             inf    0.0000000000
 -24746.5000000000             inf    0.0000000000
 -24745.0000000000             inf    0.0000000000
 -24743.5000000000             inf    0.0000000000
 -24742.0000000000             inf    0.0000000000
 -24740.5000000000             inf    0.0000000000
 -24739.0000000000             inf    0.0000000000
 -24737.5000000000             inf    0.0000000000
 -24736.0000000000             inf    0.0000000000
 -24734.5000000000             inf    0.0000000000
 -24733.0000000000             inf    0.0000000000
 -24731.5000000000             inf    0.0000000000
 -24730.0000000000             inf    0.0000000000
 -24728.5000000000             inf    0.0000000000
 -24727.0000000000             inf    0.0000000000
 -24725.5000000000             inf    0.0000000000
 -24724.0000000000             inf    0.0000000000
 -24722.5000000000             inf    0.0000000000
 -24721.0000000000             inf    0.0000000000
 -24719.5000000000             inf    0.0000000000
 -24718.0000000000             inf    0.0000000000
 -24716.5000000000             inf    0.0000000000
 -24715.0000000000             inf    0.0000000000
 -24713.5000000000             inf    0.0000000000
 -24712.0000000000             inf    0.0000000000
 -24710.5000000000             inf    0.0000000000
 -24709.0000000000             inf    0.0000000000
 -24707.5000000000             inf    0.0000000000
 -24706.0000000000             inf    0.0000000000
 -24704.5000000000             inf    0.0000000000
 -24703.0000000000             inf    0.0000000000
 -24701.5000000000             inf    0.0000000000
 -24700.0000000000             inf    0.0000000000
 -24698.5000000000             inf    0.0000000000
 -24697.0000000000             inf    0.0000000000
 -24695.5000000000             inf    0.0000000000
 -24694.0000000000             inf    0.0000000000
 -24692.5000000000             inf    0.0000000000
 -24691.0000000000             inf    0.0000000000
 -24689.5000000000             inf    0.0000000000
 -24688.0000000000             inf    0.0000000000
 -24686.5000000000             inf    0.0000000000
 -24685.0000000000             inf    0.0000000000
 -24683.5000000000             inf    0.0000000000
 -24682.0000000000             inf    0.0000000000
 -24680.5000000000             inf    0.0000000000
 -24679.0000000000             inf    0.0000000000
 -24677.5000000000             inf    0.0000000000
 -24676.0000000000             inf    0.0000000000
 -24674.5000000000             inf    0.0000000000
 -24673.0000000000             inf    0.0000000000
 -24671.5000000000             inf    0.0000000000
 -24670.0000000000             inf    0.0000000000
 -24668.5000000000             inf    0.0000000000
 -24667.0000000000             inf    0.0000000000
 -24665.5000000000             inf    0.0000000000
 -24664.0000000000             inf    0.0000000000
 -24662.5000000000             inf    0.0000000000
 -24661.0000000000   74.8526350611   -0.2943528542
 -24659.5000000000   74.4129765337   -0.2918585156
 -24658.0000000000   73.9770595143   -0.2893641770
 -24656.5000000000   73.5448840028   -0.2868698384
 -24655.0000000000   71.1776313796   -0.2889914760
 -24653.5000000000   70.7460052121   -0.2865100831
 -24652.0000000000   69.1270931217   -0.2866743539
 -24650.5000000000   68.6989393328   -0.2841973642
 -24649.0000000000   68.2745010304   -0.2817203720
 -24647.5000000000   67.8537782183   -0.2792433769
 -24646.0000000000   67.4367709010   -0.2767663790
 -24644.5000000000   67.0234790831   -0.2742893778
 -24643.0000000000   66.6139027694   -0.2718123732
 -24641.5000000000   66.2080419652   -0.2693353651
 -24640.0000000000   65.8058966761   -0.2668583531
 -24638.5000000000   65.4074669079   -0.2643813371
 -24637.0000000000   65.0127526668   -0.2619043170
 -24635.5000000000   64.6217539593   -0.2594272924
 -24634.0000000000   63.9517785068   -0.2595627397
 -24632.5000000000   63.5642666798   -0.2571197608
 -24631.0000000000   63.1804190299   -0.2546771708
 -24629.5000000000   62.5867996856   -0.2543947984
 -24628.0000000000   62.2070168137   -0.2519824823
 -24626.5000000000   61.8308518830   -0.2495708776
 -24625.0000000000   61.3083383981   -0.2489002093
 -24623.5000000000   60.7970451299   -0.2481203007
 -24622.0000000000   60.4266338178   -0.2457616587
 -24620.5000000000   60.0597595227   -0.2434042786
 -24619.0000000000   59.6964203495   -0.2410481634
 -24617.5000000000   59.1506872794   -0.2411744618
 -24616.0000000000   58.7906589792   -0.2388635654
 -24614.5000000000   58.4340957024   -0.2365544305
 -24613.0000000000   58.0114562618   -0.2352627635
 -24611.5000000000   57.6602772730   -0.2329762212
 -24610.0000000000   57.1996628865   -0.2324386124
 -24608.5000000000   56.7522516763   -0.2317636469
 -24607.0000000000   56.3574446515   -0.2303058810
 -24605.5000000000   55.9318785407   -0.2294349283
 -24604.0000000000   55.5503904974   -0.2278991982
 -24602.5000000000   55.1394470446   -0.2269165837
 -24601.0000000000   54.7383769282   -0.2258464052
 -24599.5000000000   54.4011841881   -0.2237445131
 -24598.0000000000   54.0671416074   -0.2216461839
 -24596.5000000000   53.7362438818   -0.2195513637
 -24595.0000000000   53.3631216362   -0.2183065031
 -24593.5000000000   52.9361485152   -0.2181511024
 -24592.0000000000   52.6104384485   -0.2161296613
 -24590.5000000000   52.2521646506   -0.2148005609
 -24589.0000000000   51.9156126156   -0.2131180739
 -24587.5000000000   51.5676210979   -0.2117320414
 -24586.0000000000   51.2381895103   -0.2100397248
 -24584.5000000000   50.9118297690   -0.2083496691
 -24583.0000000000   50.5888138410   -0.2066573824
 -24581.5000000000   50.2482965840   -0.2054180965
 -24580.0000000000   49.9114639701   -0.2041664154
 -24578.5000000000   49.5974080055   -0.2024812190
 -24577.0000000000   49.2780175822   -0.2009878264
 -24575.5000000000   48.9779362420   -0.1991213335
 -24574.0000000000   48.6806515046   -0.1972589948
 -24572.5000000000   48.3729225403   -0.1957207268
 -24571.0000000000   48.0619399556   -0.1943347618
 -24569.5000000000   47.7657516899   -0.1926565130
 -24568.0000000000   47.4668057678   -0.1911203009
 -24566.5000000000   47.1765407936   -0.1894411747
 -24565.0000000000   46.8840358811   -0.1878930447
 -24563.5000000000   46.6035365479   -0.1861066899
 -24562.0000000000   46.3217832295   -0.1844301996
 -24560.5000000000   46.0425315420   -0.1827610753
 -24559.0000000000   45.7627953347   -0.1811847086
 -24557.5000000000   45.4820616570   -0.1797120449
 -24556.0000000000   45.2107192693   -0.1780544809
 -24554.5000000000   44.9360029040   -0.1765714852
 -24553.0000000000   44.6587512161   -0.1752430104
 -24551.5000000000   44.3896010803   -0.1737579496
 -24550.0000000000   44.1253315549   -0.1722069960
 -24548.5000000000   43.8636975078   -0.1706573830
 -24547.0000000000   43.6046921071   -0.1691088479
 -24545.5000000000   43.3481781544   -0.1675644168
 -24544.0000000000   43.0906010410   -0.1661357675
 -24542.5000000000   42.8319781016   -0.1648219923
 -24541.0000000000   42.5859700130   -0.1631893694
 -24539.5000000000   42.3391804109   -0.1616637769
 -24538.0000000000   42.0949250422   -0.1601391120
 -24536.5000000000   41.8544839708   -0.1585720540
 -24535.0000000000   41.6097389682   -0.1572316383
 -24533.5000000000   41.3700051708   -0.1558076579
 -24532.0000000000   41.1293229628   -0.1545016418
 -24530.5000000000   40.8953510231   -0.1530498079
 -24529.0000000000   40.6648765572   -0.1515624425
 -24527.5000000000   40.4338002107   -0.1501818949
 -24526.0000000000   40.2067225870   -0.1487448110
 -24524.5000000000   39.9820844938   -0.1473076136
 -24523.0000000000   39.7571976494   -0.1459658940
 -24521.5000000000   39.5329243715   -0.1446884549
 -24520.0000000000   39.3131516456   -0.1433330258
 -24518.5000000000   39.0935190179   -0.1420600487
 -24517.0000000000   38.8780451028   -0.1407189420
 -24515.5000000000   38.6640881711   -0.1394082635
 -24514.0000000000   38.4535720070   -0.1380551319
 -24512.5000000000   38.2452066327   -0.1367076907
 -24511.0000000000   38.0373487167   -0.1354291303
 -24509.5000000000   37.8310000197   -0.1341799087
 -24508.0000000000   37.6257167453   -0.1329773852
 -24506.5000000000   37.4219510860   -0.1318031642
 -24505.0000000000   37.2215036317   -0.1305850946
 -24503.5000000000   37.0253140281   -0.1292853996
 -24502.0000000000   36.8290723374   -0.1280764875
 -24500.5000000000   36.6350966525   -0.1268635193
 -24499.0000000000   36.4438763895   -0.1256266124
 -24497.5000000000   36.2542562008   -0.1244124682
 -24496.0000000000   36.0662065245   -0.1232217096
 -24494.5000000000   35.8806446861   -0.1220151103
 -24493.0000000000   35.6963787245   -0.1208427242
 -24491.5000000000   35.5142499903   -0.1196680583
 -24490.0000000000   35.3342166804   -0.1184921093
 -24488.5000000000   35.1551435904   -0.1173629324
 -24487.0000000000   34.9778966084   -0.1162430149
 -24485.5000000000   34.8028753889   -0.1151137785
 -24484.0000000000   34.6288389905   -0.1140287672
 -24482.5000000000   34.4572334090   -0.1129240237
 -24481.0000000000   34.2875873544   -0.1118195971
 -24479.5000000000   34.1187479268   -0.1107657522
 -24478.0000000000   33.9521657743   -0.1096969058
 -24476.5000000000   33.7868221750   -0.1086580805
 -24475.0000000000   33.6235004020   -0.1076132159
 -24473.5000000000   33.4612167535   -0.1066059916
 -24472.0000000000   33.2997692970   -0.1056447847
 -24470.5000000000   33.1412332418   -0.1046335134
 -24469.0000000000   32.9843696174   -0.1036280734
 -24467.5000000000   32.8288985903   -0.1026408643
 -24466.0000000000   32.6750573226   -0.1016595852
 -24464.5000000000   32.5219789073   -0.1007241710
 -24463.0000000000   32.3707559877   -0.0997819893
 -24461.5000000000   32.2202773890   -0.0988846842
 -24460.0000000000   32.0719982223   -0.0979620857
 -24458.5000000000   31.9251069585   -0.0970517611
 -24457.0000000000   31.7798404971   -0.0961413192
 -24455.5000000000   31.6355755168   -0.0952597027
 -24454.0000000000   31.4930228280   -0.0943716126
 -24452.5000000000   31.3513660548   -0.0935155636
 -24451.0000000000   31.2112128117   -0.0926606539
 -24449.5000000000   31.0724482057   -0.0918114380
 -24448.0000000000   30.9350766492   -0.0909666991
 -24446.5000000000   30.7984748548   -0.0901560364
 -24445.0000000000   30.6630043005   -0.0893603913
 -24443.5000000000   30.5285668122   -0.0885835803
 -24442.0000000000   30.3958601552   -0.0877895921
 -24440.5000000000   30.2641716798   -0.0870130333
 -24439.0000000000   30.1334968981   -0.0862530850
 -24437.5000000000   30.0036478123   -0.0855180935
 -24436.0000000000   29.8750038958   -0.0847877184
 -24434.5000000000   29.7480220019   -0.0840376998
 -24433.0000000000   29.6220163135   -0.0833019769
 -24431.5000000000   29.4971337247   -0.0825720885
 -24430.0000000000   29.3732737064   -0.0818521007
 -24428.5000000000   29.2505790677   -0.0811337767
 -24427.0000000000   29.1290959186   -0.0804137370
 -24425.5000000000   29.0086464254   -0.0797004468
 -24424.0000000000   28.8888347120   -0.0790135919
 -24422.5000000000   28.7707404341   -0.0782959105
 -24421.0000000000   28.6536060816   -0.0775864041
 -24419.5000000000   28.5373118988   -0.0768906463
 -24418.0000000000   28.4221255126   -0.0761937974
 -24416.5000000000   28.3081059056   -0.0754921373
 -24415.0000000000   28.1948294918   -0.0748075727
 -24413.5000000000   28.0829945400   -0.0741022727
 -24412.0000000000   27.9720694745   -0.0734042450
 -24410.5000000000   27.8623028495   -0.0726997697
 -24409.0000000000   27.7533125617   -0.0720089931
 -24407.5000000000   27.6454737825   -0.0713113895
 -24406.0000000000   27.5385934485   -0.0706170435
 -24404.5000000000   27.4329424763   -0.0699110624
 -24403.0000000000   27.3283654619   -0.0692017998
 -24401.5000000000   27.2248543808   -0.0684895198
 -24400.0000000000   27.1225426410   -0.0677668938
 -24398.5000000000   27.0212041203   -0.0670463801
 -24397.0000000000   26.9209940951   -0.0663194487
 -24395.5000000000   26.8219593446   -0.0655836244
 -24394.0000000000   26.7237790754   -0.0648568851
 -24392.5000000000   26.6269120310   -0.0641138184
 -24391.0000000000   26.5312018216   -0.0633634456
 -24389.5000000000   26.4362399403   -0.0626289306
 -24388.0000000000   26.3427029835   -0.0618725828
 -24386.5000000000   26.2503381720   -0.0611089952
 -24385.0000000000   26.1590271311   -0.0603452775
 -24383.5000000000   26.0689722584   -0.0595704179
 -24382.0000000000   25.9799292760   -0.0587987517
 -24380.5000000000   25.8922019361   -0.0580134029
 -24379.0000000000   25.8056310249   -0.0572240486
 -24377.5000000000   25.7200433478   -0.0564411608
 -24376.0000000000   25.6358444368   -0.0556419307
 -24374.5000000000   25.5527632528   -0.0548425863
 -24373.0000000000   25.4710023381   -0.0540319873
 -24371.5000000000   25.3904371283   -0.0532179811
 -24370.0000000000   25.3111200881   -0.0523980714
 -24368.5000000000   25.2329655933   -0.0515779492
 -24367.0000000000   25.1561742783   -0.0507463822
 -24365.5000000000   25.0805056160   -0.0499181729
 -24364.0000000000   25.0061630027   -0.0490819119
 -24362.5000000000   24.9331006793   -0.0482408811
 -24361.0000000000   24.8612819451   -0.0473978844
 -24359.5000000000   24.7906829814   -0.0465549024
 -24358.0000000000   24.7213736128   -0.0457082961
 -24356.5000000000   24.6533604237   -0.0448582193
 -24355.0000000000   24.5866274595   -0.0440061687
 -24353.5000000000   24.5211084274   -0.0431566477
 -24352.0000000000   24.4569318603   -0.0423023082
 -24350.5000000000   24.3939972669   -0.0414497377
 -24349.0000000000   24.3324267332   -0.0405918590
 -24347.5000000000   24.2721238625   -0.0397349945
 -24346.0000000000   24.2131057004   -0.0388784369
 -24344.5000000000   24.1553720326   -0.0380225238
 -24343.0000000000   24.0989616269   -0.0371651352
 -24341.5000000000   24.0437977524   -0.0363113079
 -24340.0000000000   23.9898963924   -0.0354602645
 -24338.5000000000   23.9373094319   -0.0346089186
 -24337.0000000000   23.8859971730   -0.0337598982
 -24335.5000000000   23.8359010185   -0.0329170057
 -24334.0000000000   23.7871231651   -0.0320738245
 -24332.5000000000   23.7395727966   -0.0312361476
 -24331.0000000000   23.6932433307   -0.0304043769
 -24329.5000000000   23.6481918852   -0.0295747620
 -24328.0000000000   23.6044354038   -0.0287461261
 -24326.5000000000   23.5618829933   -0.0279241650
 -24325.0000000000   23.5205434333   -0.0271081304
 -24323.5000000000   23.4804592471   -0.0262950413
 -24322.0000000000   23.4416071912   -0.0254861346
 -24320.5000000000   23.4038647816   -0.0246890913
 -24319.0000000000   23.3673800075   -0.0238938878
 -24317.5000000000   23.3321023192   -0.0231034700
 -24316.0000000000   23.2980055115   -0.0223191318
 -24314.5000000000   23.2651127527   -0.0215388960
 -24313.0000000000   23.2333372694   -0.0207680157
 -24311.5000000000   23.2027137610   -0.0200036758
 -24310.0000000000   23.1732482865   -0.0192449272
 -24308.5000000000   23.1449150301   -0.0184929069
 -24307.0000000000   23.1177370600   -0.0177454816
 -24305.5000000000   23.0916747565   -0.0170067659
 -24304.0000000000   23.0666849040   -0.0162746057
 -24302.5000000000   23.0428193986   -0.0155471721
 -24301.0000000000   23.0199952866   -0.0148293776
 -24299.5000000000   22.9982562019   -0.0141197863
 -24298.0000000000   22.9776077547   -0.0134125670
 -24296.5000000000   22.9579701436   -0.0127169672
 -24295.0000000000   22.9394018002   -0.0120239295
 -24293.5000000000   22.9218521093   -0.0113384309
 -24292.0000000000   22.9053560784   -0.0106573078
 -24290.5000000000   22.8898627763   -0.0099832863
 -24289.0000000000   22.8753902945   -0.0093143375
 -24287.5000000000   22.8619168625   -0.0086511908
 -24286.0000000000   22.8494339115   -0.0079936649
 -24284.5000000000   22.8379046623   -0.0073435438
 -24283.0000000000   22.8273608724   -0.0066978487
 -24281.5000000000   22.8177672935   -0.0060582818
 -24280.0000000000   22.8091288136   -0.0054237518
 -24278.5000000000   22.8014826748   -0.0047930685
 -24277.0000000000   22.7947642453   -0.0041655435
 -24275.5000000000   22.7889699927   -0.0035431103
 -24274.0000000000   22.7841346250   -0.0029246604
 -24272.5000000000   22.7802100564   -0.0023086740
 -24271.0000000000   22.7771774028   -0.0016980900
 -24269.5000000000   22.7750875832   -0.0010907778
 -24268.0000000000   22.7739206895   -0.0004851490
 -24266.5000000000   22.7736464213    0.0001190619
 -24265.0000000000   22.7742623474    0.0007200142
 -24263.5000000000   22.7757490419    0.0013168390
 -24262.0000000000   22.7781866128    0.0019117084
 -24260.5000000000   22.7814878543    0.0025073156
 -24259.0000000000   22.7856954683    0.0031026663
 -24257.5000000000   22.7907947151    0.0036950559
 -24256.0000000000   22.7967685131    0.0042878772
 -24254.5000000000   22.8036600787    0.0048781740
 -24253.0000000000   22.8114379204    0.0054684826
 -24251.5000000000   22.8200856562    0.0060601170
 -24250.0000000000   22.8296510761    0.0066520110
 -24248.5000000000   22.8400745892    0.0072447105
 -24247.0000000000   22.8514168377    0.0078382940
 -24245.5000000000   22.8636211511    0.0084308531
 -24244.0000000000   22.8766866119    0.0090267231
 -24242.5000000000   22.8906614408    0.0096248698
 -24241.0000000000   22.9055490682    0.0102255851
 -24239.5000000000   22.9213686028    0.0108260840
 -24238.0000000000   22.9381365370    0.0114256236
 -24236.5000000000   22.9557301863    0.0120329405
 -24235.0000000000   22.9742656123    0.0126405424
 -24233.5000000000   22.9937003729    0.0132517148
 -24232.0000000000   23.0140685286    0.0138645429
 -24230.5000000000   23.0353289554    0.0144801120
 -24229.0000000000   23.0575290821    0.0150995789
 -24227.5000000000   23.0806605356    0.0157220277
 -24226.0000000000   23.1047595609    0.0163454250
 -24224.5000000000   23.1297804993    0.0169710860
 -24223.0000000000   23.1557270195    0.0176031711
 -24221.5000000000   23.1826397986    0.0182374468
 -24220.0000000000   23.2104753709    0.0188771836
 -24218.5000000000   23.2392729625    0.0195201463
 -24217.0000000000   23.2690704188    0.0201641909
 -24215.5000000000   23.2998524734    0.0208106667
 -24214.0000000000   23.3315738093    0.0214629028
 -24212.5000000000   23.3642919280    0.0221174531
 -24211.0000000000   23.3979798334    0.0227764215
 -24209.5000000000   23.4326743427    0.0234376899
 -24208.0000000000   23.4683305848    0.0241044950
 -24206.5000000000   23.5050073168    0.0247732942
 -24205.0000000000   23.5426886263    0.0254453758
 -24203.5000000000   23.5813998113    0.0261193724
 -24202.0000000000   23.6211400377    0.0267955528
 -24200.5000000000   23.6618632211    0.0274771344
 -24199.0000000000   23.7036462213    0.0281593754
 -24197.5000000000   23.7464929941    0.0288422256
 -24196.0000000000   23.7903313017    0.0295304798
 -24194.5000000000   23.8351844326    0.0302228051
 -24193.0000000000   23.8810785369    0.0309176957
 -24191.5000000000   23.9280175629    0.0316150297
 -24190.0000000000   23.9760040368    0.0323147526
 -24188.5000000000   24.0250827945    0.0330141428
 -24187.0000000000   24.0752517881    0.0337133896
 -24185.5000000000   24.1263534632    0.0344224529
 -24184.0000000000   24.1785593162    0.0351306404
 -24182.5000000000   24.2318301398    0.0358404338
 -24181.0000000000   24.2861461400    0.0365530669
 -24179.5000000000   24.3416354463    0.0372605698
 -24178.0000000000   24.3981473882    0.0379722616
 -24176.5000000000   24.4557969698    0.0386810191
 -24175.0000000000   24.5144226592    0.0393966988
 -24173.5000000000   24.5741031633    0.0401144320
 -24172.0000000000   24.6349301329    0.0408285148
 -24170.5000000000   24.6967797672    0.0415463674
 -24169.0000000000   24.7597109309    0.0422643432
 -24167.5000000000   24.8237911198    0.0429781929
 -24166.0000000000   24.8889910025    0.0436895376
 -24164.5000000000   24.9551876091    0.0444056531
 -24163.0000000000   25.0225373891    0.0451169806
 -24161.5000000000   25.0908789919    0.0458329899
 -24160.0000000000   25.1603215142    0.0465469831
 -24158.5000000000   25.2307873687    0.0472634047
 -24157.0000000000   25.3023293985    0.0479788925
 -24155.5000000000   25.3750293358    0.0486883897
 -24154.0000000000   25.4488210961    0.0493955460
 -24152.5000000000   25.5237334567    0.0500984546
 -24151.0000000000   25.5997313547    0.0507989293
 -24149.5000000000   25.6766946205    0.0515037760
 -24148.0000000000   25.7545759425    0.0522155804
 -24146.5000000000   25.8336781510    0.0529164273
 -24145.0000000000   25.9137980583    0.0536178251
 -24143.5000000000   25.9949149400    0.0543208021
 -24142.0000000000   26.0771226462    0.0550196840
 -24140.5000000000   26.1604148919    0.0557145841
 -24139.0000000000   26.2446806306    0.0564116150
 -24137.5000000000   26.3300676332    0.0571021592
 -24136.0000000000   26.4164584132    0.0577926713
 -24134.5000000000   26.5038495752    0.0584831374
 -24133.0000000000   26.5923846399    0.0591652212
 -24131.5000000000   26.6819547172    0.0598449641
 -24130.0000000000   26.7724677644    0.0605273332
 -24128.5000000000   26.8641200752    0.0612011620
 -24127.0000000000   26.9566737653    0.0618797184
 -24125.5000000000   27.0502137005    0.0625581786
 -24124.0000000000   27.1449370942    0.0632254165
 -24122.5000000000   27.2405391149    0.0638983416
 -24121.0000000000   27.3372412709    0.0645646692
 -24119.5000000000   27.4348673073    0.0652341927
 -24118.0000000000   27.5336375850    0.0658947584
 -24116.5000000000   27.6335907616    0.0665442935
 -24115.0000000000   27.7341579101    0.0672141727
 -24113.5000000000   27.8356772155    0.0678859956
 -24112.0000000000   27.9382666435    0.0685536087
 -24110.5000000000   28.0418047690    0.0692237398
 -24109.0000000000   28.1466218540    0.0698788191
 -24107.5000000000   28.2522679249    0.0705433984
 -24106.0000000000   28.3591956241    0.0711934669
 -24104.5000000000   28.4667811331    0.0718629732
 -24103.0000000000   28.5753748908    0.0725335513
 -24101.5000000000   28.6848630443    0.0732117908
 -24100.0000000000   28.7955537177    0.0738817898
 -24098.5000000000   28.9070863238    0.0745633707
 -24097.0000000000   29.0199120411    0.0752332240
 -24095.5000000000   29.1336171819    0.0759137728
 -24094.0000000000   29.2482817892    0.0766015628
 -24092.5000000000   29.3639268116    0.0772963508
 -24091.0000000000   29.4809780270    0.0779766020
 -24089.5000000000   29.5991392234    0.0786586070
 -24088.0000000000   29.7185043767    0.0793384629
 -24086.5000000000   29.8384541346    0.0800492431
 -24085.0000000000   29.9596417645    0.0807581821
 -24083.5000000000   30.0820868890    0.0814653814
 -24082.0000000000   30.2059595069    0.0821631472
 -24080.5000000000   30.3308312850    0.0828745493
 -24079.0000000000   30.4561843996    0.0836272547
 -24077.5000000000   30.5828672416    0.0843793117
 -24076.0000000000   30.7107186773    0.0851402283
 -24074.5000000000   30.8398236060    0.0859068363
 -24073.0000000000   30.9700181546    0.0866888371
 -24071.5000000000   31.1011936155    0.0874929041
 -24070.0000000000   31.2337300581    0.0883016379
 -24068.5000000000   31.3682965055    0.0890830572
 -24067.0000000000   31.5028142234    0.0899414915
 -24065.5000000000   31.6388772006    0.0907998045
 -24064.0000000000   31.7767535294    0.0916463037
 -24062.5000000000   31.9158108522    0.0925133378
 -24061.0000000000   32.0559545175    0.0934070924
 -24059.5000000000   32.1983038856    0.0942748065
 -24058.0000000000   32.3408500436    0.0952147131
 -24056.5000000000   32.4852675762    0.0961480148
 -24055.0000000000   32.6308397032    0.0971106269
 -24053.5000000000   32.7788363784    0.0980435570
 -24052.0000000000   32.9280115994    0.0990075839
 -24050.5000000000   33.0790067934    0.0999736472
 -24049.0000000000   33.2308196686    0.1009903993
 -24047.5000000000   33.3842393702    0.1020226725
 -24046.0000000000   33.5392344609    0.1030730750
 -24044.5000000000   33.6952691080    0.1041679169
 -24043.0000000000   33.8536115018    0.1052505350
 -24041.5000000000   34.0134285905    0.1063603415
 -24040.0000000000   34.1745301102    0.1075073504
 -24038.5000000000   34.3390335991    0.1085977214
 -24037.0000000000   34.5038058940    0.1097729395
 -24035.5000000000   34.6701421240    0.1109766749
 -24034.0000000000   34.8411690385    0.1120720741
 -24032.5000000000   35.0116085114    0.1132930682
 -24031.0000000000   35.1836418647    0.1145448887
 -24029.5000000000   35.3584862596    0.1157761282
 -24028.0000000000   35.5344248609    0.1170624884
 -24026.5000000000   35.7139457720    0.1182982805
 -24025.0000000000   35.8937551140    0.1196246272
 -24023.5000000000   36.0759953820    0.1209523491
 -24022.0000000000   36.2628379724    0.1221917758
 -24020.5000000000   36.4491342045    0.1235586585
 -24019.0000000000   36.6387354222    0.1248943315
 -24017.5000000000   36.8288801112    0.1263133770
 -24016.0000000000   37.0217043714    0.1277296402
 -24014.5000000000   37.2162232392    0.1291831123
 -24013.0000000000   37.4145678010    0.1305909515
 -24011.5000000000   37.6126627426    0.1321145044
 -24010.0000000000   37.8156851327    0.1335512392
 -24008.5000000000   38.0194877281    0.1350644747
 -24007.0000000000   38.2250439668    0.1366161369
 -24005.5000000000   38.4337003039    0.1381562891
 -24004.0000000000   38.6460593735    0.1396628629
 -24002.5000000000   38.8601600094    0.1412101081
 -24001.0000000000   39.0760606632    0.1427965859
 -23999.5000000000   39.2945815105    0.1443931646
 -23998.0000000000   39.5180411376    0.1459164735
 -23996.5000000000   39.7416015397    0.1475412375
 -23995.0000000000   39.9696283264    0.1491129904
 -23993.5000000000   40.1965457634    0.1508274217
 -23992.0000000000   40.4271817246    0.1525168269
 -23990.5000000000   40.6604740191    0.1542180045
 -23989.0000000000   40.8964704734    0.1559299648
 -23987.5000000000   41.1328661890    0.1577298756
 -23986.0000000000   41.3745339291    0.1594570184
 -23984.5000000000   41.6204589900    0.1611469758
 -23983.0000000000   41.8664749246    0.1629338473
 -23981.5000000000   42.1152668352    0.1647309500
 -23980.0000000000   42.3716925807    0.1663880943
 -23978.5000000000   42.6260748335    0.1682059436
 -23977.0000000000   42.8871044586    0.1699192631
 -23975.5000000000   43.1552723024    0.1715170881
 -23974.0000000000   43.4222003016    0.1732459786
 -23972.5000000000   43.6857847758    0.1751668970
 -23971.0000000000   43.9569142932    0.1769636193
 -23969.5000000000   44.2337299181    0.1786929496
 -23968.0000000000   44.5085968209    0.1805689708
 -23966.5000000000   44.7836822529    0.1825281302
 -23965.0000000000   45.0802395052    0.1840001566
 -23963.5000000000   45.3673828191    0.1858121928
 -23962.0000000000   45.6548523240    0.1877062195
 -23960.5000000000   45.9455767360    0.1896028368
 -23959.0000000000   46.2315555068    0.1917027645
 -23957.5000000000   46.5335588238    0.1934898070
 -23956.0000000000   46.8392932884    0.1952713488
 -23954.5000000000   47.1438843030    0.1971640730
 -23953.0000000000   47.4517113670    0.1990605069
 -23951.5000000000   47.7519153750    0.2012118992
 -23950.0000000000   48.0617187348    0.2032248400
 -23948.5000000000   48.3814757083    0.2050948202
 -23947.0000000000   48.6907458006    0.2072656442
 -23945.5000000000   49.0273455531    0.2089406742
 -23944.0000000000   49.3670475853    0.2106211900
 -23942.5000000000   49.6846321150    0.2128250872
 -23941.0000000000   50.0459960852    0.2142438188
 -23939.5000000000   50.3804975778    0.2162551466
 -23938.0000000000   50.7298600194    0.2180523631
 -23936.5000000000   51.0586219780    0.2202970318
 -23935.0000000000   51.4050918287    0.2222920292
 -23933.5000000000   51.7402186058    0.2245437765
 -23932.0000000000   52.0787234696    0.2267961466
 -23930.5000000000   52.4206073623    0.2290491500
 -23929.0000000000   52.8057284707    0.2306881212
 -23927.5000000000   53.1754149494    0.2326258930
 -23926.0000000000   53.5735546330    0.2342045845
 -23924.5000000000   53.9780433257    0.2357533272
 -23923.0000000000   54.3333978983    0.2380527859
 -23921.5000000000   54.6922017353    0.2403523485
 -23920.0000000000   55.0891817932    0.2422130464
 -23918.5000000000   55.4542312302    0.2445195478
 -23917.0000000000   55.8227404743    0.2468261246
 -23915.5000000000   56.2816414673    0.2481363120
 -23914.0000000000   56.7036094908    0.2499220251
 -23912.5000000000   57.0802377833    0.2522490264
 -23911.0000000000   57.4603565579    0.2545760033
 -23909.5000000000   57.9099662811    0.2562813475
 -23908.0000000000   58.5202531990    0.2565542862
 -23906.5000000000   58.9901230243    0.2581503375
 -23905.0000000000   59.4783983965    0.2596794228
 -23903.5000000000   59.8696936611    0.2620475825
 -23902.0000000000   60.3791412848    0.2635162611
 -23900.5000000000   60.9133965083    0.2649037610
 -23899.0000000000   61.4656297379    0.2662151102
 -23897.5000000000   62.0499696771    0.2674227277
 -23896.0000000000   62.6661324648    0.2685114090
 -23894.5000000000   63.0707019834    0.2709146164
 -23893.0000000000   63.7394250004    0.2718586816
 -23891.5000000000   64.1490205138    0.2742686782
 -23890.0000000000   65.2616766750    0.2730839167
 -23888.5000000000   66.6534653206    0.2702183888
 -23887.0000000000   67.7267776066    0.2687593470
 -23885.5000000000   68.1317805490    0.2712445774
 -23884.0000000000   68.5405113422    0.2737298146
 -23882.5000000000   68.9529699962    0.2762150585
 -23881.0000000000   69.3691565211    0.2787003092
 -23879.5000000000   69.7890709272    0.2811855668
 -23878.0000000000   70.2127132250    0.2836708314
 -23876.5000000000   70.6400834248    0.2861561029
 -23875.0000000000   73.1548467376    0.2845999370
 -23873.5000000000   73.5836173970    0.2870942756
 -23872.0000000000   74.0161295644    0.2895886143
 -23870.5000000000   74.4523832398    0.2920829529
 -23869.0000000000             inf    0.0000000000
 -23867.5000000000             inf    0.0000000000
 -23866.0000000000             inf    0.0000000000
 -23864.5000000000             inf    0.0000000000
 -23863.0000000000             inf    0.0000000000
 -23861.5000000000             inf    0.0000000000
 -23860.0000000000             inf    0.0000000000
 -23858.5000000000             inf    0.0000000000
 -23857.0000000000             inf    0.0000000000
 -23855.5000000000             inf    0.0000000000
 -23854.0000000000             inf    0.0000000000
 -23852.5000000000             inf    0.0000000000
 -23851.0000000000             inf    0.0000000000
 -23849.5000000000             inf    0.0000000000
 -23848.0000000000             inf    0.0000000000
 -23846.5000000000             inf    0.0000000000
 -23845.0000000000             inf    0.0000000000
 -23843.5000000000             inf    0.0000000000
 -23842.0000000000             inf    0.0000000000
 -23840.5000000000             inf    0.0000000000
 -23839.0000000000             inf    0.0000000000
 -23837.5000000000             inf    0.0000000000
 -23836.0000000000             inf    0.0000000000
 -23834.5000000000             inf    0.0000000000
 -23833.0000000000             inf    0.0000000000
 -23831.5000000000             inf    0.0000000000
 -23830.0000000000             inf    0.0000000000
 -23828.5000000000             inf    0.0000000000
 -23827.0000000000             inf    0.0000000000
 -23825.5000000000             inf    0.0000000000
 -23824.0000000000             inf    0.0000000000
 -23822.5000000000             inf    0.0000000000
 -23821.0000000000             inf    0.0000000000
 -23819.5000000000             inf    0.0000000000
 -23818.0000000000             inf    0.0000000000
 -23816.5000000000             inf    0.0000000000
 -23815.0000000000             inf    0.0000000000
 -23813.5000000000             inf    0.0000000000
 -23812.0000000000             inf    0.0000000000
 -23810.5000000000             inf    0.0000000000
 -23809.0000000000             inf    0.0000000000
 -23807.5000000000             inf    0.0000000000
 -23806.0000000000             inf    0.0000000000
 -23804.5000000000             inf    0.0000000000
 -23803.0000000000             inf    0.0000000000
 -23801.5000000000             inf    0.0000000000
 -23800.0000000000             inf    0.0000000000
 -23798.5000000000             inf    0.0000000000
 -23797.0000000000             inf    0.0000000000
 -23795.5000000000             inf    0.0000000000
 -23794.0000000000             inf    0.0000000000
 -23792.5000000000             inf    0.0000000000
 -23791.0000000000             inf    0.0000000000
 -23789.5000000000             inf    0.0000000000
 -23788.0000000000             inf    0.0000000000
 -23786.5000000000             inf    0.0000000000
 -23785.0000000000             inf    0.0000000000
 -23783.5000000000             inf    0.0000000000
 -23782.0000000000             inf    0.0000000000
 -23780.5000000000             inf    0.0000000000
 -23779.0000000000             inf    0.0000000000
 -23777.5000000000             inf    0.0000000000
 -23776.0000000000             inf    0.0000000000
 -23774.5000000000             inf    0.0000000000
 -23773.0000000000             inf    0.0000000000
 -23771.5000000000             inf    0.0000000000
 -23770.0000000000             inf    0.0000000000
 -23768.5000000000             inf    0.0000000000
 -23767.0000000000             inf    0.0000000000
 -23765.5000000000             inf    0.0000000000
 -23764.0000000000             inf    0.0000000000
 -23762.5000000000             inf    0.0000000000
 -23761.0000000000             inf    0.0000000000
 -23759.5000000000             inf    0.0000000000
 -23758.0000000000             inf    0.0000000000
 -23756.5000000000             inf    0.0000000000
 -23755.0000000000             inf    0.0000000000
 -23753.5000000000             inf    0.0000000000
 -23752.0000000000             inf    0.0000000000
 -23750.5000000000             inf    0.0000000000
 -23749.0000000000             inf    0.0000000000
 -23747.5000000000             inf    0.0000000000
 -23746.0000000000             inf    0.0000000000
 -23744.5000000000             inf    0.0000000000
 -23743.0000000000             inf    0.0000000000
 -23741.5000000000             inf    0.0000000000
 -23740.0000000000             inf    0.0000000000
 -23738.5000000000             inf    0.0000000000
 -23737.0000000000             inf    0.0000000000
 -23735.5000000000             inf    0.0000000000
 -23734.0000000000             inf    0.0000000000
 -23732.5000000000             inf    0.0000000000
 -23731.0000000000             inf    0.0000000000
 -23729.5000000000             inf    0.0000000000
 -23728.0000000000             inf    0.0000000000
 -23726.5000000000             inf    0.0000000000
 -23725.0000000000             inf    0.0000000000
 -23723.5000000000             inf    0.0000000000
 -23722.0000000000             inf    0.0000000000
 -23720.5000000000             inf    0.0000000000
 -23719.0000000000             inf    0.0000000000
 -23717.5000000000             inf    0.0000000000
 -23716.0000000000             inf    0.0000000000
 -23714.5000000000             inf    0.0000000000
 -23713.0000000000             inf    0.0000000000
 -23711.5000000000             inf    0.0000000000
 -23710.0000000000             inf    0.0000000000
 -23708.5000000000             inf    0.0000000000
 -23707.0000000000             inf    0.0000000000
 -23705.5000000000             inf    0.0000000000
 -23704.0000000000             inf    0.0000000000
 -23702.5000000000             inf    0.0000000000
 -23701.0000000000             inf    0.0000000000
 -23699.5000000000             inf    0.0000000000
 -23698.0000000000             inf    0.0000000000
 -23696.5000000000             inf    0.0000000000
 -23695.0000000000             inf    0.0000000000
 -23693.5000000000             inf    0.0000000000
 -23692.0000000000             inf    0.0000000000
 -23690.5000000000             inf    0.0000000000
 -23689.0000000000             inf    0.0000000000
 -23687.5000000000             inf    0.0000000000
 -23686.0000000000             inf    0.0000000000
 -23684.5000000000             inf    0.0000000000
 -23683.0000000000             inf    0.0000000000
 -23681.5000000000             inf    0.0000000000
 -23680.0000000000             inf    0.0000000000
 -23678.5000000000             inf    0.0000000000
 -23677.0000000000             inf    0.0000000000
 -23675.5000000000             inf    0.0000000000
 -23674.0000000000             inf    0.0000000000
 -23672.5000000000             inf    0.0000000000
 -23671.0000000000             inf    0.0000000000
 -23669.5000000000             inf    0.0000000000
 -23668.0000000000             inf    0.0000000000
 -23666.5000000000             inf    0.0000000000
 -23665.0000000000             inf    0.0000000000
 -23663.5000000000             inf    0.0000000000
 -23662.0000000000             inf    0.0000000000
 -23660.5000000000             inf    0.0000000000
 -23659.0000000000             inf    0.0000000000
 -23657.5000000000             inf    0.0000000000
 -23656.0000000000             inf    0.0000000000
 -23654.5000000000             inf    0.0000000000
 -23653.0000000000             inf    0.0000000000
 -23651.5000000000             inf    0.0000000000
 -23650.0000000000             inf    0.0000000000
 -23648.5000000000             inf    0.0000000000
 -23647.0000000000             inf    0.0000000000
 -23645.5000000000             inf    0.0000000000
 -23644.0000000000             inf    0.0000000000
 -23642.5000000000             inf    0.0000000000
 -23641.0000000000             inf    0.0000000000
 -23639.5000000000             inf    0.0000000000
 -23638.0000000000             inf    0.0000000000
 -23636.5000000000             inf    0.0000000000
 -23635.0000000000             inf    0.0000000000
 -23633.5000000000             inf    0.0000000000
 -23632.0000000000             inf    0.0000000000
 -23630.5000000000             inf    0.0000000000
 -23629.0000000000             inf    0.0000000000
 -23627.5000000000             inf    0.0000000000
 -23626.0000000000             inf    0.0000000000
 -23624.5000000000             inf    0.0000000000
 -23623.0000000000             inf    0.0000000000
 -23621.5000000000             inf    0.0000000000
 -23620.0000000000             inf    0.0000000000
 -23618.5000000000             inf    0.0000000000
 -23617.0000000000             inf    0.0000000000
 -23615.5000000000             inf    0.0000000000
 -23614.0000000000             inf    0.0000000000
 -23612.5000000000             inf    0.0000000000
 -23611.0000000000             inf    0.0000000000
 -23609.5000000000             inf    0.0000000000
 -23608.0000000000             inf    0.0000000000
 -23606.5000000000             inf    0.0000000000
 -23605.0000000000             inf    0.0000000000
 -23603.5000000000             inf    0.0000000000
 -23602.0000000000             inf    0.0000000000
 -23600.5000000000             inf    0.0000000000
 -23599.0000000000             inf    0.0000000000
 -23597.5000000000             inf    0.0000000000
 -23596.0000000000             inf    0.0000000000
 -23594.5000000000             inf    0.0000000000
 -23593.0000000000             inf    0.0000000000
 -23591.5000000000             inf    0.0000000000
 -23590.0000000000             inf    0.0000000000
 -23588.5000000000             inf    0.0000000000
 -23587.0000000000             inf    0.0000000000
 -23585.5000000000             inf    0.0000000000
 -23584.0000000000             inf    0.0000000000
 -23582.5000000000             inf    0.0000000000
 -23581.0000000000             inf    0.0000000000
 -23579.5000000000             inf    0.0000000000
 -23578.0000000000             inf    0.0000000000
 -23576.5000000000             inf    0.0000000000
 -23575.0000000000             inf    0.0000000000
 -23573.5000000000             inf    0.0000000000
 -23572.0000000000             inf    0.0000000000
 -23570.5000000000             inf    0.0000000000
 -23569.0000000000             inf    0.0000000000
 -23567.5000000000             inf    0.0000000000
 -23566.0000000000             inf    0.0000000000
 -23564.5000000000             inf    0.0000000000
 -23563.0000000000             inf    0.0000000000
 -23561.5000000000             inf    0.0000000000
 -23560.0000000000             inf    0.0000000000
 -23558.5000000000             inf    0.0000000000
 -23557.0000000000             inf    0.0000000000
 -23555.5000000000             inf    0.0000000000
 -23554.0000000000             inf    0.0000000000
 -23552.5000000000             inf    0.0000000000
 -23551.0000000000             inf    0.0000000000
 -23549.5000000000             inf    0.0000000000
 -23548.0000000000             inf    0.0000000000
 -23546.5000000000             inf    0.0000000000
 -23545.0000000000             inf    0.0000000000
 -23543.5000000000             inf    0.0000000000
 -23542.0000000000             inf    0.0000000000
 -23540.5000000000             inf    0.0000000000
 -23539.0000000000             inf    0.0000000000
 -23537.5000000000             inf    0.0000000000
 -23536.0000000000             inf    0.0000000000
 -23534.5000000000             inf    0.0000000000
 -23533.0000000000             inf    0.0000000000
 -23531.5000000000             inf    0.0000000000
 -23530.0000000000             inf    0.0000000000
 -23528.5000000000             inf    0.0000000000
 -23527.0000000000             inf    0.0000000000
 -23525.5000000000             inf    0.0000000000
 -23524.0000000000             inf    0.0000000000
 -23522.5000000000             inf    0.0000000000
 -23521.0000000000             inf    0.0000000000
 -23519.5000000000             inf    0.0000000000
 -23518.0000000000             inf    0.0000000000
 -23516.5000000000             inf    0.0000000000
 -23515.0000000000             inf    0.0000000000
 -23513.5000000000             inf    0.0000000000
 -23512.0000000000             inf    0.0000000000
 -23510.5000000000             inf    0.0000000000
 -23509.0000000000             inf    0.0000000000
 -23507.5000000000             inf    0.0000000000
 -23506.0000000000             inf    0.0000000000
 -23504.5000000000             inf    0.0000000000
 -23503.0000000000             inf    0.0000000000
 -23501.5000000000             inf    0.0000000000
 -23500.0000000000             inf    0.0000000000
