#! FIELDS energy hh dhh_energy
#! SET normalisation  1000.0000000000
#! SET min_energy -25000
#! SET max_energy -23500
#! SET nbins_energy  1000
#! SET periodic_energy false
 -25000.0000000000    0.0000000000    0.0000000000
 -24998.5000000000    0.0000000000    0.0000000000
 -24997.0000000000    0.0000000000    0.0000000000
 -24995.5000000000    0.0000000000    0.0000000000
 -24994.0000000000    0.0000000000    0.0000000000
 -24992.5000000000    0.0000000000    0.0000000000
 -24991.0000000000    0.0000000000    0.0000000000
 -24989.5000000000    0.0000000000    0.0000000000
 -24988.0000000000    0.0000000000    0.0000000000
 -24986.5000000000    0.0000000000    0.0000000000
 -24985.0000000000    0.0000000000    0.0000000000
 -24983.5000000000    0.0000000000    0.0000000000
 -24982.0000000000    0.0000000000    0.0000000000
 -24980.5000000000    0.0000000000    0.0000000000
 -24979.0000000000    0.0000000000    0.0000000000
 -24977.5000000000    0.0000000000    0.0000000000
 -24976.0000000000    0.0000000000    0.0000000000
 -24974.5000000000    0.0000000000    0.0000000000
 -24973.0000000000    0.0000000000    0.0000000000
 -24971.5000000000    0.0000000000    0.0000000000
 -24970.0000000000    0.0000000000    0.0000000000
 -24968.5000000000    0.0000000000    0.0000000000
 -24967.0000000000    0.0000000000    0.0000000000
 -24965.5000000000    0.0000000000    0.0000000000
 -24964.0000000000    0.0000000000    0.0000000000
 -24962.5000000000    0.0000000000    0.0000000000
 -24961.0000000000    0.0000000000    0.0000000000
 -24959.5000000000    0.0000000000    0.0000000000
 -24958.0000000000    0.0000000000    0.0000000000
 -24956.5000000000    0.0000000000    0.0000000000
 -24955.0000000000    0.0000000000    0.0000000000
 -24953.5000000000    0.0000000000    0.0000000000
 -24952.0000000000    0.0000000000    0.0000000000
 -24950.5000000000    0.0000000000    0.0000000000
 -24949.0000000000    0.0000000000    0.0000000000
 -24947.5000000000    0.0000000000    0.0000000000
 -24946.0000000000    0.0000000000    0.0000000000
 -24944.5000000000    0.0000000000    0.0000000000
 -24943.0000000000    0.0000000000    0.0000000000
 -24941.5000000000    0.0000000000    0.0000000000
 -24940.0000000000    0.0000000000    0.0000000000
 -24938.5000000000    0.0000000000    0.0000000000
 -24937.0000000000    0.0000000000    0.0000000000
 -24935.5000000000    0.0000000000    0.0000000000
 -24934.0000000000    0.0000000000    0.0000000000
 -24932.5000000000    0.0000000000    0.0000000000
 -24931.0000000000    0.0000000000    0.0000000000
 -24929.5000000000    0.0000000000    0.0000000000
 -24928.0000000000    0.0000000000    0.0000000000
 -24926.5000000000    0.0000000000    0.0000000000
 -24925.0000000000    0.0000000000    0.0000000000
 -24923.5000000000    0.0000000000    0.0000000000
 -24922.0000000000    0.0000000000    0.0000000000
 -24920.5000000000    0.0000000000    0.0000000000
 -24919.0000000000    0.0000000000    0.0000000000
 -24917.5000000000    0.0000000000    0.0000000000
 -24916.0000000000    0.0000000000    0.0000000000
 -24914.5000000000    0.0000000000    0.0000000000
 -24913.0000000000    0.0000000000    0.0000000000
 -24911.5000000000    0.0000000000    0.0000000000
 -24910.0000000000    0.0000000000    0.0000000000
 -24908.5000000000    0.0000000000    0.0000000000
 -24907.0000000000    0.0000000000    0.0000000000
 -24905.5000000000    0.0000000000    0.0000000000
 -24904.0000000000    0.0000000000    0.0000000000
 -24902.5000000000    0.0000000000    0.0000000000
 -24901.0000000000    0.0000000000    0.0000000000
 -24899.5000000000    0.0000000000    0.0000000000
 -24898.0000000000    0.0000000000    0.0000000000
 -24896.5000000000    0.0000000000    0.0000000000
 -24895.0000000000    0.0000000000    0.0000000000
 -24893.5000000000    0.0000000000    0.0000000000
 -24892.0000000000    0.0000000000    0.0000000000
 -24890.5000000000    0.0000000000    0.0000000000
 -24889.0000000000    0.0000000000    0.0000000000
 -24887.5000000000    0.0000000000    0.0000000000
 -24886.0000000000    0.0000000000    0.0000000000
 -24884.5000000000    0.0000000000    0.0000000000
 -24883.0000000000    0.0000000000    0.0000000000
 -24881.5000000000    0.0000000000    0.0000000000
 -24880.0000000000    0.0000000000    0.0000000000
 -24878.5000000000    0.0000000000    0.0000000000
 -24877.0000000000    0.0000000000    0.0000000000
 -24875.5000000000    0.0000000000    0.0000000000
 -24874.0000000000    0.0000000000    0.0000000000
 -24872.5000000000    0.0000000000    0.0000000000
 -24871.0000000000    0.0000000000    0.0000000000
 -24869.5000000000    0.0000000000    0.0000000000
 -24868.0000000000    0.0000000000    0.0000000000
 -24866.5000000000    0.0000000000    0.0000000000
 -24865.0000000000    0.0000000000    0.0000000000
 -24863.5000000000    0.0000000000    0.0000000000
 -24862.0000000000    0.0000000000    0.0000000000
 -24860.5000000000    0.0000000000    0.0000000000
 -24859.0000000000    0.0000000000    0.0000000000
 -24857.5000000000    0.0000000000    0.0000000000
 -24856.0000000000    0.0000000000    0.0000000000
 -24854.5000000000    0.0000000000    0.0000000000
 -24853.0000000000    0.0000000000    0.0000000000
 -24851.5000000000    0.0000000000    0.0000000000
 -24850.0000000000    0.0000000000    0.0000000000
 -24848.5000000000    0.0000000000    0.0000000000
 -24847.0000000000    0.0000000000    0.0000000000
 -24845.5000000000    0.0000000000    0.0000000000
 -24844.0000000000    0.0000000000    0.0000000000
 -24842.5000000000    0.0000000000    0.0000000000
 -24841.0000000000    0.0000000000    0.0000000000
 -24839.5000000000    0.0000000000    0.0000000000
 -24838.0000000000    0.0000000000    0.0000000000
 -24836.5000000000    0.0000000000    0.0000000000
 -24835.0000000000    0.0000000000    0.0000000000
 -24833.5000000000    0.0000000000    0.0000000000
 -24832.0000000000    0.0000000000    0.0000000000
 -24830.5000000000    0.0000000000    0.0000000000
 -24829.0000000000    0.0000000000    0.0000000000
 -24827.5000000000    0.0000000000    0.0000000000
 -24826.0000000000    0.0000000000    0.0000000000
 -24824.5000000000    0.0000000000    0.0000000000
 -24823.0000000000    0.0000000000    0.0000000000
 -24821.5000000000    0.0000000000    0.0000000000
 -24820.0000000000    0.0000000000    0.0000000000
 -24818.5000000000    0.0000000000    0.0000000000
 -24817.0000000000    0.0000000000    0.0000000000
 -24815.5000000000    0.0000000000    0.0000000000
 -24814.0000000000    0.0000000000    0.0000000000
 -24812.5000000000    0.0000000000    0.0000000000
 -24811.0000000000    0.0000000000    0.0000000000
 -24809.5000000000    0.0000000000    0.0000000000
 -24808.0000000000    0.0000000000    0.0000000000
 -24806.5000000000    0.0000000000    0.0000000000
 -24805.0000000000    0.0000000000    0.0000000000
 -24803.5000000000    0.0000000000    0.0000000000
 -24802.0000000000    0.0000000000    0.0000000000
 -24800.5000000000    0.0000000000    0.0000000000
 -24799.0000000000    0.0000000000    0.0000000000
 -24797.5000000000    0.0000000000    0.0000000000
 -24796.0000000000    0.0000000000    0.0000000000
 -24794.5000000000    0.0000000000    0.0000000000
 -24793.0000000000    0.0000000000    0.0000000000
 -24791.5000000000    0.0000000000    0.0000000000
 -24790.0000000000    0.0000000000    0.0000000000
 -24788.5000000000    0.0000000000    0.0000000000
 -24787.0000000000    0.0000000000    0.0000000000
 -24785.5000000000    0.0000000000    0.0000000000
 -24784.0000000000    0.0000000000    0.0000000000
 -24782.5000000000    0.0000000000    0.0000000000
 -24781.0000000000    0.0000000000    0.0000000000
 -24779.5000000000    0.0000000000    0.0000000000
 -24778.0000000000    0.0000000000    0.0000000000
 -24776.5000000000    0.0000000000    0.0000000000
 -24775.0000000000    0.0000000000    0.0000000000
 -24773.5000000000    0.0000000000    0.0000000000
 -24772.0000000000    0.0000000000    0.0000000000
 -24770.5000000000    0.0000000000    0.0000000000
 -24769.0000000000    0.0000000000    0.0000000000
 -24767.5000000000    0.0000000000    0.0000000000
 -24766.0000000000    0.0000000000    0.0000000000
 -24764.5000000000    0.0000000000    0.0000000000
 -24763.0000000000    0.0000000000    0.0000000000
 -24761.5000000000    0.0000000000    0.0000000000
 -24760.0000000000    0.0000000000    0.0000000000
 -24758.5000000000    0.0000000000    0.0000000000
 -24757.0000000000    0.0000000000    0.0000000000
 -24755.5000000000    0.0000000000    0.0000000000
 -24754.0000000000    0.0000000000    0.0000000000
 -24752.5000000000    0.0000000000    0.0000000000
 -24751.0000000000    0.0000000000    0.0000000000
 -24749.5000000000    0.0000000000    0.0000000000
 -24748.0000000000    0.0000000000    0.0000000000
 -24746.5000000000    0.0000000000    0.0000000000
 -24745.0000000000    0.0000000000    0.0000000000
 -24743.5000000000    0.0000000000    0.0000000000
 -24742.0000000000    0.0000000000    0.0000000000
 -24740.5000000000    0.0000000000    0.0000000000
 -24739.0000000000    0.0000000000    0.0000000000
 -24737.5000000000    0.0000000000    0.0000000000
 -24736.0000000000    0.0000000000    0.0000000000
 -24734.5000000000    0.0000000000    0.0000000000
 -24733.0000000000    0.0000000000    0.0000000000
 -24731.5000000000    0.0000000000    0.0000000000
 -24730.0000000000    0.0000000000    0.0000000000
 -24728.5000000000    0.0000000000    0.0000000000
 -24727.0000000000    0.0000000000    0.0000000000
 -24725.5000000000    0.0000000000    0.0000000000
 -24724.0000000000    0.0000000000    0.0000000000
 -24722.5000000000    0.0000000000    0.0000000000
 -24721.0000000000    0.0000000000    0.0000000000
 -24719.5000000000    0.0000000000    0.0000000000
 -24718.0000000000    0.0000000000    0.0000000000
 -24716.5000000000    0.0000000000    0.0000000000
 -24715.0000000000    0.0000000000    0.0000000000
 -24713.5000000000    0.0000000000    0.0000000000
 -24712.0000000000    0.0000000000    0.0000000000
 -24710.5000000000    0.0000000000    0.0000000000
 -24709.0000000000    0.0000000000    0.0000000000
 -24707.5000000000    0.0000000000    0.0000000000
 -24706.0000000000    0.0000000000    0.0000000000
 -24704.5000000000    0.0000000000    0.0000000000
 -24703.0000000000    0.0000000000    0.0000000000
 -24701.5000000000    0.0000000000    0.0000000000
 -24700.0000000000    0.0000000000    0.0000000000
 -24698.5000000000    0.0000000000    0.0000000000
 -24697.0000000000    0.0000000000    0.0000000000
 -24695.5000000000    0.0000000000    0.0000000000
 -24694.0000000000    0.0000000000    0.0000000000
 -24692.5000000000    0.0000000000    0.0000000000
 -24691.0000000000    0.0000000000    0.0000000000
 -24689.5000000000    0.0000000000    0.0000000000
 -24688.0000000000    0.0000000000    0.0000000000
 -24686.5000000000    0.0000000000    0.0000000000
 -24685.0000000000    0.0000000000    0.0000000000
 -24683.5000000000    0.0000000000    0.0000000000
 -24682.0000000000    0.0000000000    0.0000000000
 -24680.5000000000    0.0000000000    0.0000000000
 -24679.0000000000    0.0000000000    0.0000000000
 -24677.5000000000    0.0000000000    0.0000000000
 -24676.0000000000    0.0000000000    0.0000000000
 -24674.5000000000    0.0000000000    0.0000000000
 -24673.0000000000    0.0000000000    0.0000000000
 -24671.5000000000    0.0000000000    0.0000000000
 -24670.0000000000    0.0000000000    0.0000000000
 -24668.5000000000    0.0000000000    0.0000000000
 -24667.0000000000    0.0000000000    0.0000000000
 -24665.5000000000    0.0000000000    0.0000000000
 -24664.0000000000    0.0000000000    0.0000000000
 -24662.5000000000    0.0000000000    0.0000000000
 -24661.0000000000    0.0000000151    0.0000000011
 -24659.5000000000    0.0000000168    0.0000000012
 -24658.0000000000    0.0000000187    0.0000000013
 -24656.5000000000    0.0000000207    0.0000000014
 -24655.0000000000    0.0000000367    0.0000000025
 -24653.5000000000    0.0000000407    0.0000000028
 -24652.0000000000    0.0000000600    0.0000000041
 -24650.5000000000    0.0000000666    0.0000000046
 -24649.0000000000    0.0000000737    0.0000000050
 -24647.5000000000    0.0000000816    0.0000000055
 -24646.0000000000    0.0000000902    0.0000000060
 -24644.5000000000    0.0000000996    0.0000000066
 -24643.0000000000    0.0000001099    0.0000000072
 -24641.5000000000    0.0000001212    0.0000000079
 -24640.0000000000    0.0000001335    0.0000000086
 -24638.5000000000    0.0000001469    0.0000000093
 -24637.0000000000    0.0000001615    0.0000000102
 -24635.5000000000    0.0000001775    0.0000000111
 -24634.0000000000    0.0000002085    0.0000000130
 -24632.5000000000    0.0000002289    0.0000000142
 -24631.0000000000    0.0000002510    0.0000000154
 -24629.5000000000    0.0000002896    0.0000000177
 -24628.0000000000    0.0000003173    0.0000000192
 -24626.5000000000    0.0000003473    0.0000000208
 -24625.0000000000    0.0000003938    0.0000000236
 -24623.5000000000    0.0000004453    0.0000000266
 -24622.0000000000    0.0000004869    0.0000000288
 -24620.5000000000    0.0000005318    0.0000000311
 -24619.0000000000    0.0000005803    0.0000000336
 -24617.5000000000    0.0000006617    0.0000000384
 -24616.0000000000    0.0000007216    0.0000000415
 -24614.5000000000    0.0000007862    0.0000000447
 -24613.0000000000    0.0000008704    0.0000000493
 -24611.5000000000    0.0000009471    0.0000000531
 -24610.0000000000    0.0000010581    0.0000000592
 -24608.5000000000    0.0000011783    0.0000000657
 -24607.0000000000    0.0000012957    0.0000000718
 -24605.5000000000    0.0000014353    0.0000000792
 -24604.0000000000    0.0000015733    0.0000000862
 -24602.5000000000    0.0000017367    0.0000000948
 -24601.0000000000    0.0000019126    0.0000001039
 -24599.5000000000    0.0000020742    0.0000001116
 -24598.0000000000    0.0000022478    0.0000001198
 -24596.5000000000    0.0000024340    0.0000001285
 -24595.0000000000    0.0000026626    0.0000001398
 -24593.5000000000    0.0000029506    0.0000001548
 -24592.0000000000    0.0000031910    0.0000001659
 -24590.5000000000    0.0000034782    0.0000001797
 -24589.0000000000    0.0000037715    0.0000001933
 -24587.5000000000    0.0000041008    0.0000002089
 -24586.0000000000    0.0000044390    0.0000002243
 -24584.5000000000    0.0000048015    0.0000002406
 -24583.0000000000    0.0000051895    0.0000002580
 -24581.5000000000    0.0000056325    0.0000002783
 -24580.0000000000    0.0000061078    0.0000003000
 -24578.5000000000    0.0000065871    0.0000003208
 -24577.0000000000    0.0000071131    0.0000003439
 -24575.5000000000    0.0000076456    0.0000003662
 -24574.0000000000    0.0000082123    0.0000003897
 -24572.5000000000    0.0000088433    0.0000004163
 -24571.0000000000    0.0000095302    0.0000004455
 -24569.5000000000    0.0000102340    0.0000004743
 -24568.0000000000    0.0000109970    0.0000005056
 -24566.5000000000    0.0000117922    0.0000005374
 -24565.0000000000    0.0000126518    0.0000005718
 -24563.5000000000    0.0000135350    0.0000006059
 -24562.0000000000    0.0000144841    0.0000006426
 -24560.5000000000    0.0000154904    0.0000006810
 -24559.0000000000    0.0000165686    0.0000007221
 -24557.5000000000    0.0000177261    0.0000007663
 -24556.0000000000    0.0000189217    0.0000008104
 -24554.5000000000    0.0000202143    0.0000008586
 -24553.0000000000    0.0000216084    0.0000009109
 -24551.5000000000    0.0000230537    0.0000009636
 -24550.0000000000    0.0000245668    0.0000010176
 -24548.5000000000    0.0000261626    0.0000010740
 -24547.0000000000    0.0000278444    0.0000011327
 -24545.5000000000    0.0000296166    0.0000011937
 -24544.0000000000    0.0000315096    0.0000012592
 -24542.5000000000    0.0000335321    0.0000013295
 -24541.0000000000    0.0000355763    0.0000013965
 -24539.5000000000    0.0000377522    0.0000014681
 -24538.0000000000    0.0000400368    0.0000015422
 -24536.5000000000    0.0000424206    0.0000016181
 -24535.0000000000    0.0000449930    0.0000017017
 -24533.5000000000    0.0000476639    0.0000017864
 -24532.0000000000    0.0000505048    0.0000018770
 -24530.5000000000    0.0000534288    0.0000019670
 -24529.0000000000    0.0000564745    0.0000020589
 -24527.5000000000    0.0000597025    0.0000021568
 -24526.0000000000    0.0000630543    0.0000022561
 -24524.5000000000    0.0000665552    0.0000023583
 -24523.0000000000    0.0000702546    0.0000024667
 -24521.5000000000    0.0000741488    0.0000025807
 -24520.0000000000    0.0000781742    0.0000026953
 -24518.5000000000    0.0000824153    0.0000028163
 -24517.0000000000    0.0000867996    0.0000029381
 -24515.5000000000    0.0000913838    0.0000030645
 -24514.0000000000    0.0000961305    0.0000031923
 -24512.5000000000    0.0001010715    0.0000033237
 -24511.0000000000    0.0001062534    0.0000034614
 -24509.5000000000    0.0001116605    0.0000036040
 -24508.0000000000    0.0001173127    0.0000037525
 -24506.5000000000    0.0001232060    0.0000039062
 -24505.0000000000    0.0001292921    0.0000040613
 -24503.5000000000    0.0001355400    0.0000042151
 -24502.0000000000    0.0001420915    0.0000043776
 -24500.5000000000    0.0001488786    0.0000045432
 -24499.0000000000    0.0001558865    0.0000047107
 -24497.5000000000    0.0001631615    0.0000048829
 -24496.0000000000    0.0001707115    0.0000050599
 -24494.5000000000    0.0001785040    0.0000052391
 -24493.0000000000    0.0001865940    0.0000054239
 -24491.5000000000    0.0001949504    0.0000056117
 -24490.0000000000    0.0002035784    0.0000058025
 -24488.5000000000    0.0002125392    0.0000060002
 -24487.0000000000    0.0002217969    0.0000062018
 -24485.5000000000    0.0002313340    0.0000064056
 -24484.0000000000    0.0002412240    0.0000066165
 -24482.5000000000    0.0002513898    0.0000068286
 -24481.0000000000    0.0002618606    0.0000070434
 -24479.5000000000    0.0002727146    0.0000072662
 -24478.0000000000    0.0002838643    0.0000074903
 -24476.5000000000    0.0002953818    0.0000077204
 -24475.0000000000    0.0003072172    0.0000079526
 -24473.5000000000    0.0003194470    0.0000081917
 -24472.0000000000    0.0003320969    0.0000084393
 -24470.5000000000    0.0003450060    0.0000086835
 -24469.0000000000    0.0003582727    0.0000089307
 -24467.5000000000    0.0003719250    0.0000091827
 -24466.0000000000    0.0003859462    0.0000094378
 -24464.5000000000    0.0004004224    0.0000097017
 -24463.0000000000    0.0004152563    0.0000099670
 -24461.5000000000    0.0004305626    0.0000102414
 -24460.0000000000    0.0004461970    0.0000105143
 -24458.5000000000    0.0004622447    0.0000107912
 -24457.0000000000    0.0004786825    0.0000110701
 -24455.5000000000    0.0004955854    0.0000113560
 -24454.0000000000    0.0005128739    0.0000116425
 -24452.5000000000    0.0005306511    0.0000119368
 -24451.0000000000    0.0005488460    0.0000122332
 -24449.5000000000    0.0005674752    0.0000125326
 -24448.0000000000    0.0005865401    0.0000128344
 -24446.5000000000    0.0006061333    0.0000131449
 -24445.0000000000    0.0006262105    0.0000134605
 -24443.5000000000    0.0006467921    0.0000137820
 -24442.0000000000    0.0006677720    0.0000141016
 -24440.5000000000    0.0006892635    0.0000144266
 -24439.0000000000    0.0007112734    0.0000147573
 -24437.5000000000    0.0007338402    0.0000150958
 -24436.0000000000    0.0007569036    0.0000154372
 -24434.5000000000    0.0007803798    0.0000157752
 -24433.0000000000    0.0008043953    0.0000161184
 -24431.5000000000    0.0008289258    0.0000164644
 -24430.0000000000    0.0008539943    0.0000168144
 -24428.5000000000    0.0008795743    0.0000171660
 -24427.0000000000    0.0009056566    0.0000175182
 -24425.5000000000    0.0009322804    0.0000178732
 -24424.0000000000    0.0009595398    0.0000182373
 -24422.5000000000    0.0009871882    0.0000185924
 -24421.0000000000    0.0010153988    0.0000189504
 -24419.5000000000    0.0010442046    0.0000193132
 -24418.0000000000    0.0010735414    0.0000196759
 -24416.5000000000    0.0011033927    0.0000200368
 -24415.0000000000    0.0011338714    0.0000204035
 -24413.5000000000    0.0011647880    0.0000207622
 -24412.0000000000    0.0011962857    0.0000211228
 -24410.5000000000    0.0012282929    0.0000214798
 -24409.0000000000    0.0012609209    0.0000218409
 -24407.5000000000    0.0012940572    0.0000221977
 -24406.0000000000    0.0013277581    0.0000225540
 -24404.5000000000    0.0013619339    0.0000229033
 -24403.0000000000    0.0013966285    0.0000232485
 -24401.5000000000    0.0014318398    0.0000235893
 -24400.0000000000    0.0014675153    0.0000239219
 -24398.5000000000    0.0015037277    0.0000242516
 -24397.0000000000    0.0015404155    0.0000245739
 -24395.5000000000    0.0015775523    0.0000248871
 -24394.0000000000    0.0016152523    0.0000251995
 -24392.5000000000    0.0016533310    0.0000254981
 -24391.0000000000    0.0016918365    0.0000257865
 -24389.5000000000    0.0017309272    0.0000260765
 -24388.0000000000    0.0017703142    0.0000263478
 -24386.5000000000    0.0018100870    0.0000266073
 -24385.0000000000    0.0018502843    0.0000268582
 -24383.5000000000    0.0018908028    0.0000270940
 -24382.0000000000    0.0019317384    0.0000273220
 -24380.5000000000    0.0019729358    0.0000275320
 -24379.0000000000    0.0020144513    0.0000277288
 -24377.5000000000    0.0020563540    0.0000279183
 -24376.0000000000    0.0020984272    0.0000280861
 -24374.5000000000    0.0021407856    0.0000282414
 -24373.0000000000    0.0021833055    0.0000283767
 -24371.5000000000    0.0022260296    0.0000284961
 -24370.0000000000    0.0022689084    0.0000285975
 -24368.5000000000    0.0023119666    0.0000286841
 -24367.0000000000    0.0023550695    0.0000287478
 -24365.5000000000    0.0023983283    0.0000287981
 -24364.0000000000    0.0024416027    0.0000288265
 -24362.5000000000    0.0024848926    0.0000288349
 -24361.0000000000    0.0025281936    0.0000288247
 -24359.5000000000    0.0025714945    0.0000287970
 -24358.0000000000    0.0026147259    0.0000287486
 -24356.5000000000    0.0026578552    0.0000286793
 -24355.0000000000    0.0027008640    0.0000285899
 -24353.5000000000    0.0027437675    0.0000284833
 -24352.0000000000    0.0027864526    0.0000283538
 -24350.5000000000    0.0028289565    0.0000282062
 -24349.0000000000    0.0028711665    0.0000280345
 -24347.5000000000    0.0029131178    0.0000278437
 -24346.0000000000    0.0029547689    0.0000276330
 -24344.5000000000    0.0029960895    0.0000274026
 -24343.0000000000    0.0030370212    0.0000271506
 -24341.5000000000    0.0030775892    0.0000268812
 -24340.0000000000    0.0031177521    0.0000265937
 -24338.5000000000    0.0031574406    0.0000262857
 -24337.0000000000    0.0031966541    0.0000259593
 -24335.5000000000    0.0032354079    0.0000256180
 -24334.0000000000    0.0032735934    0.0000252564
 -24332.5000000000    0.0033112517    0.0000248797
 -24331.0000000000    0.0033483597    0.0000244886
 -24329.5000000000    0.0033848428    0.0000240800
 -24328.0000000000    0.0034206577    0.0000236529
 -24326.5000000000    0.0034558506    0.0000232130
 -24325.0000000000    0.0034903870    0.0000227598
 -24323.5000000000    0.0035242042    0.0000222911
 -24322.0000000000    0.0035572946    0.0000218082
 -24320.5000000000    0.0035897374    0.0000213188
 -24319.0000000000    0.0036213804    0.0000208141
 -24317.5000000000    0.0036522417    0.0000202970
 -24316.0000000000    0.0036823199    0.0000197695
 -24314.5000000000    0.0037115706    0.0000192299
 -24313.0000000000    0.0037400484    0.0000186839
 -24311.5000000000    0.0037677005    0.0000181293
 -24310.0000000000    0.0037945000    0.0000175657
 -24308.5000000000    0.0038204494    0.0000169948
 -24307.0000000000    0.0038455075    0.0000164149
 -24305.5000000000    0.0038696912    0.0000158305
 -24304.0000000000    0.0038930227    0.0000152403
 -24302.5000000000    0.0039154357    0.0000146429
 -24301.0000000000    0.0039369915    0.0000140438
 -24299.5000000000    0.0039576328    0.0000134419
 -24298.0000000000    0.0039773387    0.0000128322
 -24296.5000000000    0.0039961710    0.0000122243
 -24295.0000000000    0.0040140599    0.0000116098
 -24293.5000000000    0.0040310410    0.0000109943
 -24292.0000000000    0.0040470681    0.0000103749
 -24290.5000000000    0.0040621790    0.0000097550
 -24289.0000000000    0.0040763452    0.0000091331
 -24287.5000000000    0.0040895779    0.0000085104
 -24286.0000000000    0.0041018762    0.0000078872
 -24284.5000000000    0.0041132677    0.0000072659
 -24283.0000000000    0.0041237133    0.0000066438
 -24281.5000000000    0.0041332405    0.0000060233
 -24280.0000000000    0.0041418380    0.0000054037
 -24278.5000000000    0.0041494629    0.0000047841
 -24277.0000000000    0.0041561742    0.0000041645
 -24275.5000000000    0.0041619710    0.0000035472
 -24274.0000000000    0.0041668147    0.0000029314
 -24272.5000000000    0.0041707502    0.0000023162
 -24271.0000000000    0.0041737938    0.0000017049
 -24269.5000000000    0.0041758925    0.0000010957
 -24268.0000000000    0.0041770648    0.0000004875
 -24266.5000000000    0.0041773403   -0.0000001196
 -24265.0000000000    0.0041767215   -0.0000007234
 -24263.5000000000    0.0041752281   -0.0000013225
 -24262.0000000000    0.0041727807   -0.0000019189
 -24260.5000000000    0.0041694684   -0.0000025147
 -24259.0000000000    0.0041652505   -0.0000031087
 -24257.5000000000    0.0041601446   -0.0000036976
 -24256.0000000000    0.0041541709   -0.0000042847
 -24254.5000000000    0.0041472901   -0.0000048665
 -24253.0000000000    0.0041395381   -0.0000054452
 -24251.5000000000    0.0041309361   -0.0000060218
 -24250.0000000000    0.0041214421   -0.0000065947
 -24248.5000000000    0.0041111213   -0.0000071644
 -24247.0000000000    0.0040999202   -0.0000077302
 -24245.5000000000    0.0040879017   -0.0000082903
 -24244.0000000000    0.0040750743   -0.0000088483
 -24242.5000000000    0.0040613987   -0.0000094030
 -24241.0000000000    0.0040468803   -0.0000099542
 -24239.5000000000    0.0040315099   -0.0000104987
 -24238.0000000000    0.0040152818   -0.0000110355
 -24236.5000000000    0.0039983248   -0.0000115730
 -24235.0000000000    0.0039805376   -0.0000121033
 -24233.5000000000    0.0039619723   -0.0000126293
 -24232.0000000000    0.0039426082   -0.0000131488
 -24230.5000000000    0.0039224969   -0.0000136625
 -24229.0000000000    0.0039016061   -0.0000141711
 -24227.5000000000    0.0038799573   -0.0000146734
 -24226.0000000000    0.0038575306   -0.0000151671
 -24224.5000000000    0.0038343832   -0.0000156531
 -24223.0000000000    0.0038105262   -0.0000161351
 -24221.5000000000    0.0037859376   -0.0000166086
 -24220.0000000000    0.0037606727   -0.0000170765
 -24218.5000000000    0.0037347122   -0.0000175362
 -24217.0000000000    0.0037080389   -0.0000179854
 -24215.5000000000    0.0036806842   -0.0000184251
 -24214.0000000000    0.0036527060   -0.0000188581
 -24212.5000000000    0.0036240714   -0.0000192809
 -24211.0000000000    0.0035948226   -0.0000196951
 -24209.5000000000    0.0035649466   -0.0000200985
 -24208.0000000000    0.0035345011   -0.0000204938
 -24206.5000000000    0.0035034555   -0.0000208774
 -24205.0000000000    0.0034718435   -0.0000212503
 -24203.5000000000    0.0034396645   -0.0000216110
 -24202.0000000000    0.0034069404   -0.0000219595
 -24200.5000000000    0.0033737298   -0.0000222986
 -24199.0000000000    0.0033399913   -0.0000226237
 -24197.5000000000    0.0033057443   -0.0000229347
 -24196.0000000000    0.0032710681   -0.0000232357
 -24194.5000000000    0.0032359657   -0.0000235253
 -24193.0000000000    0.0032004384   -0.0000238019
 -24191.5000000000    0.0031645057   -0.0000240655
 -24190.0000000000    0.0031281882   -0.0000243159
 -24188.5000000000    0.0030914751   -0.0000245506
 -24187.0000000000    0.0030543917   -0.0000247698
 -24185.5000000000    0.0030170762   -0.0000249818
 -24184.0000000000    0.0029794251   -0.0000251776
 -24182.5000000000    0.0029414903   -0.0000253593
 -24181.0000000000    0.0029033085   -0.0000255278
 -24179.5000000000    0.0028648136   -0.0000256768
 -24178.0000000000    0.0028261338   -0.0000258140
 -24176.5000000000    0.0027872134   -0.0000259337
 -24175.0000000000    0.0027481837   -0.0000260436
 -24173.5000000000    0.0027090131   -0.0000261401
 -24172.0000000000    0.0026696644   -0.0000262190
 -24170.5000000000    0.0026302402   -0.0000262860
 -24169.0000000000    0.0025907241   -0.0000263385
 -24167.5000000000    0.0025510965   -0.0000263737
 -24166.0000000000    0.0025113985   -0.0000263930
 -24164.5000000000    0.0024717256   -0.0000264018
 -24163.0000000000    0.0024320047   -0.0000263937
 -24161.5000000000    0.0023923513   -0.0000263754
 -24160.0000000000    0.0023527213   -0.0000263426
 -24158.5000000000    0.0023131783   -0.0000262984
 -24157.0000000000    0.0022737113   -0.0000262411
 -24155.5000000000    0.0022342952   -0.0000261675
 -24154.0000000000    0.0021949859   -0.0000260805
 -24152.5000000000    0.0021557870   -0.0000259792
 -24151.0000000000    0.0021167353   -0.0000258653
 -24149.5000000000    0.0020779084   -0.0000257431
 -24148.0000000000    0.0020393434   -0.0000256145
 -24146.5000000000    0.0020009064   -0.0000254691
 -24145.0000000000    0.0019627133   -0.0000253141
 -24143.5000000000    0.0019247876   -0.0000251504
 -24142.0000000000    0.0018870995   -0.0000249752
 -24140.5000000000    0.0018496667   -0.0000247890
 -24139.0000000000    0.0018125520   -0.0000245955
 -24137.5000000000    0.0017757030   -0.0000243904
 -24136.0000000000    0.0017391832   -0.0000241776
 -24134.5000000000    0.0017030045   -0.0000239575
 -24133.0000000000    0.0016671197   -0.0000237263
 -24131.5000000000    0.0016315848   -0.0000234873
 -24130.0000000000    0.0015964452   -0.0000232435
 -24128.5000000000    0.0015616343   -0.0000229898
 -24127.0000000000    0.0015272513   -0.0000227329
 -24125.5000000000    0.0014932711   -0.0000224708
 -24124.0000000000    0.0014596313   -0.0000221989
 -24122.5000000000    0.0014264478   -0.0000219251
 -24121.0000000000    0.0013936498   -0.0000216443
 -24119.5000000000    0.0013613035   -0.0000213612
 -24118.0000000000    0.0013293419   -0.0000210709
 -24116.5000000000    0.0012977614   -0.0000207731
 -24115.0000000000    0.0012667441   -0.0000204807
 -24113.5000000000    0.0012361849   -0.0000201864
 -24112.0000000000    0.0012060525   -0.0000198881
 -24110.5000000000    0.0011763860   -0.0000195885
 -24109.0000000000    0.0011470964   -0.0000192815
 -24107.5000000000    0.0011183130   -0.0000189765
 -24106.0000000000    0.0010899157   -0.0000186650
 -24104.5000000000    0.0010620715   -0.0000183592
 -24103.0000000000    0.0010346876   -0.0000180528
 -24101.5000000000    0.0010077930   -0.0000177480
 -24100.0000000000    0.0009813135   -0.0000174398
 -24098.5000000000    0.0009553363   -0.0000171347
 -24097.0000000000    0.0009297575   -0.0000168258
 -24095.5000000000    0.0009046722   -0.0000165199
 -24094.0000000000    0.0008800605   -0.0000162161
 -24092.5000000000    0.0008559165   -0.0000159143
 -24091.0000000000    0.0008321534   -0.0000156086
 -24089.5000000000    0.0008088340   -0.0000153039
 -24088.0000000000    0.0007859405   -0.0000149992
 -24086.5000000000    0.0007635876   -0.0000147032
 -24085.0000000000    0.0007416495   -0.0000144072
 -24083.5000000000    0.0007201239   -0.0000141116
 -24082.0000000000    0.0006989829   -0.0000138146
 -24080.5000000000    0.0006782996   -0.0000135219
 -24079.0000000000    0.0006581521   -0.0000132395
 -24077.5000000000    0.0006383988   -0.0000129576
 -24076.0000000000    0.0006190643   -0.0000126785
 -24074.5000000000    0.0006001344   -0.0000124014
 -24073.0000000000    0.0005816309   -0.0000121285
 -24071.5000000000    0.0005635649   -0.0000118608
 -24070.0000000000    0.0005458813   -0.0000115948
 -24068.5000000000    0.0005284944   -0.0000113248
 -24067.0000000000    0.0005116674   -0.0000110699
 -24065.5000000000    0.0004951920   -0.0000108157
 -24064.0000000000    0.0004790381   -0.0000105604
 -24062.5000000000    0.0004632795   -0.0000103096
 -24061.0000000000    0.0004479223   -0.0000100642
 -24059.5000000000    0.0004328444   -0.0000098157
 -24058.0000000000    0.0004182543   -0.0000095794
 -24056.5000000000    0.0004039741   -0.0000093431
 -24055.0000000000    0.0003900731   -0.0000091119
 -24053.5000000000    0.0003764309   -0.0000088777
 -24052.0000000000    0.0003631627   -0.0000086490
 -24050.5000000000    0.0003502089   -0.0000084219
 -24049.0000000000    0.0003376508   -0.0000082025
 -24047.5000000000    0.0003254171   -0.0000079861
 -24046.0000000000    0.0003135079   -0.0000077730
 -24044.5000000000    0.0003019590   -0.0000075662
 -24043.0000000000    0.0002906742   -0.0000073591
 -24041.5000000000    0.0002797118   -0.0000071563
 -24040.0000000000    0.0002690797   -0.0000069585
 -24038.5000000000    0.0002586400   -0.0000067564
 -24037.0000000000    0.0002485893   -0.0000065641
 -24035.5000000000    0.0002388393   -0.0000063758
 -24034.0000000000    0.0002292129   -0.0000061792
 -24032.5000000000    0.0002200056   -0.0000059956
 -24031.0000000000    0.0002110872   -0.0000058161
 -24029.5000000000    0.0002023934   -0.0000056365
 -24028.0000000000    0.0001940066   -0.0000054630
 -24026.5000000000    0.0001858071   -0.0000052873
 -24025.0000000000    0.0001779419   -0.0000051203
 -24023.5000000000    0.0001703100   -0.0000049551
 -24022.0000000000    0.0001628250   -0.0000047858
 -24020.5000000000    0.0001556895   -0.0000046273
 -24019.0000000000    0.0001487484   -0.0000044688
 -24017.5000000000    0.0001420981   -0.0000043175
 -24016.0000000000    0.0001356577   -0.0000041680
 -24014.5000000000    0.0001294564   -0.0000040228
 -24013.0000000000    0.0001234250   -0.0000038771
 -24011.5000000000    0.0001176816   -0.0000037399
 -24010.0000000000    0.0001120726   -0.0000036003
 -24008.5000000000    0.0001067109   -0.0000034669
 -24007.0000000000    0.0001015629   -0.0000033376
 -24005.5000000000    0.0000965911   -0.0000032100
 -24004.0000000000    0.0000917810   -0.0000030834
 -24002.5000000000    0.0000871738   -0.0000029611
 -24001.0000000000    0.0000827621   -0.0000028428
 -23999.5000000000    0.0000785242   -0.0000027274
 -23998.0000000000    0.0000744148   -0.0000026119
 -23996.5000000000    0.0000705187   -0.0000025027
 -23995.0000000000    0.0000667549   -0.0000023944
 -23993.5000000000    0.0000632088   -0.0000022933
 -23992.0000000000    0.0000597976   -0.0000021938
 -23990.5000000000    0.0000565343   -0.0000020972
 -23989.0000000000    0.0000534144   -0.0000020035
 -23987.5000000000    0.0000504618   -0.0000019146
 -23986.0000000000    0.0000476120   -0.0000018262
 -23984.5000000000    0.0000448771   -0.0000017396
 -23983.0000000000    0.0000422985   -0.0000016578
 -23981.5000000000    0.0000398413   -0.0000015787
 -23980.0000000000    0.0000374581   -0.0000014992
 -23978.5000000000    0.0000352348   -0.0000014256
 -23977.0000000000    0.0000330904   -0.0000013525
 -23975.5000000000    0.0000310233   -0.0000012799
 -23974.0000000000    0.0000290939   -0.0000012124
 -23972.5000000000    0.0000273065   -0.0000011506
 -23971.0000000000    0.0000255825   -0.0000010890
 -23969.5000000000    0.0000239345   -0.0000010288
 -23968.0000000000    0.0000224032   -0.0000009731
 -23966.5000000000    0.0000209687   -0.0000009207
 -23965.0000000000    0.0000195250   -0.0000008642
 -23963.5000000000    0.0000182219   -0.0000008145
 -23962.0000000000    0.0000170045   -0.0000007678
 -23960.5000000000    0.0000158559   -0.0000007232
 -23959.0000000000    0.0000148019   -0.0000006826
 -23957.5000000000    0.0000137647   -0.0000006407
 -23956.0000000000    0.0000127887   -0.0000006007
 -23954.5000000000    0.0000118852   -0.0000005637
 -23953.0000000000    0.0000110370   -0.0000005285
 -23951.5000000000    0.0000102681   -0.0000004970
 -23950.0000000000    0.0000095307   -0.0000004659
 -23948.5000000000    0.0000088251   -0.0000004354
 -23947.0000000000    0.0000081924   -0.0000004084
 -23945.5000000000    0.0000075552   -0.0000003797
 -23944.0000000000    0.0000069624   -0.0000003527
 -23942.5000000000    0.0000064503   -0.0000003302
 -23941.0000000000    0.0000059133   -0.0000003047
 -23939.5000000000    0.0000054562   -0.0000002838
 -23938.0000000000    0.0000050164   -0.0000002631
 -23936.5000000000    0.0000046350   -0.0000002456
 -23935.0000000000    0.0000042643   -0.0000002280
 -23933.5000000000    0.0000039341   -0.0000002125
 -23932.0000000000    0.0000036264   -0.0000001978
 -23930.5000000000    0.0000033401   -0.0000001840
 -23929.0000000000    0.0000030446   -0.0000001689
 -23927.5000000000    0.0000027855   -0.0000001559
 -23926.0000000000    0.0000025312   -0.0000001426
 -23924.5000000000    0.0000022965   -0.0000001302
 -23923.0000000000    0.0000021083   -0.0000001207
 -23921.5000000000    0.0000019340   -0.0000001118
 -23920.0000000000    0.0000017579   -0.0000001024
 -23918.5000000000    0.0000016101   -0.0000000947
 -23917.0000000000    0.0000014735   -0.0000000875
 -23915.5000000000    0.0000013195   -0.0000000788
 -23914.0000000000    0.0000011921   -0.0000000717
 -23912.5000000000    0.0000010889   -0.0000000661
 -23911.0000000000    0.0000009937   -0.0000000609
 -23909.5000000000    0.0000008919   -0.0000000550
 -23908.0000000000    0.0000007701   -0.0000000475
 -23906.5000000000    0.0000006878   -0.0000000427
 -23905.0000000000    0.0000006116   -0.0000000382
 -23903.5000000000    0.0000005566   -0.0000000351
 -23902.0000000000    0.0000004924   -0.0000000312
 -23900.5000000000    0.0000004331   -0.0000000276
 -23899.0000000000    0.0000003792   -0.0000000243
 -23897.5000000000    0.0000003295   -0.0000000212
 -23896.0000000000    0.0000002841   -0.0000000183
 -23894.5000000000    0.0000002577   -0.0000000168
 -23893.0000000000    0.0000002194   -0.0000000144
 -23891.5000000000    0.0000001989   -0.0000000131
 -23890.0000000000    0.0000001522   -0.0000000100
 -23888.5000000000    0.0000001089   -0.0000000071
 -23887.0000000000    0.0000000841   -0.0000000054
 -23885.5000000000    0.0000000763   -0.0000000050
 -23884.0000000000    0.0000000691   -0.0000000046
 -23882.5000000000    0.0000000626   -0.0000000042
 -23881.0000000000    0.0000000566   -0.0000000038
 -23879.5000000000    0.0000000512   -0.0000000035
 -23878.0000000000    0.0000000462   -0.0000000032
 -23876.5000000000    0.0000000417   -0.0000000029
 -23875.0000000000    0.0000000228   -0.0000000016
 -23873.5000000000    0.0000000206   -0.0000000014
 -23872.0000000000    0.0000000185   -0.0000000013
 -23870.5000000000    0.0000000167   -0.0000000012
 -23869.0000000000    0.0000000000    0.0000000000
 -23867.5000000000    0.0000000000    0.0000000000
 -23866.0000000000    0.0000000000    0.0000000000
 -23864.5000000000    0.0000000000    0.0000000000
 -23863.0000000000    0.0000000000    0.0000000000
 -23861.5000000000    0.0000000000    0.0000000000
 -23860.0000000000    0.0000000000    0.0000000000
 -23858.5000000000    0.0000000000    0.0000000000
 -23857.0000000000    0.0000000000    0.0000000000
 -23855.5000000000    0.0000000000    0.0000000000
 -23854.0000000000    0.0000000000    0.0000000000
 -23852.5000000000    0.0000000000    0.0000000000
 -23851.0000000000    0.0000000000    0.0000000000
 -23849.5000000000    0.0000000000    0.0000000000
 -23848.0000000000    0.0000000000    0.0000000000
 -23846.5000000000    0.0000000000    0.0000000000
 -23845.0000000000    0.0000000000    0.0000000000
 -23843.5000000000    0.0000000000    0.0000000000
 -23842.0000000000    0.0000000000    0.0000000000
 -23840.5000000000    0.0000000000    0.0000000000
 -23839.0000000000    0.0000000000    0.0000000000
 -23837.5000000000    0.0000000000    0.0000000000
 -23836.0000000000    0.0000000000    0.0000000000
 -23834.5000000000    0.0000000000    0.0000000000
 -23833.0000000000    0.0000000000    0.0000000000
 -23831.5000000000    0.0000000000    0.0000000000
 -23830.0000000000    0.0000000000    0.0000000000
 -23828.5000000000    0.0000000000    0.0000000000
 -23827.0000000000    0.0000000000    0.0000000000
 -23825.5000000000    0.0000000000    0.0000000000
 -23824.0000000000    0.0000000000    0.0000000000
 -23822.5000000000    0.0000000000    0.0000000000
 -23821.0000000000    0.0000000000    0.0000000000
 -23819.5000000000    0.0000000000    0.0000000000
 -23818.0000000000    0.0000000000    0.0000000000
 -23816.5000000000    0.0000000000    0.0000000000
 -23815.0000000000    0.0000000000    0.0000000000
 -23813.5000000000    0.0000000000    0.0000000000
 -23812.0000000000    0.0000000000    0.0000000000
 -23810.5000000000    0.0000000000    0.0000000000
 -23809.0000000000    0.0000000000    0.0000000000
 -23807.5000000000    0.0000000000    0.0000000000
 -23806.0000000000    0.0000000000    0.0000000000
 -23804.5000000000    0.0000000000    0.0000000000
 -23803.0000000000    0.0000000000    0.0000000000
 -23801.5000000000    0.0000000000    0.0000000000
 -23800.0000000000    0.0000000000    0.0000000000
 -23798.5000000000    0.0000000000    0.0000000000
 -23797.0000000000    0.0000000000    0.0000000000
 -23795.5000000000    0.0000000000    0.0000000000
 -23794.0000000000    0.0000000000    0.0000000000
 -23792.5000000000    0.0000000000    0.0000000000
 -23791.0000000000    0.0000000000    0.0000000000
 -23789.5000000000    0.0000000000    0.0000000000
 -23788.0000000000    0.0000000000    0.0000000000
 -23786.5000000000    0.0000000000    0.0000000000
 -23785.0000000000    0.0000000000    0.0000000000
 -23783.5000000000    0.0000000000    0.0000000000
 -23782.0000000000    0.0000000000    0.0000000000
 -23780.5000000000    0.0000000000    0.0000000000
 -23779.0000000000    0.0000000000    0.0000000000
 -23777.5000000000    0.0000000000    0.0000000000
 -23776.0000000000    0.0000000000    0.0000000000
 -23774.5000000000    0.0000000000    0.0000000000
 -23773.0000000000    0.0000000000    0.0000000000
 -23771.5000000000    0.0000000000    0.0000000000
 -23770.0000000000    0.0000000000    0.0000000000
 -23768.5000000000    0.0000000000    0.0000000000
 -23767.0000000000    0.0000000000    0.0000000000
 -23765.5000000000    0.0000000000    0.0000000000
 -23764.0000000000    0.0000000000    0.0000000000
 -23762.5000000000    0.0000000000    0.0000000000
 -23761.0000000000    0.0000000000    0.0000000000
 -23759.5000000000    0.0000000000    0.0000000000
 -23758.0000000000    0.0000000000    0.0000000000
 -23756.5000000000    0.0000000000    0.0000000000
 -23755.0000000000    0.0000000000    0.0000000000
 -23753.5000000000    0.0000000000    0.0000000000
 -23752.0000000000    0.0000000000    0.0000000000
 -23750.5000000000    0.0000000000    0.0000000000
 -23749.0000000000    0.0000000000    0.0000000000
 -23747.5000000000    0.0000000000    0.0000000000
 -23746.0000000000    0.0000000000    0.0000000000
 -23744.5000000000    0.0000000000    0.0000000000
 -23743.0000000000    0.0000000000    0.0000000000
 -23741.5000000000    0.0000000000    0.0000000000
 -23740.0000000000    0.0000000000    0.0000000000
 -23738.5000000000    0.0000000000    0.0000000000
 -23737.0000000000    0.0000000000    0.0000000000
 -23735.5000000000    0.0000000000    0.0000000000
 -23734.0000000000    0.0000000000    0.0000000000
 -23732.5000000000    0.0000000000    0.0000000000
 -23731.0000000000    0.0000000000    0.0000000000
 -23729.5000000000    0.0000000000    0.0000000000
 -23728.0000000000    0.0000000000    0.0000000000
 -23726.5000000000    0.0000000000    0.0000000000
 -23725.0000000000    0.0000000000    0.0000000000
 -23723.5000000000    0.0000000000    0.0000000000
 -23722.0000000000    0.0000000000    0.0000000000
 -23720.5000000000    0.0000000000    0.0000000000
 -23719.0000000000    0.0000000000    0.0000000000
 -23717.5000000000    0.0000000000    0.0000000000
 -23716.0000000000    0.0000000000    0.0000000000
 -23714.5000000000    0.0000000000    0.0000000000
 -23713.0000000000    0.0000000000    0.0000000000
 -23711.5000000000    0.0000000000    0.0000000000
 -23710.0000000000    0.0000000000    0.0000000000
 -23708.5000000000    0.0000000000    0.0000000000
 -23707.0000000000    0.0000000000    0.0000000000
 -23705.5000000000    0.0000000000    0.0000000000
 -23704.0000000000    0.0000000000    0.0000000000
 -23702.5000000000    0.0000000000    0.0000000000
 -23701.0000000000    0.0000000000    0.0000000000
 -23699.5000000000    0.0000000000    0.0000000000
 -23698.0000000000    0.0000000000    0.0000000000
 -23696.5000000000    0.0000000000    0.0000000000
 -23695.0000000000    0.0000000000    0.0000000000
 -23693.5000000000    0.0000000000    0.0000000000
 -23692.0000000000    0.0000000000    0.0000000000
 -23690.5000000000    0.0000000000    0.0000000000
 -23689.0000000000    0.0000000000    0.0000000000
 -23687.5000000000    0.0000000000    0.0000000000
 -23686.0000000000    0.0000000000    0.0000000000
 -23684.5000000000    0.0000000000    0.0000000000
 -23683.0000000000    0.0000000000    0.0000000000
 -23681.5000000000    0.0000000000    0.0000000000
 -23680.0000000000    0.0000000000    0.0000000000
 -23678.5000000000    0.0000000000    0.0000000000
 -23677.0000000000    0.0000000000    0.0000000000
 -23675.5000000000    0.0000000000    0.0000000000
 -23674.0000000000    0.0000000000    0.0000000000
 -23672.5000000000    0.0000000000    0.0000000000
 -23671.0000000000    0.0000000000    0.0000000000
 -23669.5000000000    0.0000000000    0.0000000000
 -23668.0000000000    0.0000000000    0.0000000000
 -23666.5000000000    0.0000000000    0.0000000000
 -23665.0000000000    0.0000000000    0.0000000000
 -23663.5000000000    0.0000000000    0.0000000000
 -23662.0000000000    0.0000000000    0.0000000000
 -23660.5000000000    0.0000000000    0.0000000000
 -23659.0000000000    0.0000000000    0.0000000000
 -23657.5000000000    0.0000000000    0.0000000000
 -23656.0000000000    0.0000000000    0.0000000000
 -23654.5000000000    0.0000000000    0.0000000000
 -23653.0000000000    0.0000000000    0.0000000000
 -23651.5000000000    0.0000000000    0.0000000000
 -23650.0000000000    0.0000000000    0.0000000000
 -23648.5000000000    0.0000000000    0.0000000000
 -23647.0000000000    0.0000000000    0.0000000000
 -23645.5000000000    0.0000000000    0.0000000000
 -23644.0000000000    0.0000000000    0.0000000000
 -23642.5000000000    0.0000000000    0.0000000000
 -23641.0000000000    0.0000000000    0.0000000000
 -23639.5000000000    0.0000000000    0.0000000000
 -23638.0000000000    0.0000000000    0.0000000000
 -23636.5000000000    0.0000000000    0.0000000000
 -23635.0000000000    0.0000000000    0.0000000000
 -23633.5000000000    0.0000000000    0.0000000000
 -23632.0000000000    0.0000000000    0.0000000000
 -23630.5000000000    0.0000000000    0.0000000000
 -23629.0000000000    0.0000000000    0.0000000000
 -23627.5000000000    0.0000000000    0.0000000000
 -23626.0000000000    0.0000000000    0.0000000000
 -23624.5000000000    0.0000000000    0.0000000000
 -23623.0000000000    0.0000000000    0.0000000000
 -23621.5000000000    0.0000000000    0.0000000000
 -23620.0000000000    0.0000000000    0.0000000000
 -23618.5000000000    0.0000000000    0.0000000000
 -23617.0000000000    0.0000000000    0.0000000000
 -23615.5000000000    0.0000000000    0.0000000000
 -23614.0000000000    0.0000000000    0.0000000000
 -23612.5000000000    0.0000000000    0.0000000000
 -23611.0000000000    0.0000000000    0.0000000000
 -23609.5000000000    0.0000000000    0.0000000000
 -23608.0000000000    0.0000000000    0.0000000000
 -23606.5000000000    0.0000000000    0.0000000000
 -23605.0000000000    0.0000000000    0.0000000000
 -23603.5000000000    0.0000000000    0.0000000000
 -23602.0000000000    0.0000000000    0.0000000000
 -23600.5000000000    0.0000000000    0.0000000000
 -23599.0000000000    0.0000000000    0.0000000000
 -23597.5000000000    0.0000000000    0.0000000000
 -23596.0000000000    0.0000000000    0.0000000000
 -23594.5000000000    0.0000000000    0.0000000000
 -23593.0000000000    0.0000000000    0.0000000000
 -23591.5000000000    0.0000000000    0.0000000000
 -23590.0000000000    0.0000000000    0.0000000000
 -23588.5000000000    0.0000000000    0.0000000000
 -23587.0000000000    0.0000000000    0.0000000000
 -23585.5000000000    0.0000000000    0.0000000000
 -23584.0000000000    0.0000000000    0.0000000000
 -23582.5000000000    0.0000000000    0.0000000000
 -23581.0000000000    0.0000000000    0.0000000000
 -23579.5000000000    0.0000000000    0.0000000000
 -23578.0000000000    0.0000000000    0.0000000000
 -23576.5000000000    0.0000000000    0.0000000000
 -23575.0000000000    0.0000000000    0.0000000000
 -23573.5000000000    0.0000000000    0.0000000000
 -23572.0000000000    0.0000000000    0.0000000000
 -23570.5000000000    0.0000000000    0.0000000000
 -23569.0000000000    0.0000000000    0.0000000000
 -23567.5000000000    0.0000000000    0.0000000000
 -23566.0000000000    0.0000000000    0.0000000000
 -23564.5000000000    0.0000000000    0.0000000000
 -23563.0000000000    0.0000000000    0.0000000000
 -23561.5000000000    0.0000000000    0.0000000000
 -23560.0000000000    0.0000000000    0.0000000000
 -23558.5000000000    0.0000000000    0.0000000000
 -23557.0000000000    0.0000000000    0.0000000000
 -23555.5000000000    0.0000000000    0.0000000000
 -23554.0000000000    0.0000000000    0.0000000000
 -23552.5000000000    0.0000000000    0.0000000000
 -23551.0000000000    0.0000000000    0.0000000000
 -23549.5000000000    0.0000000000    0.0000000000
 -23548.0000000000    0.0000000000    0.0000000000
 -23546.5000000000    0.0000000000    0.0000000000
 -23545.0000000000    0.0000000000    0.0000000000
 -23543.5000000000    0.0000000000    0.0000000000
 -23542.0000000000    0.0000000000    0.0000000000
 -23540.5000000000    0.0000000000    0.0000000000
 -23539.0000000000    0.0000000000    0.0000000000
 -23537.5000000000    0.0000000000    0.0000000000
 -23536.0000000000    0.0000000000    0.0000000000
 -23534.5000000000    0.0000000000    0.0000000000
 -23533.0000000000    0.0000000000    0.0000000000
 -23531.5000000000    0.0000000000    0.0000000000
 -23530.0000000000    0.0000000000    0.0000000000
 -23528.5000000000    0.0000000000    0.0000000000
 -23527.0000000000    0.0000000000    0.0000000000
 -23525.5000000000    0.0000000000    0.0000000000
 -23524.0000000000    0.0000000000    0.0000000000
 -23522.5000000000    0.0000000000    0.0000000000
 -23521.0000000000    0.0000000000    0.0000000000
 -23519.5000000000    0.0000000000    0.0000000000
 -23518.0000000000    0.0000000000    0.0000000000
 -23516.5000000000    0.0000000000    0.0000000000
 -23515.0000000000    0.0000000000    0.0000000000
 -23513.5000000000    0.0000000000    0.0000000000
 -23512.0000000000    0.0000000000    0.0000000000
 -23510.5000000000    0.0000000000    0.0000000000
 -23509.0000000000    0.0000000000    0.0000000000
 -23507.5000000000    0.0000000000    0.0000000000
 -23506.0000000000    0.0000000000    0.0000000000
 -23504.5000000000    0.0000000000    0.0000000000
 -23503.0000000000    0.0000000000    0.0000000000
 -23501.5000000000    0.0000000000    0.0000000000
 -23500.0000000000    0.0000000000    0.0000000000
