#! FIELDS energy b1.fes
#! SET min_energy -25000
#! SET max_energy -23500
#! SET nbins_energy  1001
#! SET periodic_energy false
 -25000.000000000  155.698502139
 -24998.500000000  155.413499640
 -24997.000000000  155.126985401
 -24995.500000000  154.838240853
 -24994.000000000  154.546702392
 -24992.500000000  154.251943039
 -24991.000000000  153.953655617
 -24989.500000000  153.651637359
 -24988.000000000  153.345775841
 -24986.500000000  153.036036168
 -24985.000000000  152.722449313
 -24983.500000000  152.405101548
 -24982.000000000  152.084124881
 -24980.500000000  151.759688429
 -24979.000000000  151.431990675
 -24977.500000000  151.101252521
 -24976.000000000  150.767711106
 -24974.500000000  150.431614310
 -24973.000000000  150.093215910
 -24971.500000000  149.752771315
 -24970.000000000  149.410533865
 -24968.500000000  149.066751620
 -24967.000000000  148.721664616
 -24965.500000000  148.375502537
 -24964.000000000  148.028482787
 -24962.500000000  147.680808893
 -24961.000000000  147.332669250
 -24959.500000000  146.984236136
 -24958.000000000  146.635665005
 -24956.500000000  146.287094003
 -24955.000000000  145.938643702
 -24953.500000000  145.590417024
 -24952.000000000  145.242499326
 -24950.500000000  144.894958637
 -24949.000000000  144.547846023
 -24947.500000000  144.201196067
 -24946.000000000  143.855027442
 -24944.500000000  143.509343570
 -24943.000000000  143.164133346
 -24941.500000000  142.819371928
 -24940.000000000  142.475021559
 -24938.500000000  142.131032439
 -24937.000000000  141.787343611
 -24935.500000000  141.443883878
 -24934.000000000  141.100572713
 -24932.500000000  140.757321189
 -24931.000000000  140.414032896
 -24929.500000000  140.070604851
 -24928.000000000  139.726928395
 -24926.500000000  139.382890074
 -24925.000000000  139.038372490
 -24923.500000000  138.693255138
 -24922.000000000  138.347415205
 -24920.500000000  138.000728339
 -24919.000000000  137.653069393
 -24917.500000000  137.304313125
 -24916.000000000  136.954334863
 -24914.500000000  136.603011138
 -24913.000000000  136.250220273
 -24911.500000000  135.895842939
 -24910.000000000  135.539762661
 -24908.500000000  135.181866303
 -24907.000000000  134.822044492
 -24905.500000000  134.460192025
 -24904.000000000  134.096208220
 -24902.500000000  133.729997241
 -24901.000000000  133.361468378
 -24899.500000000  132.990536301
 -24898.000000000  132.617121267
 -24896.500000000  132.241149304
 -24895.000000000  131.862552351
 -24893.500000000  131.481268382
 -24892.000000000  131.097241480
 -24890.500000000  130.710421901
 -24889.000000000  130.320766096
 -24887.500000000  129.928236717
 -24886.000000000  129.532802589
 -24884.500000000  129.134438667
 -24883.000000000  128.733125966
 -24881.500000000  128.328851471
 -24880.000000000  127.921608030
 -24878.500000000  127.511394227
 -24877.000000000  127.098214237
 -24875.500000000  126.682077672
 -24874.000000000  126.262999410
 -24872.500000000  125.840999405
 -24871.000000000  125.416102503
 -24869.500000000  124.988338229
 -24868.000000000  124.557740575
 -24866.500000000  124.124347786
 -24865.000000000  123.688202127
 -24863.500000000  123.249349656
 -24862.000000000  122.807839984
 -24860.500000000  122.363726043
 -24859.000000000  121.917063839
 -24857.500000000  121.467912217
 -24856.000000000  121.016332613
 -24854.500000000  120.562388818
 -24853.000000000  120.106146737
 -24851.500000000  119.647674150
 -24850.000000000  119.187040483
 -24848.500000000  118.724316570
 -24847.000000000  118.259574433
 -24845.500000000  117.792887058
 -24844.000000000  117.324328176
 -24842.500000000  116.853972057
 -24841.000000000  116.381893305
 -24839.500000000  115.908166658
 -24838.000000000  115.432866797
 -24836.500000000  114.956068169
 -24835.000000000  114.477844803
 -24833.500000000  113.998270148
 -24832.000000000  113.517416911
 -24830.500000000  113.035356908
 -24829.000000000  112.552160917
 -24827.500000000  112.067898548
 -24826.000000000  111.582638114
 -24824.500000000  111.096446515
 -24823.000000000  110.609389130
 -24821.500000000  110.121529716
 -24820.000000000  109.632930317
 -24818.500000000  109.143651185
 -24817.000000000  108.653750698
 -24815.500000000  108.163285303
 -24814.000000000  107.672309453
 -24812.500000000  107.180875560
 -24811.000000000  106.689033954
 -24809.500000000  106.196832847
 -24808.000000000  105.704318311
 -24806.500000000  105.211534258
 -24805.000000000  104.718522427
 -24803.500000000  104.225322385
 -24802.000000000  103.731971523
 -24800.500000000  103.238505072
 -24799.000000000  102.744956113
 -24797.500000000  102.251355601
 -24796.000000000  101.757732392
 -24794.500000000  101.264113278
 -24793.000000000  100.770523018
 -24791.500000000  100.276984390
 -24790.000000000   99.783518229
 -24788.500000000   99.290143486
 -24787.000000000   98.796877281
 -24785.500000000   98.303734961
 -24784.000000000   97.810730165
 -24782.500000000   97.317874890
 -24781.000000000   96.825179559
 -24779.500000000   96.332653092
 -24778.000000000   95.840302983
 -24776.500000000   95.348135372
 -24775.000000000   94.856155125
 -24773.500000000   94.364365913
 -24772.000000000   93.872770294
 -24770.500000000   93.381369790
 -24769.000000000   92.890164975
 -24767.500000000   92.399155552
 -24766.000000000   91.908340441
 -24764.500000000   91.417717859
 -24763.000000000   90.927285405
 -24761.500000000   90.437040140
 -24760.000000000   89.946978671
 -24758.500000000   89.457097229
 -24757.000000000   88.967391755
 -24755.500000000   88.477857972
 -24754.000000000   87.988491467
 -24752.500000000   87.499287764
 -24751.000000000   87.010242403
 -24749.500000000   86.521351006
 -24748.000000000   86.032609352
 -24746.500000000   85.544013446
 -24745.000000000   85.055559581
 -24743.500000000   84.567244407
 -24742.000000000   84.079064987
 -24740.500000000   83.591018861
 -24739.000000000   83.103104099
 -24737.500000000   82.615319357
 -24736.000000000   82.127663926
 -24734.500000000   81.640137781
 -24733.000000000   81.152741624
 -24731.500000000   80.665476932
 -24730.000000000   80.178345989
 -24728.500000000   79.691351928
 -24727.000000000   79.204498761
 -24725.500000000   78.717791411
 -24724.000000000   78.231235738
 -24722.500000000   77.744838566
 -24721.000000000   77.258607700
 -24719.500000000   76.772551947
 -24718.000000000   76.286681132
 -24716.500000000   75.801006109
 -24715.000000000   75.315538769
 -24713.500000000   74.830292048
 -24712.000000000   74.345279932
 -24710.500000000   73.860517455
 -24709.000000000   73.376020700
 -24707.500000000   72.891806790
 -24706.000000000   72.407893887
 -24704.500000000   71.924301176
 -24703.000000000   71.441048858
 -24701.500000000   70.958158130
 -24700.000000000   70.475651172
 -24698.500000000   69.993551128
 -24697.000000000   69.511882081
 -24695.500000000   69.030669032
 -24694.000000000   68.549937872
 -24692.500000000   68.069715360
 -24691.000000000   67.590029087
 -24689.500000000   67.110907449
 -24688.000000000   66.632379613
 -24686.500000000   66.154475482
 -24685.000000000   65.677225663
 -24683.500000000   65.200661425
 -24682.000000000   64.724814664
 -24680.500000000   64.249717863
 -24679.000000000   63.775404052
 -24677.500000000   63.301906763
 -24676.000000000   62.829259996
 -24674.500000000   62.357498166
 -24673.000000000   61.886656068
 -24671.500000000   61.416768827
 -24670.000000000   60.947871858
 -24668.500000000   60.480000817
 -24667.000000000   60.013191560
 -24665.500000000   59.547480092
 -24664.000000000   59.082902528
 -24662.500000000   58.619495044
 -24661.000000000   58.157293833
 -24659.500000000   57.696335058
 -24658.000000000   57.236654811
 -24656.500000000   56.778289064
 -24655.000000000   56.321273630
 -24653.500000000   55.865644114
 -24652.000000000   55.411435877
 -24650.500000000   54.958683986
 -24649.000000000   54.507423179
 -24647.500000000   54.057687822
 -24646.000000000   53.609511869
 -24644.500000000   53.162928823
 -24643.000000000   52.717971700
 -24641.500000000   52.274672991
 -24640.000000000   51.833064624
 -24638.500000000   51.393177937
 -24637.000000000   50.955043634
 -24635.500000000   50.518691763
 -24634.000000000   50.084151678
 -24632.500000000   49.651452017
 -24631.000000000   49.220620664
 -24629.500000000   48.791684733
 -24628.000000000   48.364670535
 -24626.500000000   47.939603557
 -24625.000000000   47.516508443
 -24623.500000000   47.095408967
 -24622.000000000   46.676328018
 -24620.500000000   46.259287582
 -24619.000000000   45.844308723
 -24617.500000000   45.431411572
 -24616.000000000   45.020615313
 -24614.500000000   44.611938169
 -24613.000000000   44.205397396
 -24611.500000000   43.801009270
 -24610.000000000   43.398789086
 -24608.500000000   42.998751146
 -24607.000000000   42.600908762
 -24605.500000000   42.205274248
 -24604.000000000   41.811858923
 -24602.500000000   41.420673110
 -24601.000000000   41.031726139
 -24599.500000000   40.645026350
 -24598.000000000   40.260581100
 -24596.500000000   39.878396765
 -24595.000000000   39.498478753
 -24593.500000000   39.120831511
 -24592.000000000   38.745458536
 -24590.500000000   38.372362385
 -24589.000000000   38.001544690
 -24587.500000000   37.633006172
 -24586.000000000   37.266746654
 -24584.500000000   36.902765082
 -24583.000000000   36.541059538
 -24581.500000000   36.181627263
 -24580.000000000   35.824464672
 -24578.500000000   35.469567378
 -24577.000000000   35.116930211
 -24575.500000000   34.766547243
 -24574.000000000   34.418411810
 -24572.500000000   34.072516536
 -24571.000000000   33.728853354
 -24569.500000000   33.387413540
 -24568.000000000   33.048187730
 -24566.500000000   32.711165951
 -24565.000000000   32.376337648
 -24563.500000000   32.043691710
 -24562.000000000   31.713216500
 -24560.500000000   31.384899879
 -24559.000000000   31.058729242
 -24557.500000000   30.734691540
 -24556.000000000   30.412773311
 -24554.500000000   30.092960713
 -24553.000000000   29.775239549
 -24551.500000000   29.459595297
 -24550.000000000   29.146013144
 -24548.500000000   28.834478009
 -24547.000000000   28.524974578
 -24545.500000000   28.217487331
 -24544.000000000   27.912000572
 -24542.500000000   27.608498456
 -24541.000000000   27.306965022
 -24539.500000000   27.007384217
 -24538.000000000   26.709739928
 -24536.500000000   26.414016008
 -24535.000000000   26.120196304
 -24533.500000000   25.828264683
 -24532.000000000   25.538205062
 -24530.500000000   25.250001428
 -24529.000000000   24.963637870
 -24527.500000000   24.679098601
 -24526.000000000   24.396367983
 -24524.500000000   24.115430549
 -24523.000000000   23.836271029
 -24521.500000000   23.558874370
 -24520.000000000   23.283225759
 -24518.500000000   23.009310643
 -24517.000000000   22.737114752
 -24515.500000000   22.466624113
 -24514.000000000   22.197825075
 -24512.500000000   21.930704320
 -24511.000000000   21.665248888
 -24509.500000000   21.401446185
 -24508.000000000   21.139284003
 -24506.500000000   20.878750532
 -24505.000000000   20.619834378
 -24503.500000000   20.362524568
 -24502.000000000   20.106810568
 -24500.500000000   19.852682290
 -24499.000000000   19.600130104
 -24497.500000000   19.349144846
 -24496.000000000   19.099717827
 -24494.500000000   18.851840835
 -24493.000000000   18.605506149
 -24491.500000000   18.360706539
 -24490.000000000   18.117435269
 -24488.500000000   17.875686104
 -24487.000000000   17.635453313
 -24485.500000000   17.396731665
 -24484.000000000   17.159516433
 -24482.500000000   16.923803397
 -24481.000000000   16.689588835
 -24479.500000000   16.456869528
 -24478.000000000   16.225642754
 -24476.500000000   15.995906285
 -24475.000000000   15.767658379
 -24473.500000000   15.540897782
 -24472.000000000   15.315623715
 -24470.500000000   15.091835871
 -24469.000000000   14.869534404
 -24467.500000000   14.648719926
 -24466.000000000   14.429393491
 -24464.500000000   14.211556592
 -24463.000000000   13.995211145
 -24461.500000000   13.780359481
 -24460.000000000   13.567004337
 -24458.500000000   13.355148835
 -24457.000000000   13.144796479
 -24455.500000000   12.935951137
 -24454.000000000   12.728617028
 -24452.500000000   12.522798705
 -24451.000000000   12.318501046
 -24449.500000000   12.115729234
 -24448.000000000   11.914488745
 -24446.500000000   11.714785329
 -24445.000000000   11.516624995
 -24443.500000000   11.320013996
 -24442.000000000   11.124958812
 -24440.500000000   10.931466129
 -24439.000000000   10.739542828
 -24437.500000000   10.549195963
 -24436.000000000   10.360432747
 -24434.500000000   10.173260529
 -24433.000000000    9.987686785
 -24431.500000000    9.803719090
 -24430.000000000    9.621365109
 -24428.500000000    9.440632573
 -24427.000000000    9.261529266
 -24425.500000000    9.084063004
 -24424.000000000    8.908241618
 -24422.500000000    8.734072939
 -24421.000000000    8.561564777
 -24419.500000000    8.390724906
 -24418.000000000    8.221561047
 -24416.500000000    8.054080850
 -24415.000000000    7.888291879
 -24413.500000000    7.724201594
 -24412.000000000    7.561817340
 -24410.500000000    7.401146321
 -24409.000000000    7.242195598
 -24407.500000000    7.084972063
 -24406.000000000    6.929482431
 -24404.500000000    6.775733222
 -24403.000000000    6.623730750
 -24401.500000000    6.473481110
 -24400.000000000    6.324990162
 -24398.500000000    6.178263522
 -24397.000000000    6.033306548
 -24395.500000000    5.890124331
 -24394.000000000    5.748721681
 -24392.500000000    5.609103121
 -24391.000000000    5.471272872
 -24389.500000000    5.335234849
 -24388.000000000    5.200992651
 -24386.500000000    5.068549549
 -24385.000000000    4.937908486
 -24383.500000000    4.809072064
 -24382.000000000    4.682042539
 -24380.500000000    4.556821820
 -24379.000000000    4.433411458
 -24377.500000000    4.311812644
 -24376.000000000    4.192026208
 -24374.500000000    4.074052611
 -24373.000000000    3.957891949
 -24371.500000000    3.843543942
 -24370.000000000    3.731007944
 -24368.500000000    3.620282933
 -24367.000000000    3.511367516
 -24365.500000000    3.404259929
 -24364.000000000    3.298958037
 -24362.500000000    3.195459337
 -24361.000000000    3.093760963
 -24359.500000000    2.993859682
 -24358.000000000    2.895751905
 -24356.500000000    2.799433690
 -24355.000000000    2.704900741
 -24353.500000000    2.612148422
 -24352.000000000    2.521171758
 -24350.500000000    2.431965440
 -24349.000000000    2.344523837
 -24347.500000000    2.258840999
 -24346.000000000    2.174910669
 -24344.500000000    2.092726288
 -24343.000000000    2.012281004
 -24341.500000000    1.933567686
 -24340.000000000    1.856578927
 -24338.500000000    1.781307062
 -24337.000000000    1.707744170
 -24335.500000000    1.635882093
 -24334.000000000    1.565712442
 -24332.500000000    1.497226610
 -24331.000000000    1.430415785
 -24329.500000000    1.365270963
 -24328.000000000    1.301782958
 -24326.500000000    1.239942416
 -24325.000000000    1.179739829
 -24323.500000000    1.121165546
 -24322.000000000    1.064209790
 -24320.500000000    1.008862666
 -24319.000000000    0.955114183
 -24317.500000000    0.902954259
 -24316.000000000    0.852372739
 -24314.500000000    0.803359413
 -24313.000000000    0.755904021
 -24311.500000000    0.709996275
 -24310.000000000    0.665625870
 -24308.500000000    0.622782497
 -24307.000000000    0.581455861
 -24305.500000000    0.541635690
 -24304.000000000    0.503311751
 -24302.500000000    0.466473867
 -24301.000000000    0.431111924
 -24299.500000000    0.397215892
 -24298.000000000    0.364775831
 -24296.500000000    0.333781910
 -24295.000000000    0.304224418
 -24293.500000000    0.276093775
 -24292.000000000    0.249380545
 -24290.500000000    0.224075453
 -24289.000000000    0.200169390
 -24287.500000000    0.177653427
 -24286.000000000    0.156518828
 -24284.500000000    0.136757061
 -24283.000000000    0.118359805
 -24281.500000000    0.101318963
 -24280.000000000    0.085626673
 -24278.500000000    0.071275315
 -24277.000000000    0.058257518
 -24275.500000000    0.046566176
 -24274.000000000    0.036194447
 -24272.500000000    0.027135767
 -24271.000000000    0.019383854
 -24269.500000000    0.012932718
 -24268.000000000    0.007776663
 -24266.500000000    0.003910295
 -24265.000000000    0.001328526
 -24263.500000000    0.000026581
 -24262.000000000    0.000000000
 -24260.500000000    0.001244642
 -24259.000000000    0.003756689
 -24257.500000000    0.007532646
 -24256.000000000    0.012569347
 -24254.500000000    0.018863953
 -24253.000000000    0.026413955
 -24251.500000000    0.035217172
 -24250.000000000    0.045271755
 -24248.500000000    0.056576180
 -24247.000000000    0.069129253
 -24245.500000000    0.082930105
 -24244.000000000    0.097978189
 -24242.500000000    0.114273280
 -24241.000000000    0.131815467
 -24239.500000000    0.150605155
 -24238.000000000    0.170643055
 -24236.500000000    0.191930181
 -24235.000000000    0.214467848
 -24233.500000000    0.238257659
 -24232.000000000    0.263301505
 -24230.500000000    0.289601554
 -24229.000000000    0.317160245
 -24227.500000000    0.345980280
 -24226.000000000    0.376064618
 -24224.500000000    0.407416461
 -24223.000000000    0.440039249
 -24221.500000000    0.473936651
 -24220.000000000    0.509112552
 -24218.500000000    0.545571044
 -24217.000000000    0.583316417
 -24215.500000000    0.622353145
 -24214.000000000    0.662685877
 -24212.500000000    0.704319425
 -24211.000000000    0.747258753
 -24209.500000000    0.791508961
 -24208.000000000    0.837075280
 -24206.500000000    0.883963049
 -24205.000000000    0.932177714
 -24203.500000000    0.981724806
 -24202.000000000    1.032609932
 -24200.500000000    1.084838762
 -24199.000000000    1.138417011
 -24197.500000000    1.193350435
 -24196.000000000    1.249644806
 -24194.500000000    1.307305909
 -24193.000000000    1.366339519
 -24191.500000000    1.426751396
 -24190.000000000    1.488547266
 -24188.500000000    1.551732808
 -24187.000000000    1.616313642
 -24185.500000000    1.682295317
 -24184.000000000    1.749683293
 -24182.500000000    1.818482933
 -24181.000000000    1.888699487
 -24179.500000000    1.960338080
 -24178.000000000    2.033403700
 -24176.500000000    2.107901185
 -24175.000000000    2.183835210
 -24173.500000000    2.261210277
 -24172.000000000    2.340030704
 -24170.500000000    2.420300609
 -24169.000000000    2.502023906
 -24167.500000000    2.585204287
 -24166.000000000    2.669845218
 -24164.500000000    2.755949927
 -24163.000000000    2.843521393
 -24161.500000000    2.932562337
 -24160.000000000    3.023075218
 -24158.500000000    3.115062217
 -24157.000000000    3.208525237
 -24155.500000000    3.303465890
 -24154.000000000    3.399885496
 -24152.500000000    3.497785070
 -24151.000000000    3.597165322
 -24149.500000000    3.698026648
 -24148.000000000    3.800369128
 -24146.500000000    3.904192521
 -24145.000000000    4.009496261
 -24143.500000000    4.116279455
 -24142.000000000    4.224540880
 -24140.500000000    4.334278980
 -24139.000000000    4.445491869
 -24137.500000000    4.558177325
 -24136.000000000    4.672332795
 -24134.500000000    4.787955392
 -24133.000000000    4.905041897
 -24131.500000000    5.023588764
 -24130.000000000    5.143592118
 -24128.500000000    5.265047760
 -24127.000000000    5.387951172
 -24125.500000000    5.512297519
 -24124.000000000    5.638081655
 -24122.500000000    5.765298131
 -24121.000000000    5.893941195
 -24119.500000000    6.024004804
 -24118.000000000    6.155482631
 -24116.500000000    6.288368070
 -24115.000000000    6.422654245
 -24113.500000000    6.558334022
 -24112.000000000    6.695400015
 -24110.500000000    6.833844598
 -24109.000000000    6.973659914
 -24107.500000000    7.114837887
 -24106.000000000    7.257370236
 -24104.500000000    7.401248481
 -24103.000000000    7.546463960
 -24101.500000000    7.693007843
 -24100.000000000    7.840871140
 -24098.500000000    7.990044719
 -24097.000000000    8.140519320
 -24095.500000000    8.292285566
 -24094.000000000    8.445333982
 -24092.500000000    8.599655005
 -24091.000000000    8.755239007
 -24089.500000000    8.912076301
 -24088.000000000    9.070157165
 -24086.500000000    9.229471853
 -24085.000000000    9.390010614
 -24083.500000000    9.551763705
 -24082.000000000    9.714721414
 -24080.500000000    9.878874068
 -24079.000000000   10.044212056
 -24077.500000000   10.210725844
 -24076.000000000   10.378405989
 -24074.500000000   10.547243160
 -24073.000000000   10.717228153
 -24071.500000000   10.888351906
 -24070.000000000   11.060605516
 -24068.500000000   11.233980258
 -24067.000000000   11.408467598
 -24065.500000000   11.584059208
 -24064.000000000   11.760746987
 -24062.500000000   11.938523070
 -24061.000000000   12.117379849
 -24059.500000000   12.297309983
 -24058.000000000   12.478306415
 -24056.500000000   12.660362386
 -24055.000000000   12.843471448
 -24053.500000000   13.027627477
 -24052.000000000   13.212824685
 -24050.500000000   13.399057636
 -24049.000000000   13.586321254
 -24047.500000000   13.774610833
 -24046.000000000   13.963922053
 -24044.500000000   14.154250984
 -24043.000000000   14.345594099
 -24041.500000000   14.537948282
 -24040.000000000   14.731310835
 -24038.500000000   14.925679483
 -24037.000000000   15.121052388
 -24035.500000000   15.317428145
 -24034.000000000   15.514805795
 -24032.500000000   15.713184823
 -24031.000000000   15.912565165
 -24029.500000000   16.112947211
 -24028.000000000   16.314331802
 -24026.500000000   16.516720236
 -24025.000000000   16.720114263
 -24023.500000000   16.924516089
 -24022.000000000   17.129928368
 -24020.500000000   17.336354204
 -24019.000000000   17.543797146
 -24017.500000000   17.752261180
 -24016.000000000   17.961750727
 -24014.500000000   18.172270635
 -24013.000000000   18.383826169
 -24011.500000000   18.596423007
 -24010.000000000   18.810067224
 -24008.500000000   19.024765287
 -24007.000000000   19.240524040
 -24005.500000000   19.457350692
 -24004.000000000   19.675252805
 -24002.500000000   19.894238278
 -24001.000000000   20.114315330
 -23999.500000000   20.335492486
 -23998.000000000   20.557778559
 -23996.500000000   20.781182632
 -23995.000000000   21.005714036
 -23993.500000000   21.231382335
 -23992.000000000   21.458197300
 -23990.500000000   21.686168890
 -23989.000000000   21.915307230
 -23987.500000000   22.145622583
 -23986.000000000   22.377125333
 -23984.500000000   22.609825955
 -23983.000000000   22.843734988
 -23981.500000000   23.078863013
 -23980.000000000   23.315220626
 -23978.500000000   23.552818406
 -23977.000000000   23.791666889
 -23975.500000000   24.031776542
 -23974.000000000   24.273157728
 -23972.500000000   24.515820681
 -23971.000000000   24.759775474
 -23969.500000000   25.005031990
 -23968.000000000   25.251599888
 -23966.500000000   25.499488573
 -23965.000000000   25.748707166
 -23963.500000000   25.999264471
 -23962.000000000   26.251168942
 -23960.500000000   26.504428656
 -23959.000000000   26.759051273
 -23957.500000000   27.015044010
 -23956.000000000   27.272413608
 -23954.500000000   27.531166298
 -23953.000000000   27.791307772
 -23951.500000000   28.052843149
 -23950.000000000   28.315776945
 -23948.500000000   28.580113042
 -23947.000000000   28.845854657
 -23945.500000000   29.113004314
 -23944.000000000   29.381563809
 -23942.500000000   29.651534189
 -23941.000000000   29.922915714
 -23939.500000000   30.195707840
 -23938.000000000   30.469909181
 -23936.500000000   30.745517492
 -23935.000000000   31.022529637
 -23933.500000000   31.300941568
 -23932.000000000   31.580748303
 -23930.500000000   31.861943897
 -23929.000000000   32.144521427
 -23927.500000000   32.428472971
 -23926.000000000   32.713789585
 -23924.500000000   33.000461289
 -23923.000000000   33.288477048
 -23921.500000000   33.577824761
 -23920.000000000   33.868491240
 -23918.500000000   34.160462206
 -23917.000000000   34.453722272
 -23915.500000000   34.748254937
 -23914.000000000   35.044042578
 -23912.500000000   35.341066443
 -23911.000000000   35.639306647
 -23909.500000000   35.938742170
 -23908.000000000   36.239350858
 -23906.500000000   36.541109420
 -23905.000000000   36.843993435
 -23903.500000000   37.147977353
 -23902.000000000   37.453034506
 -23900.500000000   37.759137113
 -23899.000000000   38.066256293
 -23897.500000000   38.374362075
 -23896.000000000   38.683423417
 -23894.500000000   38.993408218
 -23893.000000000   39.304283339
 -23891.500000000   39.616014623
 -23890.000000000   39.928566919
 -23888.500000000   40.241904106
 -23887.000000000   40.555989119
 -23885.500000000   40.870783979
 -23884.000000000   41.186249825
 -23882.500000000   41.502346945
 -23881.000000000   41.819034812
 -23879.500000000   42.136272121
 -23878.000000000   42.454016829
 -23876.500000000   42.772226196
 -23875.000000000   43.090856824
 -23873.500000000   43.409864709
 -23872.000000000   43.729205282
 -23870.500000000   44.048833460
 -23869.000000000   44.368703698
 -23867.500000000   44.688770037
 -23866.000000000   45.008986161
 -23864.500000000   45.329305453
 -23863.000000000   45.649681050
 -23861.500000000   45.970065904
 -23860.000000000   46.290412838
 -23858.500000000   46.610674613
 -23857.000000000   46.930803988
 -23855.500000000   47.250753783
 -23854.000000000   47.570476947
 -23852.500000000   47.889926621
 -23851.000000000   48.209056209
 -23849.500000000   48.527819444
 -23848.000000000   48.846170456
 -23846.500000000   49.164063844
 -23845.000000000   49.481454745
 -23843.500000000   49.798298905
 -23842.000000000   50.114552750
 -23840.500000000   50.430173457
 -23839.000000000   50.745119026
 -23837.500000000   51.059348353
 -23836.000000000   51.372821297
 -23834.500000000   51.685498758
 -23833.000000000   51.997342739
 -23831.500000000   52.308316426
 -23830.000000000   52.618384251
 -23828.500000000   52.927511964
 -23827.000000000   53.235666700
 -23825.500000000   53.542817045
 -23824.000000000   53.848933106
 -23822.500000000   54.153986573
 -23821.000000000   54.457950781
 -23819.500000000   54.760800774
 -23818.000000000   55.062513363
 -23816.500000000   55.363067188
 -23815.000000000   55.662442769
 -23813.500000000   55.960622562
 -23812.000000000   56.257591013
 -23810.500000000   56.553334603
 -23809.000000000   56.847841899
 -23807.500000000   57.141103593
 -23806.000000000   57.433112550
 -23804.500000000   57.723863837
 -23803.000000000   58.013354767
 -23801.500000000   58.301584924
 -23800.000000000   58.588556197
 -23798.500000000   58.874272799
 -23797.000000000   59.158741292
 -23795.500000000   59.441970604
 -23794.000000000   59.723972042
 -23792.500000000   60.004759302
 -23791.000000000   60.284348473
 -23789.500000000   60.562758040
 -23788.000000000   60.840008882
 -23786.500000000   61.116124261
 -23785.000000000   61.391129813
 -23783.500000000   61.665053532
 -23782.000000000   61.937925747
 -23780.500000000   62.209779097
 -23779.000000000   62.480648501
 -23777.500000000   62.750571123
 -23776.000000000   63.019586330
 -23774.500000000   63.287735651
 -23773.000000000   63.555062722
 -23771.500000000   63.821613235
 -23770.000000000   64.087434876
 -23768.500000000   64.352577261
 -23767.000000000   64.617091869
 -23765.500000000   64.881031961
 -23764.000000000   65.144452508
 -23762.500000000   65.407410100
 -23761.000000000   65.669962863
 -23759.500000000   65.932170359
 -23758.000000000   66.194093493
 -23756.500000000   66.455794405
 -23755.000000000   66.717336366
 -23753.500000000   66.978783665
 -23752.000000000   67.240201490
 -23750.500000000   67.501655813
 -23749.000000000   67.763213260
 -23747.500000000   68.024940984
 -23746.000000000   68.286906535
 -23744.500000000   68.549177724
 -23743.000000000   68.811822481
 -23741.500000000   69.074908717
 -23740.000000000   69.338504176
 -23738.500000000   69.602676290
 -23737.000000000   69.867492025
 -23735.500000000   70.133017734
 -23734.000000000   70.399318998
 -23732.500000000   70.666460472
 -23731.000000000   70.934505730
 -23729.500000000   71.203517101
 -23728.000000000   71.473555515
 -23726.500000000   71.744680344
 -23725.000000000   72.016949236
 -23723.500000000   72.290417962
 -23722.000000000   72.565140256
 -23720.500000000   72.841167652
 -23719.000000000   73.118549336
 -23717.500000000   73.397331983
 -23716.000000000   73.677559610
 -23714.500000000   73.959273421
 -23713.000000000   74.242511665
 -23711.500000000   74.527309485
 -23710.000000000   74.813698785
 -23708.500000000   75.101708087
 -23707.000000000   75.391362404
 -23705.500000000   75.682683110
 -23704.000000000   75.975687822
 -23702.500000000   76.270390281
 -23701.000000000   76.566800245
 -23699.500000000   76.864923384
 -23698.000000000   77.164761188
 -23696.500000000   77.466310879
 -23695.000000000   77.769565325
 -23693.500000000   78.074512978
 -23692.000000000   78.381137803
 -23690.500000000   78.689419231
 -23689.000000000   78.999332111
 -23687.500000000   79.310846679
 -23686.000000000   79.623928531
 -23684.500000000   79.938538618
 -23683.000000000   80.254633235
 -23681.500000000   80.572164039
 -23680.000000000   80.891078066
 -23678.500000000   81.211317770
 -23677.000000000   81.532821063
 -23675.500000000   81.855521379
 -23674.000000000   82.179347744
 -23672.500000000   82.504224862
 -23671.000000000   82.830073212
 -23669.500000000   83.156809161
 -23668.000000000   83.484345089
 -23666.500000000   83.812589525
 -23665.000000000   84.141447307
 -23663.500000000   84.470819739
 -23662.000000000   84.800604779
 -23660.500000000   85.130697228
 -23659.000000000   85.460988940
 -23657.500000000   85.791369043
 -23656.000000000   86.121724170
 -23654.500000000   86.451938709
 -23653.000000000   86.781895064
 -23651.500000000   87.111473925
 -23650.000000000   87.440554554
 -23648.500000000   87.769015078
 -23647.000000000   88.096732804
 -23645.500000000   88.423584529
 -23644.000000000   88.749446872
 -23642.500000000   89.074196613
 -23641.000000000   89.397711037
 -23639.500000000   89.719868286
 -23638.000000000   90.040547728
 -23636.500000000   90.359630316
 -23635.000000000   90.676998968
 -23633.500000000   90.992538939
 -23632.000000000   91.306138206
 -23630.500000000   91.617687844
 -23629.000000000   91.927082417
 -23627.500000000   92.234220356
 -23626.000000000   92.539004341
 -23624.500000000   92.841341678
 -23623.000000000   93.141144675
 -23621.500000000   93.438331006
 -23620.000000000   93.732824073
 -23618.500000000   94.024553354
 -23617.000000000   94.313454741
 -23615.500000000   94.599470869
 -23614.000000000   94.882551425
 -23612.500000000   95.162653446
 -23611.000000000   95.439741590
 -23609.500000000   95.713788398
 -23608.000000000   95.984774525
 -23606.500000000   96.252688949
 -23605.000000000   96.517529157
 -23603.500000000   96.779301298
 -23602.000000000   97.038020308
 -23600.500000000   97.293710004
 -23599.000000000   97.546403138
 -23597.500000000   97.796141423
 -23596.000000000   98.042975509
 -23594.500000000   98.286964932
 -23593.000000000   98.528178008
 -23591.500000000   98.766691691
 -23590.000000000   99.002591378
 -23588.500000000   99.235970673
 -23587.000000000   99.466931097
 -23585.500000000   99.695581744
 -23584.000000000   99.922038891
 -23582.500000000  100.146425551
 -23581.000000000  100.368870964
 -23579.500000000  100.589510045
 -23578.000000000  100.808482765
 -23576.500000000  101.025933474
 -23575.000000000  101.242010175
 -23573.500000000  101.456863730
 -23572.000000000  101.670647016
 -23570.500000000  101.883514016
 -23569.000000000  102.095618863
 -23567.500000000  102.307114822
 -23566.000000000  102.518153221
 -23564.500000000  102.728882332
 -23563.000000000  102.939446203
 -23561.500000000  103.149983443
 -23560.000000000  103.360625968
 -23558.500000000  103.571497712
 -23557.000000000  103.782713295
 -23555.500000000  103.994376680
 -23554.000000000  104.206579798
 -23552.500000000  104.419401167
 -23551.000000000  104.632904502
 -23549.500000000  104.847137329
 -23548.000000000  105.062129620
 -23546.500000000  105.277892444
 -23545.000000000  105.494416660
 -23543.500000000  105.711671663
 -23542.000000000  105.929604187
 -23540.500000000  106.148137197
 -23539.000000000  106.367168872
 -23537.500000000  106.586571711
 -23536.000000000  106.806191770
 -23534.500000000  107.025848058
 -23533.000000000  107.245332119
 -23531.500000000  107.464407817
 -23530.000000000  107.682811355
 -23528.500000000  107.900251563
 -23527.000000000  108.116410475
 -23525.500000000  108.330944238
 -23524.000000000  108.543484385
 -23522.500000000  108.753639511
 -23521.000000000  108.960997398
 -23519.500000000  109.165127618
 -23518.000000000  109.365584683
 -23516.500000000  109.561911776
 -23515.000000000  109.753645113
 -23513.500000000  109.940319013
 -23512.000000000  110.121471708
 -23510.500000000  110.296651985
 -23509.000000000  110.465426699
 -23507.500000000  110.627389256
 -23506.000000000  110.782169119
 -23504.500000000  110.929442431
 -23503.000000000  111.068943832
 -23501.500000000  111.200479566
 -23500.000000000  111.323941966
