#! FIELDS energy b1.fes
#! SET min_energy -25000
#! SET max_energy -23500
#! SET nbins_energy  1001
#! SET periodic_energy false
 -25000.000000000  114.145580109
 -24998.500000000  113.885103067
 -24997.000000000  113.643332884
 -24995.500000000  113.417676824
 -24994.000000000  113.205798622
 -24992.500000000  113.005598953
 -24991.000000000  112.815197095
 -24989.500000000  112.632913707
 -24988.000000000  112.457254675
 -24986.500000000  112.286895978
 -24985.000000000  112.120669510
 -24983.500000000  111.957549824
 -24982.000000000  111.796641736
 -24980.500000000  111.637168756
 -24979.000000000  111.478462294
 -24977.500000000  111.319951608
 -24976.000000000  111.161154444
 -24974.500000000  111.001668341
 -24973.000000000  110.841162557
 -24971.500000000  110.679370585
 -24970.000000000  110.516083224
 -24968.500000000  110.351142177
 -24967.000000000  110.184434139
 -24965.500000000  110.015885354
 -24964.000000000  109.845456607
 -24962.500000000  109.673138633
 -24961.000000000  109.498947904
 -24959.500000000  109.322922785
 -24958.000000000  109.145120031
 -24956.500000000  108.965611598
 -24955.000000000  108.784481756
 -24953.500000000  108.601824476
 -24952.000000000  108.417741085
 -24950.500000000  108.232338152
 -24949.000000000  108.045725614
 -24947.500000000  107.858015094
 -24946.000000000  107.669318433
 -24944.500000000  107.479746388
 -24943.000000000  107.289407501
 -24941.500000000  107.098407130
 -24940.000000000  106.906846608
 -24938.500000000  106.714822547
 -24937.000000000  106.522426250
 -24935.500000000  106.329743246
 -24934.000000000  106.136852911
 -24932.500000000  105.943828194
 -24931.000000000  105.750735415
 -24929.500000000  105.557634145
 -24928.000000000  105.364577154
 -24926.500000000  105.171610413
 -24925.000000000  104.978773156
 -24923.500000000  104.786097990
 -24922.000000000  104.593611046
 -24920.500000000  104.401332162
 -24919.000000000  104.209275111
 -24917.500000000  104.017447841
 -24916.000000000  103.825852749
 -24914.500000000  103.634486972
 -24913.000000000  103.443342691
 -24911.500000000  103.252407446
 -24910.000000000  103.061664469
 -24908.500000000  102.871093013
 -24907.000000000  102.680668687
 -24905.500000000  102.490363799
 -24904.000000000  102.300147692
 -24902.500000000  102.109987075
 -24901.000000000  101.919846357
 -24899.500000000  101.729687968
 -24898.000000000  101.539472678
 -24896.500000000  101.349159901
 -24895.000000000  101.158707996
 -24893.500000000  100.968074551
 -24892.000000000  100.777216661
 -24890.500000000  100.586091188
 -24889.000000000  100.394655009
 -24887.500000000  100.202865260
 -24886.000000000  100.010679550
 -24884.500000000   99.818056172
 -24883.000000000   99.624954302
 -24881.500000000   99.431334170
 -24880.000000000   99.237157234
 -24878.500000000   99.042386324
 -24877.000000000   98.846985783
 -24875.500000000   98.650921588
 -24874.000000000   98.454161457
 -24872.500000000   98.256674945
 -24871.000000000   98.058433528
 -24869.500000000   97.859410664
 -24868.000000000   97.659581856
 -24866.500000000   97.458924691
 -24865.000000000   97.257418871
 -24863.500000000   97.055046233
 -24862.000000000   96.851790760
 -24860.500000000   96.647638575
 -24859.000000000   96.442577930
 -24857.500000000   96.236599187
 -24856.000000000   96.029694784
 -24854.500000000   95.821859196
 -24853.000000000   95.613088891
 -24851.500000000   95.403382270
 -24850.000000000   95.192739609
 -24848.500000000   94.981162991
 -24847.000000000   94.768656228
 -24845.500000000   94.555224785
 -24844.000000000   94.340875696
 -24842.500000000   94.125617473
 -24841.000000000   93.909460012
 -24839.500000000   93.692414501
 -24838.000000000   93.474493320
 -24836.500000000   93.255709935
 -24835.000000000   93.036078800
 -24833.500000000   92.815615248
 -24832.000000000   92.594335390
 -24830.500000000   92.372255999
 -24829.000000000   92.149394412
 -24827.500000000   91.925768417
 -24826.000000000   91.701396149
 -24824.500000000   91.476295979
 -24823.000000000   91.250486416
 -24821.500000000   91.023985997
 -24820.000000000   90.796813190
 -24818.500000000   90.568986288
 -24817.000000000   90.340523318
 -24815.500000000   90.111441939
 -24814.000000000   89.881759355
 -24812.500000000   89.651492221
 -24811.000000000   89.420656562
 -24809.500000000   89.189267681
 -24808.000000000   88.957340089
 -24806.500000000   88.724887423
 -24805.000000000   88.491922376
 -24803.500000000   88.258456628
 -24802.000000000   88.024500782
 -24800.500000000   87.790064305
 -24799.000000000   87.555155470
 -24797.500000000   87.319781308
 -24796.000000000   87.083947555
 -24794.500000000   86.847658618
 -24793.000000000   86.610917528
 -24791.500000000   86.373725911
 -24790.000000000   86.136083957
 -24788.500000000   85.897990395
 -24787.000000000   85.659442476
 -24785.500000000   85.420435949
 -24784.000000000   85.180965058
 -24782.500000000   84.941022528
 -24781.000000000   84.700599566
 -24779.500000000   84.459685861
 -24778.000000000   84.218269587
 -24776.500000000   83.976337415
 -24775.000000000   83.733874526
 -24773.500000000   83.490864627
 -24772.000000000   83.247289971
 -24770.500000000   83.003131385
 -24769.000000000   82.758368295
 -24767.500000000   82.512978759
 -24766.000000000   82.266939501
 -24764.500000000   82.020225951
 -24763.000000000   81.772812284
 -24761.500000000   81.524671466
 -24760.000000000   81.275775300
 -24758.500000000   81.026094476
 -24757.000000000   80.775598621
 -24755.500000000   80.524256358
 -24754.000000000   80.272035359
 -24752.500000000   80.018902405
 -24751.000000000   79.764823448
 -24749.500000000   79.509763671
 -24748.000000000   79.253687555
 -24746.500000000   78.996558941
 -24745.000000000   78.738341103
 -24743.500000000   78.478996811
 -24742.000000000   78.218488400
 -24740.500000000   77.956777846
 -24739.000000000   77.693826830
 -24737.500000000   77.429596814
 -24736.000000000   77.164049113
 -24734.500000000   76.897144963
 -24733.000000000   76.628845598
 -24731.500000000   76.359112323
 -24730.000000000   76.087906582
 -24728.500000000   75.815190034
 -24727.000000000   75.540924624
 -24725.500000000   75.265072653
 -24724.000000000   74.987596852
 -24722.500000000   74.708460448
 -24721.000000000   74.427627237
 -24719.500000000   74.145061651
 -24718.000000000   73.860728825
 -24716.500000000   73.574594662
 -24715.000000000   73.286625901
 -24713.500000000   72.996790179
 -24712.000000000   72.705056090
 -24710.500000000   72.411393251
 -24709.000000000   72.115772357
 -24707.500000000   71.818165242
 -24706.000000000   71.518544928
 -24704.500000000   71.216885686
 -24703.000000000   70.913163082
 -24701.500000000   70.607354031
 -24700.000000000   70.299436839
 -24698.500000000   69.989391256
 -24697.000000000   69.677198514
 -24695.500000000   69.362841367
 -24694.000000000   69.046304137
 -24692.500000000   68.727572744
 -24691.000000000   68.406634741
 -24689.500000000   68.083479349
 -24688.000000000   67.758097486
 -24686.500000000   67.430481792
 -24685.000000000   67.100626654
 -24683.500000000   66.768528233
 -24682.000000000   66.434184476
 -24680.500000000   66.097595142
 -24679.000000000   65.758761809
 -24677.500000000   65.417687894
 -24676.000000000   65.074378658
 -24674.500000000   64.728841214
 -24673.000000000   64.381084538
 -24671.500000000   64.031119462
 -24670.000000000   63.678958685
 -24668.500000000   63.324616764
 -24667.000000000   62.968110111
 -24665.500000000   62.609456990
 -24664.000000000   62.248677505
 -24662.500000000   61.885793588
 -24661.000000000   61.520828990
 -24659.500000000   61.153809261
 -24658.000000000   60.784761735
 -24656.500000000   60.413715510
 -24655.000000000   60.040701428
 -24653.500000000   59.665752045
 -24652.000000000   59.288901614
 -24650.500000000   58.910186051
 -24649.000000000   58.529642909
 -24647.500000000   58.147311344
 -24646.000000000   57.763232087
 -24644.500000000   57.377447402
 -24643.000000000   56.990001058
 -24641.500000000   56.600938286
 -24640.000000000   56.210305741
 -24638.500000000   55.818151463
 -24637.000000000   55.424524830
 -24635.500000000   55.029476524
 -24634.000000000   54.633058478
 -24632.500000000   54.235323833
 -24631.000000000   53.836326893
 -24629.500000000   53.436123076
 -24628.000000000   53.034768866
 -24626.500000000   52.632321761
 -24625.000000000   52.228840226
 -24623.500000000   51.824383642
 -24622.000000000   51.419012250
 -24620.500000000   51.012787103
 -24619.000000000   50.605770012
 -24617.500000000   50.198023492
 -24616.000000000   49.789610707
 -24614.500000000   49.380595422
 -24613.000000000   48.971041939
 -24611.500000000   48.561015051
 -24610.000000000   48.150579984
 -24608.500000000   47.739802343
 -24607.000000000   47.328748055
 -24605.500000000   46.917483318
 -24604.000000000   46.506074544
 -24602.500000000   46.094588308
 -24601.000000000   45.683091290
 -24599.500000000   45.271650222
 -24598.000000000   44.860331838
 -24596.500000000   44.449202818
 -24595.000000000   44.038329739
 -24593.500000000   43.627779016
 -24592.000000000   43.217616861
 -24590.500000000   42.807909223
 -24589.000000000   42.398721746
 -24587.500000000   41.990119714
 -24586.000000000   41.582168005
 -24584.500000000   41.174931045
 -24583.000000000   40.768472759
 -24581.500000000   40.362856527
 -24580.000000000   39.958145137
 -24578.500000000   39.554400747
 -24577.000000000   39.151684834
 -24575.500000000   38.750058161
 -24574.000000000   38.349580731
 -24572.500000000   37.950311750
 -24571.000000000   37.552309588
 -24569.500000000   37.155631744
 -24568.000000000   36.760334808
 -24566.500000000   36.366474429
 -24565.000000000   35.974105281
 -24563.500000000   35.583281029
 -24562.000000000   35.194054304
 -24560.500000000   34.806476670
 -24559.000000000   34.420598595
 -24557.500000000   34.036469431
 -24556.000000000   33.654137381
 -24554.500000000   33.273649482
 -24553.000000000   32.895051581
 -24551.500000000   32.518388312
 -24550.000000000   32.143703080
 -24548.500000000   31.771038042
 -24547.000000000   31.400434089
 -24545.500000000   31.031930836
 -24544.000000000   30.665566601
 -24542.500000000   30.301378400
 -24541.000000000   29.939401933
 -24539.500000000   29.579671574
 -24538.000000000   29.222220366
 -24536.500000000   28.867080011
 -24535.000000000   28.514280869
 -24533.500000000   28.163851952
 -24532.000000000   27.815820920
 -24530.500000000   27.470214085
 -24529.000000000   27.127056407
 -24527.500000000   26.786371497
 -24526.000000000   26.448181621
 -24524.500000000   26.112507704
 -24523.000000000   25.779369333
 -24521.500000000   25.448784769
 -24520.000000000   25.120770949
 -24518.500000000   24.795343501
 -24517.000000000   24.472516749
 -24515.500000000   24.152303729
 -24514.000000000   23.834716199
 -24512.500000000   23.519764653
 -24511.000000000   23.207458336
 -24509.500000000   22.897805261
 -24508.000000000   22.590812224
 -24506.500000000   22.286484822
 -24505.000000000   21.984827473
 -24503.500000000   21.685843433
 -24502.000000000   21.389534821
 -24500.500000000   21.095902635
 -24499.000000000   20.804946777
 -24497.500000000   20.516666076
 -24496.000000000   20.231058309
 -24494.500000000   19.948120229
 -24493.000000000   19.667847587
 -24491.500000000   19.390235158
 -24490.000000000   19.115276770
 -24488.500000000   18.842965324
 -24487.000000000   18.573292830
 -24485.500000000   18.306250428
 -24484.000000000   18.041828416
 -24482.500000000   17.780016286
 -24481.000000000   17.520802742
 -24479.500000000   17.264175738
 -24478.000000000   17.010122505
 -24476.500000000   16.758629576
 -24475.000000000   16.509682824
 -24473.500000000   16.263267487
 -24472.000000000   16.019368197
 -24470.500000000   15.777969017
 -24469.000000000   15.539053465
 -24467.500000000   15.302604546
 -24466.000000000   15.068604786
 -24464.500000000   14.837036258
 -24463.000000000   14.607880617
 -24461.500000000   14.381119124
 -24460.000000000   14.156732684
 -24458.500000000   13.934701871
 -24457.000000000   13.715006959
 -24455.500000000   13.497627952
 -24454.000000000   13.282544615
 -24452.500000000   13.069736500
 -24451.000000000   12.859182979
 -24449.500000000   12.650863267
 -24448.000000000   12.444756457
 -24446.500000000   12.240841542
 -24445.000000000   12.039097447
 -24443.500000000   11.839503052
 -24442.000000000   11.642037222
 -24440.500000000   11.446678832
 -24439.000000000   11.253406789
 -24437.500000000   11.062200065
 -24436.000000000   10.873037714
 -24434.500000000   10.685898899
 -24433.000000000   10.500762915
 -24431.500000000   10.317609213
 -24430.000000000   10.136417422
 -24428.500000000    9.957167366
 -24427.000000000    9.779839093
 -24425.500000000    9.604412889
 -24424.000000000    9.430869298
 -24422.500000000    9.259189145
 -24421.000000000    9.089353548
 -24419.500000000    8.921343944
 -24418.000000000    8.755142095
 -24416.500000000    8.590730114
 -24415.000000000    8.428090473
 -24413.500000000    8.267206023
 -24412.000000000    8.108060004
 -24410.500000000    7.950636059
 -24409.000000000    7.794918247
 -24407.500000000    7.640891055
 -24406.000000000    7.488539407
 -24404.500000000    7.337848675
 -24403.000000000    7.188804689
 -24401.500000000    7.041393744
 -24400.000000000    6.895602607
 -24398.500000000    6.751418528
 -24397.000000000    6.608829242
 -24395.500000000    6.467822977
 -24394.000000000    6.328388455
 -24392.500000000    6.190514902
 -24391.000000000    6.054192045
 -24389.500000000    5.919410120
 -24388.000000000    5.786159870
 -24386.500000000    5.654432545
 -24385.000000000    5.524219908
 -24383.500000000    5.395514230
 -24382.000000000    5.268308289
 -24380.500000000    5.142595370
 -24379.000000000    5.018369263
 -24377.500000000    4.895624258
 -24376.000000000    4.774355144
 -24374.500000000    4.654557201
 -24373.000000000    4.536226200
 -24371.500000000    4.419358394
 -24370.000000000    4.303950510
 -24368.500000000    4.189999751
 -24367.000000000    4.077503778
 -24365.500000000    3.966460711
 -24364.000000000    3.856869116
 -24362.500000000    3.748727997
 -24361.000000000    3.642036790
 -24359.500000000    3.536795350
 -24358.000000000    3.433003940
 -24356.500000000    3.330663226
 -24355.000000000    3.229774261
 -24353.500000000    3.130338477
 -24352.000000000    3.032357669
 -24350.500000000    2.935833990
 -24349.000000000    2.840769932
 -24347.500000000    2.747168318
 -24346.000000000    2.655032288
 -24344.500000000    2.564365284
 -24343.000000000    2.475171039
 -24341.500000000    2.387453564
 -24340.000000000    2.301217132
 -24338.500000000    2.216466263
 -24337.000000000    2.133205717
 -24335.500000000    2.051440472
 -24334.000000000    1.971175712
 -24332.500000000    1.892416815
 -24331.000000000    1.815169337
 -24329.500000000    1.739438996
 -24328.000000000    1.665231660
 -24326.500000000    1.592553331
 -24325.000000000    1.521410131
 -24323.500000000    1.451808288
 -24322.000000000    1.383754118
 -24320.500000000    1.317254017
 -24319.000000000    1.252314440
 -24317.500000000    1.188941893
 -24316.000000000    1.127142913
 -24314.500000000    1.066924058
 -24313.000000000    1.008291893
 -24311.500000000    0.951252974
 -24310.000000000    0.895813835
 -24308.500000000    0.841980978
 -24307.000000000    0.789760857
 -24305.500000000    0.739159865
 -24304.000000000    0.690184324
 -24302.500000000    0.642840468
 -24301.000000000    0.597134437
 -24299.500000000    0.553072262
 -24298.000000000    0.510659854
 -24296.500000000    0.469902990
 -24295.000000000    0.430807309
 -24293.500000000    0.393378297
 -24292.000000000    0.357621276
 -24290.500000000    0.323541396
 -24289.000000000    0.291143629
 -24287.500000000    0.260432752
 -24286.000000000    0.231413348
 -24284.500000000    0.204089788
 -24283.000000000    0.178466233
 -24281.500000000    0.154546619
 -24280.000000000    0.132334653
 -24278.500000000    0.111833810
 -24277.000000000    0.093047319
 -24275.500000000    0.075978164
 -24274.000000000    0.060629077
 -24272.500000000    0.047002532
 -24271.000000000    0.035100743
 -24269.500000000    0.024925657
 -24268.000000000    0.016478954
 -24266.500000000    0.009762041
 -24265.000000000    0.004776053
 -24263.500000000    0.001521846
 -24262.000000000    0.000000000
 -24260.500000000    0.000210817
 -24259.000000000    0.002154317
 -24257.500000000    0.005830242
 -24256.000000000    0.011238054
 -24254.500000000    0.018376936
 -24253.000000000    0.027245791
 -24251.500000000    0.037843248
 -24250.000000000    0.050167660
 -24248.500000000    0.064217109
 -24247.000000000    0.079989404
 -24245.500000000    0.097482092
 -24244.000000000    0.116692454
 -24242.500000000    0.137617511
 -24241.000000000    0.160254034
 -24239.500000000    0.184598538
 -24238.000000000    0.210647296
 -24236.500000000    0.238396342
 -24235.000000000    0.267841474
 -24233.500000000    0.298978264
 -24232.000000000    0.331802060
 -24230.500000000    0.366307998
 -24229.000000000    0.402491004
 -24227.500000000    0.440345805
 -24226.000000000    0.479866934
 -24224.500000000    0.521048740
 -24223.000000000    0.563885393
 -24221.500000000    0.608370897
 -24220.000000000    0.654499095
 -24218.500000000    0.702263677
 -24217.000000000    0.751658193
 -24215.500000000    0.802676058
 -24214.000000000    0.855310564
 -24212.500000000    0.909554890
 -24211.000000000    0.965402109
 -24209.500000000    1.022845198
 -24208.000000000    1.081877051
 -24206.500000000    1.142490485
 -24205.000000000    1.204678255
 -24203.500000000    1.268433059
 -24202.000000000    1.333747551
 -24200.500000000    1.400614350
 -24199.000000000    1.469026052
 -24197.500000000    1.538975240
 -24196.000000000    1.610454491
 -24194.500000000    1.683456392
 -24193.000000000    1.757973545
 -24191.500000000    1.833998580
 -24190.000000000    1.911524164
 -24188.500000000    1.990543012
 -24187.000000000    2.071047897
 -24185.500000000    2.153031658
 -24184.000000000    2.236487214
 -24182.500000000    2.321407567
 -24181.000000000    2.407785818
 -24179.500000000    2.495615172
 -24178.000000000    2.584888952
 -24176.500000000    2.675600600
 -24175.000000000    2.767743695
 -24173.500000000    2.861311955
 -24172.000000000    2.956299248
 -24170.500000000    3.052699599
 -24169.000000000    3.150507199
 -24167.500000000    3.249716415
 -24166.000000000    3.350321790
 -24164.500000000    3.452318057
 -24163.000000000    3.555700146
 -24161.500000000    3.660463183
 -24160.000000000    3.766602506
 -24158.500000000    3.874113664
 -24157.000000000    3.982992426
 -24155.500000000    4.093234783
 -24154.000000000    4.204836959
 -24152.500000000    4.317795409
 -24151.000000000    4.432106826
 -24149.500000000    4.547768146
 -24148.000000000    4.664776551
 -24146.500000000    4.783129470
 -24145.000000000    4.902824586
 -24143.500000000    5.023859832
 -24142.000000000    5.146233402
 -24140.500000000    5.269943745
 -24139.000000000    5.394989568
 -24137.500000000    5.521369841
 -24136.000000000    5.649083793
 -24134.500000000    5.778130914
 -24133.000000000    5.908510954
 -24131.500000000    6.040223923
 -24130.000000000    6.173270091
 -24128.500000000    6.307649985
 -24127.000000000    6.443364388
 -24125.500000000    6.580414335
 -24124.000000000    6.718801114
 -24122.500000000    6.858526261
 -24121.000000000    6.999591556
 -24119.500000000    7.141999020
 -24118.000000000    7.285750913
 -24116.500000000    7.430849726
 -24115.000000000    7.577298178
 -24113.500000000    7.725099214
 -24112.000000000    7.874255992
 -24110.500000000    8.024771884
 -24109.000000000    8.176650470
 -24107.500000000    8.329895524
 -24106.000000000    8.484511017
 -24104.500000000    8.640501103
 -24103.000000000    8.797870115
 -24101.500000000    8.956622556
 -24100.000000000    9.116763091
 -24098.500000000    9.278296540
 -24097.000000000    9.441227868
 -24095.500000000    9.605562178
 -24094.000000000    9.771304700
 -24092.500000000    9.938460783
 -24091.000000000   10.107035886
 -24089.500000000   10.277035567
 -24088.000000000   10.448465475
 -24086.500000000   10.621331337
 -24085.000000000   10.795638952
 -24083.500000000   10.971394177
 -24082.000000000   11.148602919
 -24080.500000000   11.327271122
 -24079.000000000   11.507404759
 -24077.500000000   11.689009818
 -24076.000000000   11.872092295
 -24074.500000000   12.056658178
 -24073.000000000   12.242713442
 -24071.500000000   12.430264031
 -24070.000000000   12.619315853
 -24068.500000000   12.809874765
 -24067.000000000   13.001946564
 -24065.500000000   13.195536971
 -24064.000000000   13.390651629
 -24062.500000000   13.587296082
 -24061.000000000   13.785475769
 -24059.500000000   13.985196014
 -24058.000000000   14.186462012
 -24056.500000000   14.389278817
 -24055.000000000   14.593651335
 -24053.500000000   14.799584314
 -24052.000000000   15.007082327
 -24050.500000000   15.216149766
 -24049.000000000   15.426790834
 -24047.500000000   15.639009530
 -24046.000000000   15.852809641
 -24044.500000000   16.068194732
 -24043.000000000   16.285168138
 -24041.500000000   16.503732952
 -24040.000000000   16.723892017
 -24038.500000000   16.945647918
 -24037.000000000   17.169002972
 -24035.500000000   17.393959220
 -24034.000000000   17.620518418
 -24032.500000000   17.848682031
 -24031.000000000   18.078451224
 -24029.500000000   18.309826854
 -24028.000000000   18.542809465
 -24026.500000000   18.777399279
 -24025.000000000   19.013596192
 -24023.500000000   19.251399764
 -24022.000000000   19.490809219
 -24020.500000000   19.731823432
 -24019.000000000   19.974440933
 -24017.500000000   20.218659895
 -24016.000000000   20.464478130
 -24014.500000000   20.711893090
 -24013.000000000   20.960901859
 -24011.500000000   21.211501150
 -24010.000000000   21.463687305
 -24008.500000000   21.717456286
 -24007.000000000   21.972803682
 -24005.500000000   22.229724699
 -24004.000000000   22.488214160
 -24002.500000000   22.748266510
 -24001.000000000   23.009875807
 -23999.500000000   23.273035725
 -23998.000000000   23.537739556
 -23996.500000000   23.803980207
 -23995.000000000   24.071750203
 -23993.500000000   24.341041687
 -23992.000000000   24.611846420
 -23990.500000000   24.884155786
 -23989.000000000   25.157960793
 -23987.500000000   25.433252071
 -23986.000000000   25.710019883
 -23984.500000000   25.988254122
 -23983.000000000   26.267944315
 -23981.500000000   26.549079629
 -23980.000000000   26.831648874
 -23978.500000000   27.115640507
 -23977.000000000   27.401042637
 -23975.500000000   27.687843030
 -23974.000000000   27.976029115
 -23972.500000000   28.265587986
 -23971.000000000   28.556506415
 -23969.500000000   28.848770848
 -23968.000000000   29.142367420
 -23966.500000000   29.437281959
 -23965.000000000   29.733499989
 -23963.500000000   30.031006741
 -23962.000000000   30.329787160
 -23960.500000000   30.629825909
 -23959.000000000   30.931107379
 -23957.500000000   31.233615698
 -23956.000000000   31.537334734
 -23954.500000000   31.842248107
 -23953.000000000   32.148339197
 -23951.500000000   32.455591149
 -23950.000000000   32.763986882
 -23948.500000000   33.073509102
 -23947.000000000   33.384140301
 -23945.500000000   33.695862776
 -23944.000000000   34.008658629
 -23942.500000000   34.322509780
 -23941.000000000   34.637397973
 -23939.500000000   34.953304787
 -23938.000000000   35.270211640
 -23936.500000000   35.588099805
 -23935.000000000   35.906950408
 -23933.500000000   36.226744445
 -23932.000000000   36.547462788
 -23930.500000000   36.869086188
 -23929.000000000   37.191595292
 -23927.500000000   37.514970641
 -23926.000000000   37.839192687
 -23924.500000000   38.164241793
 -23923.000000000   38.490098246
 -23921.500000000   38.816742262
 -23920.000000000   39.144153992
 -23918.500000000   39.472313531
 -23917.000000000   39.801200924
 -23915.500000000   40.130796174
 -23914.000000000   40.461079244
 -23912.500000000   40.792030069
 -23911.000000000   41.123628558
 -23909.500000000   41.455854601
 -23908.000000000   41.788688075
 -23906.500000000   42.122108846
 -23905.000000000   42.456096781
 -23903.500000000   42.790631743
 -23902.000000000   43.125693605
 -23900.500000000   43.461262248
 -23899.000000000   43.797317566
 -23897.500000000   44.133839472
 -23896.000000000   44.470807899
 -23894.500000000   44.808202803
 -23893.000000000   45.146004168
 -23891.500000000   45.484192007
 -23890.000000000   45.822746364
 -23888.500000000   46.161647316
 -23887.000000000   46.500874976
 -23885.500000000   46.840409492
 -23884.000000000   47.180231052
 -23882.500000000   47.520319881
 -23881.000000000   47.860656243
 -23879.500000000   48.201220442
 -23878.000000000   48.541992822
 -23876.500000000   48.882953766
 -23875.000000000   49.224083697
 -23873.500000000   49.565363076
 -23872.000000000   49.906772403
 -23870.500000000   50.248292214
 -23869.000000000   50.589903081
 -23867.500000000   50.931585610
 -23866.000000000   51.273320442
 -23864.500000000   51.615088246
 -23863.000000000   51.956869723
 -23861.500000000   52.298645602
 -23860.000000000   52.640396635
 -23858.500000000   52.982103600
 -23857.000000000   53.323747293
 -23855.500000000   53.665308533
 -23854.000000000   54.006768152
 -23852.500000000   54.348106997
 -23851.000000000   54.689305928
 -23849.500000000   55.030345813
 -23848.000000000   55.371207529
 -23846.500000000   55.711871954
 -23845.000000000   56.052319973
 -23843.500000000   56.392532468
 -23842.000000000   56.732490322
 -23840.500000000   57.072174411
 -23839.000000000   57.411565610
 -23837.500000000   57.750644783
 -23836.000000000   58.089392787
 -23834.500000000   58.427790472
 -23833.000000000   58.765818672
 -23831.500000000   59.103458215
 -23830.000000000   59.440689914
 -23828.500000000   59.777494571
 -23827.000000000   60.113852975
 -23825.500000000   60.449745907
 -23824.000000000   60.785154132
 -23822.500000000   61.120058410
 -23821.000000000   61.454439492
 -23819.500000000   61.788278121
 -23818.000000000   62.121555039
 -23816.500000000   62.454250986
 -23815.000000000   62.786346704
 -23813.500000000   63.117822943
 -23812.000000000   63.448660462
 -23810.500000000   63.778840035
 -23809.000000000   64.108342456
 -23807.500000000   64.437148548
 -23806.000000000   64.765239162
 -23804.500000000   65.092595192
 -23803.000000000   65.419197576
 -23801.500000000   65.745027308
 -23800.000000000   66.070065444
 -23798.500000000   66.394293113
 -23797.000000000   66.717691524
 -23795.500000000   67.040241980
 -23794.000000000   67.361925883
 -23792.500000000   67.682724754
 -23791.000000000   68.002620235
 -23789.500000000   68.321594108
 -23788.000000000   68.639628308
 -23786.500000000   68.956704932
 -23785.000000000   69.272806258
 -23783.500000000   69.587914756
 -23782.000000000   69.902013105
 -23780.500000000   70.215084210
 -23779.000000000   70.527111214
 -23777.500000000   70.838077518
 -23776.000000000   71.147966797
 -23774.500000000   71.456763017
 -23773.000000000   71.764450456
 -23771.500000000   72.071013714
 -23770.000000000   72.376437742
 -23768.500000000   72.680707853
 -23767.000000000   72.983809744
 -23765.500000000   73.285729516
 -23764.000000000   73.586453693
 -23762.500000000   73.885969239
 -23761.000000000   74.184263583
 -23759.500000000   74.481324633
 -23758.000000000   74.777140800
 -23756.500000000   75.071701017
 -23755.000000000   75.364994757
 -23753.500000000   75.657012056
 -23752.000000000   75.947743528
 -23750.500000000   76.237180388
 -23749.000000000   76.525314469
 -23747.500000000   76.812138242
 -23746.000000000   77.097644832
 -23744.500000000   77.381828038
 -23743.000000000   77.664682348
 -23741.500000000   77.946202958
 -23740.000000000   78.226385786
 -23738.500000000   78.505227490
 -23737.000000000   78.782725477
 -23735.500000000   79.058877922
 -23734.000000000   79.333683779
 -23732.500000000   79.607142791
 -23731.000000000   79.879255504
 -23729.500000000   80.150023272
 -23728.000000000   80.419448271
 -23726.500000000   80.687533500
 -23725.000000000   80.954282792
 -23723.500000000   81.219700814
 -23722.000000000   81.483793074
 -23720.500000000   81.746565920
 -23719.000000000   82.008026540
 -23717.500000000   82.268182961
 -23716.000000000   82.527044045
 -23714.500000000   82.784619483
 -23713.000000000   83.040919792
 -23711.500000000   83.295956300
 -23710.000000000   83.549741141
 -23708.500000000   83.802287236
 -23707.000000000   84.053608287
 -23705.500000000   84.303718752
 -23704.000000000   84.552633830
 -23702.500000000   84.800369442
 -23701.000000000   85.046942203
 -23699.500000000   85.292369403
 -23698.000000000   85.536668974
 -23696.500000000   85.779859466
 -23695.000000000   86.021960012
 -23693.500000000   86.262990294
 -23692.000000000   86.502970511
 -23690.500000000   86.741921337
 -23689.000000000   86.979863884
 -23687.500000000   87.216819659
 -23686.000000000   87.452810520
 -23684.500000000   87.687858628
 -23683.000000000   87.921986403
 -23681.500000000   88.155216471
 -23680.000000000   88.387571616
 -23678.500000000   88.619074722
 -23677.000000000   88.849748721
 -23675.500000000   89.079616538
 -23674.000000000   89.308701030
 -23672.500000000   89.537024929
 -23671.000000000   89.764610782
 -23669.500000000   89.991480891
 -23668.000000000   90.217657246
 -23666.500000000   90.443161469
 -23665.000000000   90.668014746
 -23663.500000000   90.892237768
 -23662.000000000   91.115850663
 -23660.500000000   91.338872935
 -23659.000000000   91.561323400
 -23657.500000000   91.783220126
 -23656.000000000   92.004580366
 -23654.500000000   92.225420504
 -23653.000000000   92.445755988
 -23651.500000000   92.665601280
 -23650.000000000   92.884969794
 -23648.500000000   93.103873843
 -23647.000000000   93.322324593
 -23645.500000000   93.540332005
 -23644.000000000   93.757904798
 -23642.500000000   93.975050401
 -23641.000000000   94.191774917
 -23639.500000000   94.408083091
 -23638.000000000   94.623978271
 -23636.500000000   94.839462395
 -23635.000000000   95.054535960
 -23633.500000000   95.269198013
 -23632.000000000   95.483446140
 -23630.500000000   95.697276463
 -23629.000000000   95.910683644
 -23627.500000000   96.123660897
 -23626.000000000   96.336200000
 -23624.500000000   96.548291324
 -23623.000000000   96.759923868
 -23621.500000000   96.971085293
 -23620.000000000   97.181761977
 -23618.500000000   97.391939067
 -23617.000000000   97.601600554
 -23615.500000000   97.810729338
 -23614.000000000   98.019307321
 -23612.500000000   98.227315499
 -23611.000000000   98.434734064
 -23609.500000000   98.641542520
 -23608.000000000   98.847719805
 -23606.500000000   99.053244425
 -23605.000000000   99.258094595
 -23603.500000000   99.462248394
 -23602.000000000   99.665683924
 -23600.500000000   99.868379483
 -23599.000000000  100.070313743
 -23597.500000000  100.271465940
 -23596.000000000  100.471816071
 -23594.500000000  100.671345095
 -23593.000000000  100.870035147
 -23591.500000000  101.067869752
 -23590.000000000  101.264834051
 -23588.500000000  101.460915024
 -23587.000000000  101.656101720
 -23585.500000000  101.850385492
 -23584.000000000  102.043760224
 -23582.500000000  102.236222566
 -23581.000000000  102.427772160
 -23579.500000000  102.618411863
 -23578.000000000  102.808147967
 -23576.500000000  102.996990401
 -23575.000000000  103.184952932
 -23573.500000000  103.372053344
 -23572.000000000  103.558313602
 -23570.500000000  103.743759996
 -23569.000000000  103.928423261
 -23567.500000000  104.112338666
 -23566.000000000  104.295546078
 -23564.500000000  104.478089979
 -23563.000000000  104.660019452
 -23561.500000000  104.841388115
 -23560.000000000  105.022254005
 -23558.500000000  105.202679401
 -23557.000000000  105.382730590
 -23555.500000000  105.562477554
 -23554.000000000  105.741993584
 -23552.500000000  105.921354808
 -23551.000000000  106.100639623
 -23549.500000000  106.279928026
 -23548.000000000  106.459300833
 -23546.500000000  106.638838773
 -23545.000000000  106.818621456
 -23543.500000000  106.998726191
 -23542.000000000  107.179226653
 -23540.500000000  107.360191379
 -23539.000000000  107.541682086
 -23537.500000000  107.723751791
 -23536.000000000  107.906442720
 -23534.500000000  108.089783999
 -23533.000000000  108.273789088
 -23531.500000000  108.458452971
 -23530.000000000  108.643749055
 -23528.500000000  108.829625780
 -23527.000000000  109.016002900
 -23525.500000000  109.202767435
 -23524.000000000  109.389769252
 -23522.500000000  109.576816260
 -23521.000000000  109.763669194
 -23519.500000000  109.950035960
 -23518.000000000  110.135565507
 -23516.500000000  110.319841211
 -23515.000000000  110.502373727
 -23513.500000000  110.682593275
 -23512.000000000  110.859841345
 -23510.500000000  111.033361759
 -23509.000000000  111.202291073
 -23507.500000000  111.365648272
 -23506.000000000  111.522323714
 -23504.500000000  111.671067286
 -23503.000000000  111.810475723
 -23501.500000000  111.938979044
 -23500.000000000  112.054826052
