#! FIELDS energy b1.bias der_energy
#! SET min_energy -25000
#! SET max_energy -23500
#! SET nbins_energy  1001
#! SET periodic_energy false
 -25000.000000000 -102.436859190   -0.209804634
 -24998.500000000 -102.124558829   -0.206776121
 -24997.000000000 -101.816030918   -0.204747996
 -24995.500000000 -101.509890895   -0.203568289
 -24994.000000000 -101.204970201   -0.203100764
 -24992.500000000 -100.900293594   -0.203223701
 -24991.000000000 -100.595058246   -0.203828752
 -24989.500000000 -100.288614494   -0.204819869
 -24988.000000000  -99.980448155   -0.206112299
 -24986.500000000  -99.670164299   -0.207631640
 -24985.000000000  -99.357472389   -0.209312961
 -24983.500000000  -99.042172698   -0.211099980
 -24982.000000000  -98.724143922   -0.212944291
 -24980.500000000  -98.403331911   -0.214804648
 -24979.000000000  -98.079739430   -0.216646298
 -24977.500000000  -97.753416903   -0.218440353
 -24976.000000000  -97.424454045   -0.220163218
 -24974.500000000  -97.092972340   -0.221796044
 -24973.000000000  -96.759118293   -0.223324238
 -24971.500000000  -96.423057401   -0.224736994
 -24970.000000000  -96.084968800   -0.226026870
 -24968.500000000  -95.745040513   -0.227189389
 -24967.000000000  -95.403465286   -0.228222678
 -24965.500000000  -95.060436929   -0.229127132
 -24964.000000000  -94.716147158   -0.229905105
 -24962.500000000  -94.370782862   -0.230560629
 -24961.000000000  -94.024523789   -0.231099155
 -24959.500000000  -93.677540595   -0.231527317
 -24958.000000000  -93.329993231   -0.231852718
 -24956.500000000  -92.982029644   -0.232083733
 -24955.000000000  -92.633784745   -0.232229337
 -24953.500000000  -92.285379638   -0.232298940
 -24952.000000000  -91.936921074   -0.232302248
 -24950.500000000  -91.588501105   -0.232249135
 -24949.000000000  -91.240196918   -0.232149523
 -24947.500000000  -90.892070842   -0.232013291
 -24946.000000000  -90.544170482   -0.231850177
 -24944.500000000  -90.196528986   -0.231669703
 -24943.000000000  -89.849165427   -0.231481109
 -24941.500000000  -89.502085264   -0.231293293
 -24940.000000000  -89.155280899   -0.231114762
 -24938.500000000  -88.808732291   -0.230953591
 -24937.000000000  -88.462407632   -0.230817391
 -24935.500000000  -88.116264066   -0.230713278
 -24934.000000000  -87.770248443   -0.230647856
 -24932.500000000  -87.424298104   -0.230627202
 -24931.000000000  -87.078341677   -0.230656851
 -24929.500000000  -86.732299893   -0.230741798
 -24928.000000000  -86.386086401   -0.230886492
 -24926.500000000  -86.039608583   -0.231094839
 -24925.000000000  -85.692768362   -0.231370212
 -24923.500000000  -85.345463003   -0.231715455
 -24922.000000000  -84.997585888   -0.232132898
 -24920.500000000  -84.649027286   -0.232624369
 -24919.000000000  -84.299675087   -0.233191212
 -24917.500000000  -83.949415518   -0.233834304
 -24916.000000000  -83.598133828   -0.234554074
 -24914.500000000  -83.245714949   -0.235350523
 -24913.000000000  -82.892044115   -0.236223246
 -24911.500000000  -82.537007460   -0.237171456
 -24910.000000000  -82.180492572   -0.238194004
 -24908.500000000  -81.822389018   -0.239289403
 -24907.000000000  -81.462588832   -0.240455854
 -24905.500000000  -81.100986971   -0.241691266
 -24904.000000000  -80.737481729   -0.242993283
 -24902.500000000  -80.371975117   -0.244359305
 -24901.000000000  -80.004373216   -0.245786515
 -24899.500000000  -79.634586484   -0.247271896
 -24898.000000000  -79.262530034   -0.248812260
 -24896.500000000  -78.888123880   -0.250404266
 -24895.000000000  -78.511293148   -0.252044443
 -24893.500000000  -78.131968255   -0.253729210
 -24892.000000000  -77.750085058   -0.255454897
 -24890.500000000  -77.365584973   -0.257217765
 -24889.000000000  -76.978415067   -0.259014023
 -24887.500000000  -76.588528120   -0.260839848
 -24886.000000000  -76.195882662   -0.262691398
 -24884.500000000  -75.800442983   -0.264564835
 -24883.000000000  -75.402179126   -0.266456333
 -24881.500000000  -75.001066850   -0.268362098
 -24880.000000000  -74.597087574   -0.270278379
 -24878.500000000  -74.190228304   -0.272201480
 -24877.000000000  -73.780481538   -0.274127775
 -24875.500000000  -73.367845159   -0.276053714
 -24874.000000000  -72.952322304   -0.277975840
 -24872.500000000  -72.533921227   -0.279890791
 -24871.000000000  -72.112655146   -0.281795314
 -24869.500000000  -71.688542071   -0.283686268
 -24868.000000000  -71.261604636   -0.285560636
 -24866.500000000  -70.831869906   -0.287415524
 -24865.000000000  -70.399369185   -0.289248175
 -24863.500000000  -69.964137814   -0.291055965
 -24862.000000000  -69.526214963   -0.292836413
 -24860.500000000  -69.085643417   -0.294587180
 -24859.000000000  -68.642469361   -0.296306074
 -24857.500000000  -68.196742157   -0.297991050
 -24856.000000000  -67.748514121   -0.299640213
 -24854.500000000  -67.297840301   -0.301251816
 -24853.000000000  -66.844778253   -0.302824264
 -24851.500000000  -66.389387814   -0.304356108
 -24850.000000000  -65.931730881   -0.305846051
 -24848.500000000  -65.471871191   -0.307292938
 -24847.000000000  -65.009874100   -0.308695764
 -24845.500000000  -64.545806367   -0.310053661
 -24844.000000000  -64.079735947   -0.311365904
 -24842.500000000  -63.611731777   -0.312631906
 -24841.000000000  -63.141863580   -0.313851210
 -24839.500000000  -62.670201662   -0.315023490
 -24838.000000000  -62.196816724   -0.316148547
 -24836.500000000  -61.721779675   -0.317226302
 -24835.000000000  -61.245161453   -0.318256793
 -24833.500000000  -60.767032853   -0.319240173
 -24832.000000000  -60.287464361   -0.320176701
 -24830.500000000  -59.806525998   -0.321066737
 -24829.000000000  -59.324287167   -0.321910743
 -24827.500000000  -58.840816511   -0.322709270
 -24826.000000000  -58.356181779   -0.323462958
 -24824.500000000  -57.870449698   -0.324172529
 -24823.000000000  -57.383685854   -0.324838781
 -24821.500000000  -56.895954580   -0.325462585
 -24820.000000000  -56.407318856   -0.326044876
 -24818.500000000  -55.917840210   -0.326586651
 -24817.000000000  -55.427578635   -0.327088962
 -24815.500000000  -54.936592507   -0.327552908
 -24814.000000000  -54.444938519   -0.327979638
 -24812.500000000  -53.952671610   -0.328370335
 -24811.000000000  -53.459844920   -0.328726220
 -24809.500000000  -52.966509732   -0.329048542
 -24808.000000000  -52.472715440   -0.329338573
 -24806.500000000  -51.978509513   -0.329597605
 -24805.000000000  -51.483937469   -0.329826947
 -24803.500000000  -50.989042858   -0.330027916
 -24802.000000000  -50.493867247   -0.330201834
 -24800.500000000  -49.998450218   -0.330350027
 -24799.000000000  -49.502829369   -0.330473815
 -24797.500000000  -49.007040318   -0.330574514
 -24796.000000000  -48.511116719   -0.330653429
 -24794.500000000  -48.015090279   -0.330711849
 -24793.000000000  -47.518990783   -0.330751048
 -24791.500000000  -47.022846121   -0.330772276
 -24790.000000000  -46.526682325   -0.330776762
 -24788.500000000  -46.030523605   -0.330765706
 -24787.000000000  -45.534392392   -0.330740278
 -24785.500000000  -45.038309387   -0.330701616
 -24784.000000000  -44.542293608   -0.330650824
 -24782.500000000  -44.046362448   -0.330588966
 -24781.000000000  -43.550531729   -0.330517070
 -24779.500000000  -43.054815763   -0.330436122
 -24778.000000000  -42.559227418   -0.330347063
 -24776.500000000  -42.063778179   -0.330250793
 -24775.000000000  -41.568478217   -0.330148164
 -24773.500000000  -41.073336461   -0.330039983
 -24772.000000000  -40.578360666   -0.329927006
 -24770.500000000  -40.083557486   -0.329809944
 -24769.000000000  -39.588932547   -0.329689455
 -24767.500000000  -39.094490526   -0.329566151
 -24766.000000000  -38.600235220   -0.329440591
 -24764.500000000  -38.106169626   -0.329313283
 -24763.000000000  -37.612296014   -0.329184687
 -24761.500000000  -37.118616006   -0.329055209
 -24760.000000000  -36.625130649   -0.328925207
 -24758.500000000  -36.131840491   -0.328794990
 -24757.000000000  -35.638745658   -0.328664814
 -24755.500000000  -35.145845923   -0.328534889
 -24754.000000000  -34.653140785   -0.328405375
 -24752.500000000  -34.160629536   -0.328276385
 -24751.000000000  -33.668311334   -0.328147986
 -24749.500000000  -33.176185272   -0.328020198
 -24748.000000000  -32.684250445   -0.327892999
 -24746.500000000  -32.192506015   -0.327766320
 -24745.000000000  -31.700951277   -0.327640054
 -24743.500000000  -31.209585721   -0.327514051
 -24742.000000000  -30.718409088   -0.327388121
 -24740.500000000  -30.227421433   -0.327262039
 -24739.000000000  -29.736623178   -0.327135541
 -24737.500000000  -29.246015164   -0.327008331
 -24736.000000000  -28.755598706   -0.326880078
 -24734.500000000  -28.265375633   -0.326750420
 -24733.000000000  -27.775348344   -0.326618966
 -24731.500000000  -27.285519841   -0.326485298
 -24730.000000000  -26.795893778   -0.326348971
 -24728.500000000  -26.306474492   -0.326209516
 -24727.000000000  -25.817267040   -0.326066442
 -24725.500000000  -25.328277232   -0.325919237
 -24724.000000000  -24.839511659   -0.325767372
 -24722.500000000  -24.350977721   -0.325610299
 -24721.000000000  -23.862683647   -0.325447457
 -24719.500000000  -23.374638521   -0.325278272
 -24718.000000000  -22.886852296   -0.325102157
 -24716.500000000  -22.399335811   -0.324918519
 -24715.000000000  -21.912100801   -0.324726755
 -24713.500000000  -21.425159912   -0.324526257
 -24712.000000000  -20.938526702   -0.324316414
 -24710.500000000  -20.452215650   -0.324096611
 -24709.000000000  -19.966242155   -0.323866235
 -24707.500000000  -19.480622537   -0.323624674
 -24706.000000000  -18.995374032   -0.323371317
 -24704.500000000  -18.510514788   -0.323105559
 -24703.000000000  -18.026063854   -0.322826803
 -24701.500000000  -17.542041174   -0.322534457
 -24700.000000000  -17.058467570   -0.322227939
 -24698.500000000  -16.575364730   -0.321906678
 -24697.000000000  -16.092755187   -0.321570116
 -24695.500000000  -15.610662304   -0.321217708
 -24694.000000000  -15.129110253   -0.320848921
 -24692.500000000  -14.648123988   -0.320463242
 -24691.000000000  -14.167729222   -0.320060173
 -24689.500000000  -13.687952403   -0.319639235
 -24688.000000000  -13.208820683   -0.319199966
 -24686.500000000  -12.730361889   -0.318741928
 -24685.000000000  -12.252604492   -0.318264702
 -24683.500000000  -11.775577576   -0.317767890
 -24682.000000000  -11.299310800   -0.317251120
 -24680.500000000  -10.823834370   -0.316714041
 -24679.000000000  -10.349178996   -0.316156326
 -24677.500000000   -9.875375859   -0.315577676
 -24676.000000000   -9.402456573   -0.314977815
 -24674.500000000   -8.930453145   -0.314356493
 -24673.000000000   -8.459397936   -0.313713487
 -24671.500000000   -7.989323623   -0.313048602
 -24670.000000000   -7.520263156   -0.312361667
 -24668.500000000   -7.052249719   -0.311652541
 -24667.000000000   -6.585316687   -0.310921110
 -24665.500000000   -6.119497586   -0.310167287
 -24664.000000000   -5.654826053   -0.309391012
 -24662.500000000   -5.191335790   -0.308592256
 -24661.000000000   -4.729060527   -0.307771015
 -24659.500000000   -4.268033978   -0.306927312
 -24658.000000000   -3.808289798   -0.306061199
 -24656.500000000   -3.349861548   -0.305172754
 -24655.000000000   -2.892782648   -0.304262085
 -24653.500000000   -2.437086340   -0.303329322
 -24652.000000000   -1.982805648   -0.302374626
 -24650.500000000   -1.529973337   -0.301398180
 -24649.000000000   -1.078621878   -0.300400195
 -24647.500000000   -0.628783405   -0.299380905
 -24646.000000000   -0.180489684   -0.298340572
 -24644.500000000    0.266227928   -0.297279477
 -24643.000000000    0.711338518   -0.296197927
 -24641.500000000    1.154811648   -0.295096253
 -24640.000000000    1.596617391   -0.293974805
 -24638.500000000    2.036726363   -0.292833957
 -24637.000000000    2.475109756   -0.291674100
 -24635.500000000    2.911739365   -0.290495648
 -24634.000000000    3.346587617   -0.289299032
 -24632.500000000    3.779627603   -0.288084702
 -24631.000000000    4.210833099   -0.286853126
 -24629.500000000    4.640178597   -0.285604786
 -24628.000000000    5.067639323   -0.284340181
 -24626.500000000    5.493191264   -0.283059825
 -24625.000000000    5.916811186   -0.281764245
 -24623.500000000    6.338476657   -0.280453981
 -24622.000000000    6.758166063   -0.279129584
 -24620.500000000    7.175858624   -0.277791617
 -24619.000000000    7.591534415   -0.276440653
 -24617.500000000    8.005174374   -0.275077271
 -24616.000000000    8.416760315   -0.273702063
 -24614.500000000    8.826274946   -0.272315623
 -24613.000000000    9.233701869   -0.270918553
 -24611.500000000    9.639025595   -0.269511462
 -24610.000000000   10.042231550   -0.268094960
 -24608.500000000   10.443306077   -0.266669662
 -24607.000000000   10.842236444   -0.265236183
 -24605.500000000   11.239010844   -0.263795141
 -24604.000000000   11.633618395   -0.262347155
 -24602.500000000   12.026049144   -0.260892840
 -24601.000000000   12.416294061   -0.259432814
 -24599.500000000   12.804345036   -0.257967688
 -24598.000000000   13.190194879   -0.256498072
 -24596.500000000   13.573837310   -0.255024572
 -24595.000000000   13.955266952   -0.253547787
 -24593.500000000   14.334479324   -0.252068311
 -24592.000000000   14.711470834   -0.250586733
 -24590.500000000   15.086238763   -0.249103632
 -24589.000000000   15.458781255   -0.247619579
 -24587.500000000   15.829097305   -0.246135137
 -24586.000000000   16.197186747   -0.244650858
 -24584.500000000   16.563050231   -0.243167284
 -24583.000000000   16.926689217   -0.241684946
 -24581.500000000   17.288105948   -0.240204364
 -24580.000000000   17.647303438   -0.238726042
 -24578.500000000   18.004285453   -0.237250476
 -24577.000000000   18.359056485   -0.235778145
 -24575.500000000   18.711621739   -0.234309515
 -24574.000000000   19.061987105   -0.232845036
 -24572.500000000   19.410159140   -0.231385144
 -24571.000000000   19.756145042   -0.229930261
 -24569.500000000   20.099952630   -0.228480790
 -24568.000000000   20.441590314   -0.227037120
 -24566.500000000   20.781067076   -0.225599621
 -24565.000000000   21.118392442   -0.224168649
 -24563.500000000   21.453576454   -0.222744539
 -24562.000000000   21.786629650   -0.221327612
 -24560.500000000   22.117563032   -0.219918169
 -24559.000000000   22.446388040   -0.218516493
 -24557.500000000   22.773116527   -0.217122850
 -24556.000000000   23.097760730   -0.215737487
 -24554.500000000   23.420333244   -0.214360634
 -24553.000000000   23.740846991   -0.212992499
 -24551.500000000   24.059315196   -0.211633275
 -24550.000000000   24.375751359   -0.210283136
 -24548.500000000   24.690169223   -0.208942235
 -24547.000000000   25.002582753   -0.207610710
 -24545.500000000   25.313006101   -0.206288678
 -24544.000000000   25.621453585   -0.204976240
 -24542.500000000   25.927939657   -0.203673476
 -24541.000000000   26.232478881   -0.202380450
 -24539.500000000   26.535085899   -0.201097208
 -24538.000000000   26.835775413   -0.199823779
 -24536.500000000   27.134562150   -0.198560174
 -24535.000000000   27.431460843   -0.197306386
 -24533.500000000   27.726486205   -0.196062392
 -24532.000000000   28.019652899   -0.194828154
 -24530.500000000   28.310975518   -0.193603616
 -24529.000000000   28.600468562   -0.192388707
 -24527.500000000   28.888146410   -0.191183339
 -24526.000000000   29.174023300   -0.189987412
 -24524.500000000   29.458113310   -0.188800810
 -24523.000000000   29.740430327   -0.187623401
 -24521.500000000   30.020988039   -0.186455043
 -24520.000000000   30.299799902   -0.185295576
 -24518.500000000   30.576879129   -0.184144833
 -24517.000000000   30.852238669   -0.183002629
 -24515.500000000   31.125891189   -0.181868771
 -24514.000000000   31.397849053   -0.180743053
 -24512.500000000   31.668124311   -0.179625260
 -24511.000000000   31.936728683   -0.178515165
 -24509.500000000   32.203673538   -0.177412532
 -24508.000000000   32.468969887   -0.176317116
 -24506.500000000   32.732628366   -0.175228663
 -24505.000000000   32.994659226   -0.174146912
 -24503.500000000   33.255072319   -0.173071594
 -24502.000000000   33.513877087   -0.172002433
 -24500.500000000   33.771082556   -0.170939148
 -24499.000000000   34.026697325   -0.169881451
 -24497.500000000   34.280729557   -0.168829050
 -24496.000000000   34.533186973   -0.167781647
 -24494.500000000   34.784076846   -0.166738942
 -24493.000000000   35.033405996   -0.165700631
 -24491.500000000   35.281180782   -0.164666407
 -24490.000000000   35.527407106   -0.163635962
 -24488.500000000   35.772090402   -0.162608985
 -24487.000000000   36.015235639   -0.161585165
 -24485.500000000   36.256847320   -0.160564191
 -24484.000000000   36.496929479   -0.159545751
 -24482.500000000   36.735485684   -0.158529534
 -24481.000000000   36.972519039   -0.157515233
 -24479.500000000   37.208032185   -0.156502538
 -24478.000000000   37.442027303   -0.155491145
 -24476.500000000   37.674506120   -0.154480752
 -24475.000000000   37.905469911   -0.153471061
 -24473.500000000   38.134919505   -0.152461775
 -24472.000000000   38.362855295   -0.151452606
 -24470.500000000   38.589277239   -0.150443268
 -24469.000000000   38.814184873   -0.149433479
 -24467.500000000   39.037577315   -0.148422966
 -24466.000000000   39.259453276   -0.147411461
 -24464.500000000   39.479811071   -0.146398702
 -24463.000000000   39.698648627   -0.145384433
 -24461.500000000   39.915963493   -0.144368409
 -24460.000000000   40.131752856   -0.143350389
 -24458.500000000   40.346013546   -0.142330142
 -24457.000000000   40.558742056   -0.141307445
 -24455.500000000   40.769934548   -0.140282083
 -24454.000000000   40.979586870   -0.139253852
 -24452.500000000   41.187694571   -0.138222556
 -24451.000000000   41.394252912   -0.137188008
 -24449.500000000   41.599256882   -0.136150033
 -24448.000000000   41.802701213   -0.135108463
 -24446.500000000   42.004580395   -0.134063142
 -24445.000000000   42.204888691   -0.133013926
 -24443.500000000   42.403620156   -0.131960678
 -24442.000000000   42.600768648   -0.130903275
 -24440.500000000   42.796327846   -0.129841603
 -24439.000000000   42.990291270   -0.128775560
 -24437.500000000   43.182652293   -0.127705054
 -24436.000000000   43.373404159   -0.126630005
 -24434.500000000   43.562540001   -0.125550344
 -24433.000000000   43.750052855   -0.124466013
 -24431.500000000   43.935935682   -0.123376966
 -24430.000000000   44.120181379   -0.122283168
 -24428.500000000   44.302782798   -0.121184594
 -24427.000000000   44.483732766   -0.120081231
 -24425.500000000   44.663024097   -0.118973078
 -24424.000000000   44.840649610   -0.117860144
 -24422.500000000   45.016602147   -0.116742448
 -24421.000000000   45.190874588   -0.115620022
 -24419.500000000   45.363459868   -0.114492907
 -24418.000000000   45.534350991   -0.113361155
 -24416.500000000   45.703541047   -0.112224830
 -24415.000000000   45.871023228   -0.111084002
 -24413.500000000   46.036790844   -0.109938756
 -24412.000000000   46.200837332   -0.108789183
 -24410.500000000   46.363156279   -0.107635385
 -24409.000000000   46.523741429   -0.106477473
 -24407.500000000   46.682586703   -0.105315569
 -24406.000000000   46.839686204   -0.104149800
 -24404.500000000   46.995034240   -0.102980305
 -24403.000000000   47.148625328   -0.101807229
 -24401.500000000   47.300454212   -0.100630725
 -24400.000000000   47.450515871   -0.099450956
 -24398.500000000   47.598805531   -0.098268089
 -24397.000000000   47.745318677   -0.097082301
 -24395.500000000   47.890051062   -0.095893772
 -24394.000000000   48.032998717   -0.094702692
 -24392.500000000   48.174157959   -0.093509254
 -24391.000000000   48.313525401   -0.092313659
 -24389.500000000   48.451097960   -0.091116111
 -24388.000000000   48.586872862   -0.089916819
 -24386.500000000   48.720847652   -0.088715998
 -24385.000000000   48.853020200   -0.087513866
 -24383.500000000   48.983388704   -0.086310643
 -24382.000000000   49.111951696   -0.085106555
 -24380.500000000   49.238708050   -0.083901829
 -24379.000000000   49.363656981   -0.082696696
 -24377.500000000   49.486798049   -0.081491386
 -24376.000000000   49.608131167   -0.080286133
 -24374.500000000   49.727656595   -0.079081172
 -24373.000000000   49.845374947   -0.077876738
 -24371.500000000   49.961287191   -0.076673067
 -24370.000000000   50.075394648   -0.075470394
 -24368.500000000   50.187698991   -0.074268955
 -24367.000000000   50.298202247   -0.073068984
 -24365.500000000   50.406906793   -0.071870713
 -24364.000000000   50.513815353   -0.070674375
 -24362.500000000   50.618930999   -0.069480198
 -24361.000000000   50.722257142   -0.068288410
 -24359.500000000   50.823797536   -0.067099235
 -24358.000000000   50.923556265   -0.065912894
 -24356.500000000   51.021537744   -0.064729604
 -24355.000000000   51.117746711   -0.063549580
 -24353.500000000   51.212188221   -0.062373030
 -24352.000000000   51.304867641   -0.061200159
 -24350.500000000   51.395790639   -0.060031168
 -24349.000000000   51.484963183   -0.058866252
 -24347.500000000   51.572391526   -0.057705598
 -24346.000000000   51.658082201   -0.056549392
 -24344.500000000   51.742042015   -0.055397811
 -24343.000000000   51.824278031   -0.054251024
 -24341.500000000   51.904797568   -0.053109198
 -24340.000000000   51.983608184   -0.051972489
 -24338.500000000   52.060717667   -0.050841047
 -24337.000000000   52.136134029   -0.049715015
 -24335.500000000   52.209865485   -0.048594529
 -24334.000000000   52.281920453   -0.047479716
 -24332.500000000   52.352307531   -0.046370696
 -24331.000000000   52.421035493   -0.045267580
 -24329.500000000   52.488113274   -0.044170470
 -24328.000000000   52.553549955   -0.043079462
 -24326.500000000   52.617354755   -0.041994642
 -24325.000000000   52.679537013   -0.040916086
 -24323.500000000   52.740106178   -0.039843862
 -24322.000000000   52.799071795   -0.038778031
 -24320.500000000   52.856443491   -0.037718642
 -24319.000000000   52.912230962   -0.036665736
 -24317.500000000   52.966443958   -0.035619346
 -24316.000000000   53.019092271   -0.034579495
 -24314.500000000   53.070185720   -0.033546197
 -24313.000000000   53.119734140   -0.032519456
 -24311.500000000   53.167747363   -0.031499267
 -24310.000000000   53.214235210   -0.030485617
 -24308.500000000   53.259207472   -0.029478483
 -24307.000000000   53.302673901   -0.028477833
 -24305.500000000   53.344644193   -0.027483627
 -24304.000000000   53.385127977   -0.026495814
 -24302.500000000   53.424134802   -0.025514336
 -24301.000000000   53.461674120   -0.024539127
 -24299.500000000   53.497755278   -0.023570110
 -24298.000000000   53.532387503   -0.022607201
 -24296.500000000   53.565579888   -0.021650307
 -24295.000000000   53.597341383   -0.020699330
 -24293.500000000   53.627680781   -0.019754159
 -24292.000000000   53.656606707   -0.018814680
 -24290.500000000   53.684127605   -0.017880768
 -24289.000000000   53.710251730   -0.016952293
 -24287.500000000   53.734987134   -0.016029117
 -24286.000000000   53.758341658   -0.015111095
 -24284.500000000   53.780322921   -0.014198076
 -24283.000000000   53.800938309   -0.013289903
 -24281.500000000   53.820194970   -0.012386411
 -24280.000000000   53.838099798   -0.011487431
 -24278.500000000   53.854659433   -0.010592790
 -24277.000000000   53.869880247   -0.009702306
 -24275.500000000   53.883768338   -0.008815795
 -24274.000000000   53.896329524   -0.007933068
 -24272.500000000   53.907569336   -0.007053930
 -24271.000000000   53.917493011   -0.006178185
 -24269.500000000   53.926105487   -0.005305632
 -24268.000000000   53.933411400   -0.004436066
 -24266.500000000   53.939415074   -0.003569279
 -24265.000000000   53.944120523   -0.002705063
 -24263.500000000   53.947531444   -0.001843206
 -24262.000000000   53.949651214   -0.000983494
 -24260.500000000   53.950482890   -0.000125711
 -24259.000000000   53.950029204    0.000730358
 -24257.500000000   53.948292565    0.001584930
 -24256.000000000   53.945275053    0.002438223
 -24254.500000000   53.940978426    0.003290454
 -24253.000000000   53.935404113    0.004141840
 -24251.500000000   53.928553220    0.004992597
 -24250.000000000   53.920426528    0.005842940
 -24248.500000000   53.911024499    0.006693083
 -24247.000000000   53.900347273    0.007543238
 -24245.500000000   53.888394675    0.008393614
 -24244.000000000   53.875166218    0.009244418
 -24242.500000000   53.860661105    0.010095855
 -24241.000000000   53.844878236    0.010948125
 -24239.500000000   53.827816213    0.011801427
 -24238.000000000   53.809473342    0.012655953
 -24236.500000000   53.789847646    0.013511893
 -24235.000000000   53.768936864    0.014369431
 -24233.500000000   53.746738462    0.015228748
 -24232.000000000   53.723249643    0.016090018
 -24230.500000000   53.698467347    0.016953410
 -24229.000000000   53.672388271    0.017819087
 -24227.500000000   53.645008865    0.018687207
 -24226.000000000   53.616325353    0.019557921
 -24224.500000000   53.586333734    0.020431372
 -24223.000000000   53.555029798    0.021307700
 -24221.500000000   53.522409132    0.022187033
 -24220.000000000   53.488467136    0.023069494
 -24218.500000000   53.453199027    0.023955201
 -24217.000000000   53.416599857    0.024844259
 -24215.500000000   53.378664524    0.025736769
 -24214.000000000   53.339387778    0.026632823
 -24212.500000000   53.298764243    0.027532503
 -24211.000000000   53.256788419    0.028435884
 -24209.500000000   53.213454706    0.029343034
 -24208.000000000   53.168757406    0.030254008
 -24206.500000000   53.122690745    0.031168856
 -24205.000000000   53.075248882    0.032087617
 -24203.500000000   53.026425923    0.033010322
 -24202.000000000   52.976215935    0.033936991
 -24200.500000000   52.924612960    0.034867638
 -24199.000000000   52.871611029    0.035802266
 -24197.500000000   52.817204175    0.036740867
 -24196.000000000   52.761386448    0.037683427
 -24194.500000000   52.704151929    0.038629920
 -24193.000000000   52.645494740    0.039580312
 -24191.500000000   52.585409064    0.040534560
 -24190.000000000   52.523889157    0.041492612
 -24188.500000000   52.460929357    0.042454406
 -24187.000000000   52.396524104    0.043419870
 -24185.500000000   52.330667950    0.044388927
 -24184.000000000   52.263355573    0.045361486
 -24182.500000000   52.194581789    0.046337451
 -24181.000000000   52.124341570    0.047316716
 -24179.500000000   52.052630049    0.048299167
 -24178.000000000   51.979442538    0.049284681
 -24176.500000000   51.904774540    0.050273128
 -24175.000000000   51.828621757    0.051264370
 -24173.500000000   51.750980106    0.052258260
 -24172.000000000   51.671845730    0.053254645
 -24170.500000000   51.591215004    0.054253364
 -24169.000000000   51.509084554    0.055254250
 -24167.500000000   51.425451258    0.056257128
 -24166.000000000   51.340312264    0.057261817
 -24164.500000000   51.253664994    0.058268131
 -24163.000000000   51.165507154    0.059275877
 -24161.500000000   51.075836746    0.060284856
 -24160.000000000   50.984652071    0.061294865
 -24158.500000000   50.891951739    0.062305696
 -24157.000000000   50.797734677    0.063317136
 -24155.500000000   50.702000134    0.064328968
 -24154.000000000   50.604747688    0.065340971
 -24152.500000000   50.505977249    0.066352920
 -24151.000000000   50.405689069    0.067364588
 -24149.500000000   50.303883739    0.068375746
 -24148.000000000   50.200562201    0.069386161
 -24146.500000000   50.095725745    0.070395599
 -24145.000000000   49.989376012    0.071403823
 -24143.500000000   49.881515001    0.072410597
 -24142.000000000   49.772145065    0.073415684
 -24140.500000000   49.661268912    0.074418845
 -24139.000000000   49.548889611    0.075419844
 -24137.500000000   49.435010582    0.076418442
 -24136.000000000   49.319635603    0.077414404
 -24134.500000000   49.202768805    0.078407495
 -24133.000000000   49.084414669    0.079397483
 -24131.500000000   48.964578024    0.080384136
 -24130.000000000   48.843264042    0.081367227
 -24128.500000000   48.720478235    0.082346532
 -24127.000000000   48.596226451    0.083321828
 -24125.500000000   48.470514865    0.084292898
 -24124.000000000   48.343349975    0.085259531
 -24122.500000000   48.214738595    0.086221517
 -24121.000000000   48.084687849    0.087178653
 -24119.500000000   47.953205160    0.088130742
 -24118.000000000   47.820298242    0.089077593
 -24116.500000000   47.685975092    0.090019021
 -24115.000000000   47.550243980    0.090954847
 -24113.500000000   47.413113439    0.091884899
 -24112.000000000   47.274592251    0.092809015
 -24110.500000000   47.134689441    0.093727037
 -24109.000000000   46.993414259    0.094638819
 -24107.500000000   46.850776173    0.095544221
 -24106.000000000   46.706784853    0.096443111
 -24104.500000000   46.561450155    0.097335370
 -24103.000000000   46.414782116    0.098220884
 -24101.500000000   46.266790928    0.099099550
 -24100.000000000   46.117486934    0.099971278
 -24098.500000000   45.966880606    0.100835984
 -24097.000000000   45.814982530    0.101693596
 -24095.500000000   45.661803397    0.102544053
 -24094.000000000   45.507353976    0.103387304
 -24092.500000000   45.351645107    0.104223311
 -24091.000000000   45.194687680    0.105052045
 -24089.500000000   45.036492618    0.105873488
 -24088.000000000   44.877070863    0.106687637
 -24086.500000000   44.716433352    0.107494497
 -24085.000000000   44.554591008    0.108294085
 -24083.500000000   44.391554717    0.109086433
 -24082.000000000   44.227335310    0.109871580
 -24080.500000000   44.061943550    0.110649581
 -24079.000000000   43.895390108    0.111420501
 -24077.500000000   43.727685548    0.112184418
 -24076.000000000   43.558840312    0.112941419
 -24074.500000000   43.388864698    0.113691607
 -24073.000000000   43.217768843    0.114435093
 -24071.500000000   43.045562707    0.115172003
 -24070.000000000   42.872256055    0.115902472
 -24068.500000000   42.697858439    0.116626647
 -24067.000000000   42.522379182    0.117344687
 -24065.500000000   42.345827360    0.118056762
 -24064.000000000   42.168211786    0.118763053
 -24062.500000000   41.989540996    0.119463751
 -24061.000000000   41.809823229    0.120159058
 -24059.500000000   41.629066412    0.120849186
 -24058.000000000   41.447278150    0.121534357
 -24056.500000000   41.264465705    0.122214803
 -24055.000000000   41.080635984    0.122890765
 -24053.500000000   40.895795528    0.123562493
 -24052.000000000   40.709950493    0.124230246
 -24050.500000000   40.523106645    0.124894290
 -24049.000000000   40.335269339    0.125554902
 -24047.500000000   40.146443514    0.126212362
 -24046.000000000   39.956633682    0.126866961
 -24044.500000000   39.765843914    0.127518994
 -24043.000000000   39.574077831    0.128168764
 -24041.500000000   39.381338601    0.128816577
 -24040.000000000   39.187628923    0.129462746
 -24038.500000000   38.992951025    0.130107590
 -24037.000000000   38.797306656    0.130751428
 -24035.500000000   38.600697081    0.131394586
 -24034.000000000   38.403123074    0.132037392
 -24032.500000000   38.204584917    0.132680175
 -24031.000000000   38.005082394    0.133323268
 -24029.500000000   37.804614792    0.133967003
 -24028.000000000   37.603180898    0.134611713
 -24026.500000000   37.400778998    0.135257733
 -24025.000000000   37.197406878    0.135905395
 -24023.500000000   36.993061826    0.136555030
 -24022.000000000   36.787740636    0.137206967
 -24020.500000000   36.581439610    0.137861534
 -24019.000000000   36.374154560    0.138519052
 -24017.500000000   36.165880818    0.139179842
 -24016.000000000   35.956613240    0.139844218
 -24014.500000000   35.746346216    0.140512489
 -24013.000000000   35.535073673    0.141184959
 -24011.500000000   35.322789092    0.141861923
 -24010.000000000   35.109485513    0.142543671
 -24008.500000000   34.895155548    0.143230483
 -24007.000000000   34.679791394    0.143922633
 -24005.500000000   34.463384849    0.144620382
 -24004.000000000   34.245927322    0.145323984
 -24002.500000000   34.027409851    0.146033679
 -24001.000000000   33.807823121    0.146749700
 -23999.500000000   33.587157479    0.147472264
 -23998.000000000   33.365402955    0.148201577
 -23996.500000000   33.142549278    0.148937831
 -23995.000000000   32.918585900    0.149681206
 -23993.500000000   32.693502017    0.150431865
 -23992.000000000   32.467286588    0.151189957
 -23990.500000000   32.239928361    0.151955616
 -23989.000000000   32.011415898    0.152728958
 -23987.500000000   31.781737596    0.153510083
 -23986.000000000   31.550881715    0.154299075
 -23984.500000000   31.318836404    0.155095999
 -23983.000000000   31.085589729    0.155900901
 -23981.500000000   30.851129699    0.156713809
 -23980.000000000   30.615444295    0.157534732
 -23978.500000000   30.378521499    0.158363661
 -23977.000000000   30.140349325    0.159200563
 -23975.500000000   29.900915849    0.160045388
 -23974.000000000   29.660209236    0.160898064
 -23972.500000000   29.418217777    0.161758498
 -23971.000000000   29.174929918    0.162626577
 -23969.500000000   28.930334290    0.163502166
 -23968.000000000   28.684419745    0.164385106
 -23966.500000000   28.437175387    0.165275218
 -23965.000000000   28.188590604    0.166172303
 -23963.500000000   27.938655104    0.167076135
 -23962.000000000   27.687358946    0.167986471
 -23960.500000000   27.434692573    0.168903042
 -23959.000000000   27.180646848    0.169825557
 -23957.500000000   26.925213085    0.170753705
 -23956.000000000   26.668383084    0.171687151
 -23954.500000000   26.410149162    0.172625537
 -23953.000000000   26.150504191    0.173568486
 -23951.500000000   25.889441623    0.174515596
 -23950.000000000   25.626955532    0.175466446
 -23948.500000000   25.363040637    0.176420592
 -23947.000000000   25.097692341    0.177377569
 -23945.500000000   24.830906758    0.178336892
 -23944.000000000   24.562680746    0.179298055
 -23942.500000000   24.293011935    0.180260533
 -23941.000000000   24.021898761    0.181223781
 -23939.500000000   23.749340489    0.182187235
 -23938.000000000   23.475337245    0.183150312
 -23936.500000000   23.199890042    0.184112412
 -23935.000000000   22.923000807    0.185072917
 -23933.500000000   22.644672405    0.186031194
 -23932.000000000   22.364908665    0.186986592
 -23930.500000000   22.083714402    0.187938445
 -23929.000000000   21.801095440    0.188886075
 -23927.500000000   21.517058634    0.189828788
 -23926.000000000   21.231611887    0.190765878
 -23924.500000000   20.944764170    0.191696627
 -23923.000000000   20.656525539    0.192620307
 -23921.500000000   20.366907152    0.193536179
 -23920.000000000   20.075921281    0.194443494
 -23918.500000000   19.783581326    0.195341498
 -23917.000000000   19.489901824    0.196229428
 -23915.500000000   19.194898464    0.197106515
 -23914.000000000   18.898588088    0.197971986
 -23912.500000000   18.600988702    0.198825065
 -23911.000000000   18.302119477    0.199664973
 -23909.500000000   18.002000757    0.200490930
 -23908.000000000   17.700654052    0.201302156
 -23906.500000000   17.398102045    0.202097871
 -23905.000000000   17.094368583    0.202877300
 -23903.500000000   16.789478674    0.203639671
 -23902.000000000   16.483458482    0.204384217
 -23900.500000000   16.176335317    0.205110176
 -23899.000000000   15.868137622    0.205816798
 -23897.500000000   15.558894964    0.206503338
 -23896.000000000   15.248638017    0.207169063
 -23894.500000000   14.937398543    0.207813253
 -23893.000000000   14.625209378    0.208435202
 -23891.500000000   14.312104406    0.209034215
 -23890.000000000   13.998118538    0.209609618
 -23888.500000000   13.683287688    0.210160751
 -23887.000000000   13.367648742    0.210686974
 -23885.500000000   13.051239531    0.211187669
 -23884.000000000   12.734098799    0.211662237
 -23882.500000000   12.416266169    0.212110106
 -23881.000000000   12.097782108    0.212530723
 -23879.500000000   11.778687888    0.212923566
 -23878.000000000   11.459025546    0.213288138
 -23876.500000000   11.138837845    0.213623970
 -23875.000000000   10.818168226    0.213930624
 -23873.500000000   10.497060766    0.214207693
 -23872.000000000   10.175560129    0.214454801
 -23870.500000000    9.853711514    0.214671608
 -23869.000000000    9.531560610    0.214857806
 -23867.500000000    9.209153536    0.215013125
 -23866.000000000    8.886536792    0.215137332
 -23864.500000000    8.563757196    0.215230230
 -23863.000000000    8.240861835    0.215291663
 -23861.500000000    7.917897998    0.215321515
 -23860.000000000    7.594913118    0.215319712
 -23858.500000000    7.271954708    0.215286219
 -23857.000000000    6.949070303    0.215221046
 -23855.500000000    6.626307385    0.215124246
 -23854.000000000    6.303713328    0.214995918
 -23852.500000000    5.981335324    0.214836204
 -23851.000000000    5.659220316    0.214645292
 -23849.500000000    5.337414932    0.214423416
 -23848.000000000    5.015965411    0.214170857
 -23846.500000000    4.694917538    0.213887944
 -23845.000000000    4.374316568    0.213575052
 -23843.500000000    4.054207160    0.213232604
 -23842.000000000    3.734633298    0.212861071
 -23840.500000000    3.415638229    0.212460972
 -23839.000000000    3.097264383    0.212032873
 -23837.500000000    2.779553303    0.211577389
 -23836.000000000    2.462545577    0.211095183
 -23834.500000000    2.146280761    0.210586964
 -23833.000000000    1.830797313    0.210053489
 -23831.500000000    1.516132520    0.209495563
 -23830.000000000    1.202322427    0.208914035
 -23828.500000000    0.889401770    0.208309801
 -23827.000000000    0.577403907    0.207683802
 -23825.500000000    0.266360754    0.207037024
 -23824.000000000   -0.043697287    0.206370494
 -23822.500000000   -0.352741388    0.205685285
 -23821.000000000   -0.660744357    0.204982508
 -23819.500000000   -0.967680704    0.204263316
 -23818.000000000   -1.273526693    0.203528901
 -23816.500000000   -1.578260410    0.202780493
 -23815.000000000   -1.881861807    0.202019356
 -23813.500000000   -2.184312763    0.201246791
 -23812.000000000   -2.485597133    0.200464133
 -23810.500000000   -2.785700796    0.199672744
 -23809.000000000   -3.084611698    0.198874021
 -23807.500000000   -3.382319902    0.198069385
 -23806.000000000   -3.678817619    0.197260283
 -23804.500000000   -3.974099253    0.196448187
 -23803.000000000   -4.268161429    0.195634589
 -23801.500000000   -4.561003026    0.194821002
 -23800.000000000   -4.852625205    0.194008954
 -23798.500000000   -5.143031429    0.193199988
 -23797.000000000   -5.432227488    0.192395659
 -23795.500000000   -5.720221507    0.191597531
 -23794.000000000   -6.007023968    0.190807176
 -23792.500000000   -6.292647708    0.190026167
 -23791.000000000   -6.577107930    0.189256081
 -23789.500000000   -6.860422200    0.188498492
 -23788.000000000   -7.142610441    0.187754970
 -23786.500000000   -7.423694926    0.187027077
 -23785.000000000   -7.703700263    0.186316364
 -23783.500000000   -7.982653377    0.185624369
 -23782.000000000   -8.260583489    0.184952612
 -23780.500000000   -8.537522084    0.184302595
 -23779.000000000   -8.813502883    0.183675795
 -23777.500000000   -9.088561804    0.183073664
 -23776.000000000   -9.362736921    0.182497623
 -23774.500000000   -9.636068415    0.181949062
 -23773.000000000   -9.908598524    0.181429333
 -23771.500000000  -10.180371488    0.180939750
 -23770.000000000  -10.451433483    0.180481583
 -23768.500000000  -10.721832557    0.180056057
 -23767.000000000  -10.991618561    0.179664347
 -23765.500000000  -11.260843070    0.179307578
 -23764.000000000  -11.529559300    0.178986816
 -23762.500000000  -11.797822027    0.178703071
 -23761.000000000  -12.065687495    0.178457289
 -23759.500000000  -12.333213318    0.178250353
 -23758.000000000  -12.600458383    0.178083076
 -23756.500000000  -12.867482747    0.177956202
 -23755.000000000  -13.134347525    0.177870399
 -23753.500000000  -13.401114779    0.177826262
 -23752.000000000  -13.667847402    0.177824303
 -23750.500000000  -13.934608994    0.177864953
 -23749.000000000  -14.201463741    0.177948561
 -23747.500000000  -14.468476286    0.178075385
 -23746.000000000  -14.735711592    0.178245598
 -23744.500000000  -15.003234814    0.178459279
 -23743.000000000  -15.271111157    0.178716415
 -23741.500000000  -15.539405733    0.179016897
 -23740.000000000  -15.808183420    0.179360520
 -23738.500000000  -16.077508715    0.179746982
 -23737.000000000  -16.347445584    0.180175877
 -23735.500000000  -16.618057313    0.180646703
 -23734.000000000  -16.889406355    0.181158852
 -23732.500000000  -17.161554176    0.181711615
 -23731.000000000  -17.434561103    0.182304181
 -23729.500000000  -17.708486163    0.182935632
 -23728.000000000  -17.983386933    0.183604949
 -23726.500000000  -18.259319381    0.184311006
 -23725.000000000  -18.536337710    0.185052576
 -23723.500000000  -18.814494202    0.185828328
 -23722.000000000  -19.093839068    0.186636826
 -23720.500000000  -19.374420288    0.187476536
 -23719.000000000  -19.656283466    0.188345822
 -23717.500000000  -19.939471677    0.189242949
 -23716.000000000  -20.224025319    0.190166084
 -23714.500000000  -20.509981972    0.191113301
 -23713.000000000  -20.797376256    0.192082580
 -23711.500000000  -21.086239690    0.193071811
 -23710.000000000  -21.376600566    0.194078795
 -23708.500000000  -21.668483813    0.195101251
 -23707.000000000  -21.961910876    0.196136816
 -23705.500000000  -22.256899597    0.197183050
 -23704.000000000  -22.553464104    0.198237439
 -23702.500000000  -22.851614700    0.199297400
 -23701.000000000  -23.151357767    0.200360287
 -23699.500000000  -23.452695670    0.201423392
 -23698.000000000  -23.755626672    0.202483954
 -23696.500000000  -24.060144856    0.203539162
 -23695.000000000  -24.366240055    0.204586162
 -23693.500000000  -24.673897792    0.205622061
 -23692.000000000  -24.983099228    0.206643936
 -23690.500000000  -25.293821115    0.207648838
 -23689.000000000  -25.606035771    0.208633798
 -23687.500000000  -25.919711049    0.209595838
 -23686.000000000  -26.234810333    0.210531974
 -23684.500000000  -26.551292529    0.211439225
 -23683.000000000  -26.869112081    0.212314622
 -23681.500000000  -27.188218990    0.213155210
 -23680.000000000  -27.508558845    0.213958066
 -23678.500000000  -27.830072874    0.214720297
 -23677.000000000  -28.152697997    0.215439053
 -23675.500000000  -28.476366896    0.216111537
 -23674.000000000  -28.801008101    0.216735010
 -23672.500000000  -29.126546083    0.217306801
 -23671.000000000  -29.452901365    0.217824317
 -23669.500000000  -29.779990642    0.218285050
 -23668.000000000  -30.107726916    0.218686586
 -23666.500000000  -30.436019646    0.219026616
 -23665.000000000  -30.764774909    0.219302941
 -23663.500000000  -31.093895575    0.219513484
 -23662.000000000  -31.423281493    0.219656298
 -23660.500000000  -31.752829697    0.219729574
 -23659.000000000  -32.082434614    0.219731651
 -23657.500000000  -32.411988296    0.219661023
 -23656.000000000  -32.741380655    0.219516345
 -23654.500000000  -33.070499719    0.219296448
 -23653.000000000  -33.399231890    0.219000339
 -23651.500000000  -33.727462224    0.218627213
 -23650.000000000  -34.055074712    0.218176460
 -23648.500000000  -34.381952582    0.217647670
 -23647.000000000  -34.707978597    0.217040639
 -23645.500000000  -35.033035382    0.216355381
 -23644.000000000  -35.357005736    0.215592123
 -23642.500000000  -35.679772975    0.214751322
 -23641.000000000  -36.001221266    0.213833659
 -23639.500000000  -36.321235974    0.212840050
 -23638.000000000  -36.639704015    0.211771647
 -23636.500000000  -36.956514211    0.210629841
 -23635.000000000  -37.271557649    0.209416263
 -23633.500000000  -37.584728047    0.208132786
 -23632.000000000  -37.895922113    0.206781527
 -23630.500000000  -38.205039911    0.205364842
 -23629.000000000  -38.511985222    0.203885331
 -23627.500000000  -38.816665907    0.202345833
 -23626.000000000  -39.118994262    0.200749422
 -23624.500000000  -39.418887365    0.199099402
 -23623.000000000  -39.716267428    0.197399308
 -23621.500000000  -40.011062126    0.195652893
 -23620.000000000  -40.303204928    0.193864125
 -23618.500000000  -40.592635407    0.192037176
 -23617.000000000  -40.879299546    0.190176415
 -23615.500000000  -41.163150021    0.188286398
 -23614.000000000  -41.444146472    0.186371852
 -23612.500000000  -41.722255754    0.184437666
 -23611.000000000  -41.997452166    0.182488877
 -23609.500000000  -42.269717663    0.180530650
 -23608.000000000  -42.539042037    0.178568268
 -23606.500000000  -42.805423075    0.176607106
 -23605.000000000  -43.068866692    0.174652621
 -23603.500000000  -43.329387030    0.172710322
 -23602.000000000  -43.587006523    0.170785754
 -23600.500000000  -43.841755937    0.168884476
 -23599.000000000  -44.093674367    0.167012031
 -23597.500000000  -44.342809199    0.165173924
 -23596.000000000  -44.589216031    0.163375597
 -23594.500000000  -44.832958556    0.161622398
 -23593.000000000  -45.074108404    0.159919552
 -23591.500000000  -45.312744931    0.158272136
 -23590.000000000  -45.548954974    0.156685039
 -23588.500000000  -45.782832552    0.155162941
 -23587.000000000  -46.014478517    0.153710272
 -23585.500000000  -46.244000164    0.152331184
 -23584.000000000  -46.471510785    0.151029514
 -23582.500000000  -46.697129168    0.149808752
 -23581.000000000  -46.920979057    0.148672006
 -23579.500000000  -47.143188547    0.147621966
 -23578.000000000  -47.363889436    0.146660872
 -23576.500000000  -47.583216521    0.145790479
 -23575.000000000  -47.801306848    0.145012021
 -23573.500000000  -48.018298904    0.144326183
 -23572.000000000  -48.234331766    0.143733063
 -23570.500000000  -48.449544204    0.143232145
 -23569.000000000  -48.664073732    0.142822268
 -23567.500000000  -48.878055625    0.142501601
 -23566.000000000  -49.091621888    0.142267614
 -23564.500000000  -49.304900195    0.142117058
 -23563.000000000  -49.518012794    0.142045943
 -23561.500000000  -49.731075384    0.142049524
 -23560.000000000  -49.944195969    0.142122287
 -23558.500000000  -50.157473704    0.142257942
 -23557.000000000  -50.370997720    0.142449418
 -23555.500000000  -50.584845957    0.142688865
 -23554.000000000  -50.799084002    0.142967663
 -23552.500000000  -51.013763947    0.143276438
 -23551.000000000  -51.228923263    0.143605082
 -23549.500000000  -51.444583732    0.143942782
 -23548.000000000  -51.660750411    0.144278064
 -23546.500000000  -51.877410676    0.144598834
 -23545.000000000  -52.094533341    0.144892445
 -23543.500000000  -52.312067870    0.145145761
 -23542.000000000  -52.529943712    0.145345244
 -23540.500000000  -52.748069766    0.145477049
 -23539.000000000  -52.966333999    0.145527132
 -23537.500000000  -53.184603243    0.145481381
 -23536.000000000  -53.402723200    0.145325755
 -23534.500000000  -53.620518662    0.145046449
 -23533.000000000  -53.837794000    0.144630070
 -23531.500000000  -54.054333933    0.144063842
 -23530.000000000  -54.269904616    0.143335830
 -23528.500000000  -54.484255083    0.142435184
 -23527.000000000  -54.697119078    0.141352416
 -23525.500000000  -54.908217322    0.140079698
 -23524.000000000  -55.117260241    0.138611195
 -23522.500000000  -55.323951225    0.136943420
 -23521.000000000  -55.527990443    0.135075634
 -23519.500000000  -55.729079275    0.133010267
 -23518.000000000  -55.926925422    0.130753394
 -23516.500000000  -56.121248734    0.128315231
 -23515.000000000  -56.311787837    0.125710688
 -23513.500000000  -56.498307609    0.122959962
 -23512.000000000  -56.680607581    0.120089172
 -23510.500000000  -56.858531339    0.117131055
 -23509.000000000  -57.031976992    0.114125702
 -23507.500000000  -57.200908803    0.111121363
 -23506.000000000  -57.365370055    0.108175301
 -23504.500000000  -57.525497263    0.105354715
 -23503.000000000  -57.681535798    0.102737723
 -23501.500000000  -57.833857061    0.100414425
 -23500.000000000  -57.982977283    0.098488025
