#! FIELDS energy b1.bias der_energy
#! SET min_energy -25000
#! SET max_energy -23500
#! SET nbins_energy  1001
#! SET periodic_energy false
 -25000.000000000 -102.063945389   -0.189685886
 -24998.500000000 -101.778942890   -0.190416483
 -24997.000000000 -101.492428650   -0.191682123
 -24995.500000000 -101.203684102   -0.193373027
 -24994.000000000 -100.912145642   -0.195392176
 -24992.500000000 -100.617386289   -0.197654255
 -24991.000000000 -100.319098867   -0.200084681
 -24989.500000000 -100.017080608   -0.202618679
 -24988.000000000  -99.711219091   -0.205200426
 -24986.500000000  -99.401479417   -0.207782246
 -24985.000000000  -99.087892562   -0.210323868
 -24983.500000000  -98.770544798   -0.212791721
 -24982.000000000  -98.449568130   -0.215158291
 -24980.500000000  -98.125131679   -0.217401513
 -24979.000000000  -97.797433924   -0.219504213
 -24977.500000000  -97.466695770   -0.221453583
 -24976.000000000  -97.133154355   -0.223240707
 -24974.500000000  -96.797057560   -0.224860108
 -24973.000000000  -96.458659159   -0.226309339
 -24971.500000000  -96.118214564   -0.227588603
 -24970.000000000  -95.775977115   -0.228700404
 -24968.500000000  -95.432194870   -0.229649226
 -24967.000000000  -95.087107865   -0.230441238
 -24965.500000000  -94.740945787   -0.231084026
 -24964.000000000  -94.393926036   -0.231586346
 -24962.500000000  -94.046252143   -0.231957902
 -24961.000000000  -93.698112499   -0.232209139
 -24959.500000000  -93.349679386   -0.232351067
 -24958.000000000  -93.001108255   -0.232395088
 -24956.500000000  -92.652537252   -0.232352850
 -24955.000000000  -92.304086952   -0.232236116
 -24953.500000000  -91.955860274   -0.232056640
 -24952.000000000  -91.607942576   -0.231826069
 -24950.500000000  -91.260401887   -0.231555848
 -24949.000000000  -90.913289273   -0.231257135
 -24947.500000000  -90.566639317   -0.230940739
 -24946.000000000  -90.220470692   -0.230617056
 -24944.500000000  -89.874786819   -0.230296017
 -24943.000000000  -89.529576596   -0.229987051
 -24941.500000000  -89.184815178   -0.229699045
 -24940.000000000  -88.840464809   -0.229440323
 -24938.500000000  -88.496475688   -0.229218620
 -24937.000000000  -88.152786861   -0.229041071
 -24935.500000000  -87.809327127   -0.228914198
 -24934.000000000  -87.466015962   -0.228843913
 -24932.500000000  -87.122764438   -0.228835508
 -24931.000000000  -86.779476145   -0.228893668
 -24929.500000000  -86.436048100   -0.229022474
 -24928.000000000  -86.092371645   -0.229225415
 -24926.500000000  -85.748333324   -0.229505400
 -24925.000000000  -85.403815740   -0.229864777
 -24923.500000000  -85.058698388   -0.230305347
 -24922.000000000  -84.712858454   -0.230828390
 -24920.500000000  -84.366171588   -0.231434678
 -24919.000000000  -84.018512643   -0.232124506
 -24917.500000000  -83.669756374   -0.232897711
 -24916.000000000  -83.319778112   -0.233753697
 -24914.500000000  -82.968454387   -0.234691462
 -24913.000000000  -82.615663523   -0.235709622
 -24911.500000000  -82.261286188   -0.236806438
 -24910.000000000  -81.905205911   -0.237979841
 -24908.500000000  -81.547309552   -0.239227460
 -24907.000000000  -81.187487742   -0.240546647
 -24905.500000000  -80.825635275   -0.241934500
 -24904.000000000  -80.461651470   -0.243387892
 -24902.500000000  -80.095440490   -0.244903496
 -24901.000000000  -79.726911628   -0.246477805
 -24899.500000000  -79.355979551   -0.248107160
 -24898.000000000  -78.982564517   -0.249787772
 -24896.500000000  -78.606592553   -0.251515743
 -24895.000000000  -78.227995601   -0.253287087
 -24893.500000000  -77.846711632   -0.255097753
 -24892.000000000  -77.462684730   -0.256943644
 -24890.500000000  -77.075865151   -0.258820634
 -24889.000000000  -76.686209346   -0.260724589
 -24887.500000000  -76.293679966   -0.262651381
 -24886.000000000  -75.898245838   -0.264596906
 -24884.500000000  -75.499881916   -0.266557099
 -24883.000000000  -75.098569215   -0.268527947
 -24881.500000000  -74.694294721   -0.270505505
 -24880.000000000  -74.287051280   -0.272485905
 -24878.500000000  -73.876837476   -0.274465368
 -24877.000000000  -73.463657486   -0.276440216
 -24875.500000000  -73.047520922   -0.278406882
 -24874.000000000  -72.628442659   -0.280361916
 -24872.500000000  -72.206442655   -0.282301994
 -24871.000000000  -71.781545753   -0.284223926
 -24869.500000000  -71.353781478   -0.286124661
 -24868.000000000  -70.923183825   -0.288001292
 -24866.500000000  -70.489791036   -0.289851061
 -24865.000000000  -70.053645377   -0.291671364
 -24863.500000000  -69.614792905   -0.293459750
 -24862.000000000  -69.173283234   -0.295213928
 -24860.500000000  -68.729169292   -0.296931768
 -24859.000000000  -68.282507089   -0.298611296
 -24857.500000000  -67.833355466   -0.300250705
 -24856.000000000  -67.381775862   -0.301848344
 -24854.500000000  -66.927832067   -0.303402724
 -24853.000000000  -66.471589986   -0.304912517
 -24851.500000000  -66.013117400   -0.306376548
 -24850.000000000  -65.552483733   -0.307793802
 -24848.500000000  -65.089759820   -0.309163411
 -24847.000000000  -64.625017683   -0.310484660
 -24845.500000000  -64.158330307   -0.311756980
 -24844.000000000  -63.689771425   -0.312979942
 -24842.500000000  -63.219415307   -0.314153258
 -24841.000000000  -62.747336555   -0.315276772
 -24839.500000000  -62.273609907   -0.316350458
 -24838.000000000  -61.798310047   -0.317374415
 -24836.500000000  -61.321511418   -0.318348862
 -24835.000000000  -60.843288052   -0.319274130
 -24833.500000000  -60.363713397   -0.320150663
 -24832.000000000  -59.882860161   -0.320979005
 -24830.500000000  -59.400800158   -0.321759800
 -24829.000000000  -58.917604167   -0.322493785
 -24827.500000000  -58.433341798   -0.323181782
 -24826.000000000  -57.948081364   -0.323824696
 -24824.500000000  -57.461889765   -0.324423504
 -24823.000000000  -56.974832379   -0.324979257
 -24821.500000000  -56.486972965   -0.325493067
 -24820.000000000  -55.998373567   -0.325966102
 -24818.500000000  -55.509094434   -0.326399587
 -24817.000000000  -55.019193948   -0.326794789
 -24815.500000000  -54.528728553   -0.327153020
 -24814.000000000  -54.037752703   -0.327475623
 -24812.500000000  -53.546318810   -0.327763975
 -24811.000000000  -53.054477204   -0.328019476
 -24809.500000000  -52.562276097   -0.328243547
 -24808.000000000  -52.069761561   -0.328437622
 -24806.500000000  -51.576977507   -0.328603145
 -24805.000000000  -51.083965677   -0.328741566
 -24803.500000000  -50.590765634   -0.328854336
 -24802.000000000  -50.097414773   -0.328942899
 -24800.500000000  -49.603948322   -0.329008694
 -24799.000000000  -49.110399362   -0.329053146
 -24797.500000000  -48.616798850   -0.329077664
 -24796.000000000  -48.123175642   -0.329083637
 -24794.500000000  -47.629556527   -0.329072431
 -24793.000000000  -47.135966268   -0.329045385
 -24791.500000000  -46.642427639   -0.329003806
 -24790.000000000  -46.148961478   -0.328948971
 -24788.500000000  -45.655586735   -0.328882118
 -24787.000000000  -45.162320530   -0.328804451
 -24785.500000000  -44.669178210   -0.328717128
 -24784.000000000  -44.176173414   -0.328621267
 -24782.500000000  -43.683318140   -0.328517942
 -24781.000000000  -43.190622808   -0.328408176
 -24779.500000000  -42.698096342   -0.328292948
 -24778.000000000  -42.205746232   -0.328173183
 -24776.500000000  -41.713578621   -0.328049759
 -24775.000000000  -41.221598374   -0.327923497
 -24773.500000000  -40.729809163   -0.327795168
 -24772.000000000  -40.238213544   -0.327665489
 -24770.500000000  -39.746813040   -0.327535120
 -24769.000000000  -39.255608224   -0.327404668
 -24767.500000000  -38.764598801   -0.327274684
 -24766.000000000  -38.273783690   -0.327145663
 -24764.500000000  -37.783161109   -0.327018047
 -24763.000000000  -37.292728655   -0.326892219
 -24761.500000000  -36.802483390   -0.326768512
 -24760.000000000  -36.312421920   -0.326647200
 -24758.500000000  -35.822540479   -0.326528507
 -24757.000000000  -35.332835005   -0.326412601
 -24755.500000000  -34.843301221   -0.326299601
 -24754.000000000  -34.353934716   -0.326189571
 -24752.500000000  -33.864731014   -0.326082529
 -24751.000000000  -33.375685652   -0.325978440
 -24749.500000000  -32.886794255   -0.325877226
 -24748.000000000  -32.398052602   -0.325778757
 -24746.500000000  -31.909456695   -0.325682863
 -24745.000000000  -31.421002831   -0.325589329
 -24743.500000000  -30.932687656   -0.325497897
 -24742.000000000  -30.444508236   -0.325408270
 -24740.500000000  -29.956462110   -0.325320113
 -24739.000000000  -29.468547349   -0.325233053
 -24737.500000000  -28.980762607   -0.325146682
 -24736.000000000  -28.493107176   -0.325060562
 -24734.500000000  -28.005581030   -0.324974221
 -24733.000000000  -27.518184874   -0.324887158
 -24731.500000000  -27.030920182   -0.324798845
 -24730.000000000  -26.543789239   -0.324708731
 -24728.500000000  -26.056795178   -0.324616239
 -24727.000000000  -25.569942011   -0.324520771
 -24725.500000000  -25.083234661   -0.324421712
 -24724.000000000  -24.596678988   -0.324318427
 -24722.500000000  -24.110281815   -0.324210269
 -24721.000000000  -23.624050949   -0.324096574
 -24719.500000000  -23.137995197   -0.323976671
 -24718.000000000  -22.652124382   -0.323849876
 -24716.500000000  -22.166449359   -0.323715501
 -24715.000000000  -21.680982018   -0.323572849
 -24713.500000000  -21.195735297   -0.323421224
 -24712.000000000  -20.710723181   -0.323259926
 -24710.500000000  -20.225960705   -0.323088256
 -24709.000000000  -19.741463949   -0.322905515
 -24707.500000000  -19.257250040   -0.322711013
 -24706.000000000  -18.773337136   -0.322504060
 -24704.500000000  -18.289744426   -0.322283977
 -24703.000000000  -17.806492107   -0.322050093
 -24701.500000000  -17.323601379   -0.321801747
 -24700.000000000  -16.841094422   -0.321538291
 -24698.500000000  -16.358994378   -0.321259091
 -24697.000000000  -15.877325331   -0.320963527
 -24695.500000000  -15.396112281   -0.320650995
 -24694.000000000  -14.915381122   -0.320320911
 -24692.500000000  -14.435158610   -0.319972706
 -24691.000000000  -13.955472337   -0.319605836
 -24689.500000000  -13.476350699   -0.319219774
 -24688.000000000  -12.997822862   -0.318814018
 -24686.500000000  -12.519918732   -0.318388088
 -24685.000000000  -12.042668913   -0.317941529
 -24683.500000000  -11.566104675   -0.317473910
 -24682.000000000  -11.090257914   -0.316984828
 -24680.500000000  -10.615161113   -0.316473903
 -24679.000000000  -10.140847301   -0.315940786
 -24677.500000000   -9.667350013   -0.315385154
 -24676.000000000   -9.194703245   -0.314806712
 -24674.500000000   -8.722941415   -0.314205195
 -24673.000000000   -8.252099317   -0.313580366
 -24671.500000000   -7.782212077   -0.312932019
 -24670.000000000   -7.313315108   -0.312259977
 -24668.500000000   -6.845444067   -0.311564093
 -24667.000000000   -6.378634809   -0.310844250
 -24665.500000000   -5.912923341   -0.310100361
 -24664.000000000   -5.448345777   -0.309332371
 -24662.500000000   -4.984938293   -0.308540252
 -24661.000000000   -4.522737082   -0.307724010
 -24659.500000000   -4.061778308   -0.306883678
 -24658.000000000   -3.602098060   -0.306019320
 -24656.500000000   -3.143732314   -0.305131029
 -24655.000000000   -2.686716880   -0.304218927
 -24653.500000000   -2.231087364   -0.303283165
 -24652.000000000   -1.776879126   -0.302323922
 -24650.500000000   -1.324127235   -0.301341406
 -24649.000000000   -0.872866428   -0.300335851
 -24647.500000000   -0.423131071   -0.299307519
 -24646.000000000    0.025044882   -0.298256696
 -24644.500000000    0.471627928   -0.297183696
 -24643.000000000    0.916585050   -0.296088857
 -24641.500000000    1.359883760   -0.294972541
 -24640.000000000    1.801492126   -0.293835132
 -24638.500000000    2.241378814   -0.292677039
 -24637.000000000    2.679513117   -0.291498692
 -24635.500000000    3.115864988   -0.290300541
 -24634.000000000    3.550405072   -0.289083056
 -24632.500000000    3.983104734   -0.287846728
 -24631.000000000    4.413936086   -0.286592063
 -24629.500000000    4.842872018   -0.285319588
 -24628.000000000    5.269886216   -0.284029844
 -24626.500000000    5.694953193   -0.282723387
 -24625.000000000    6.118048307   -0.281400790
 -24623.500000000    6.539147783   -0.280062635
 -24622.000000000    6.958228732   -0.278709521
 -24620.500000000    7.375269169   -0.277342054
 -24619.000000000    7.790248027   -0.275960854
 -24617.500000000    8.203145178   -0.274566548
 -24616.000000000    8.613941437   -0.273159772
 -24614.500000000    9.022618581   -0.271741169
 -24613.000000000    9.429159355   -0.270311387
 -24611.500000000    9.833547480   -0.268871081
 -24610.000000000   10.235767664   -0.267420909
 -24608.500000000   10.635805604   -0.265961532
 -24607.000000000   11.033647988   -0.264493612
 -24605.500000000   11.429282502   -0.263017815
 -24604.000000000   11.822697827   -0.261534804
 -24602.500000000   12.213883640   -0.260045243
 -24601.000000000   12.602830611   -0.258549792
 -24599.500000000   12.989530400   -0.257049109
 -24598.000000000   13.373975651   -0.255543850
 -24596.500000000   13.756159986   -0.254034663
 -24595.000000000   14.136077998   -0.252522192
 -24593.500000000   14.513725239   -0.251007075
 -24592.000000000   14.889098214   -0.249489941
 -24590.500000000   15.262194365   -0.247971412
 -24589.000000000   15.633012060   -0.246452101
 -24587.500000000   16.001550579   -0.244932610
 -24586.000000000   16.367810097   -0.243413531
 -24584.500000000   16.731791669   -0.241895445
 -24583.000000000   17.093497212   -0.240378920
 -24581.500000000   17.452929487   -0.238864512
 -24580.000000000   17.810092078   -0.237352764
 -24578.500000000   18.164989373   -0.235844203
 -24577.000000000   18.517626540   -0.234339345
 -24575.500000000   18.868009507   -0.232838686
 -24574.000000000   19.216144940   -0.231342711
 -24572.500000000   19.562040215   -0.229851885
 -24571.000000000   19.905703396   -0.228366660
 -24569.500000000   20.247143210   -0.226887467
 -24568.000000000   20.586369020   -0.225414722
 -24566.500000000   20.923390799   -0.223948823
 -24565.000000000   21.258219102   -0.222490149
 -24563.500000000   21.590865040   -0.221039061
 -24562.000000000   21.921340251   -0.219595902
 -24560.500000000   22.249656871   -0.218160993
 -24559.000000000   22.575827508   -0.216734640
 -24557.500000000   22.899865211   -0.215317126
 -24556.000000000   23.221783439   -0.213908717
 -24554.500000000   23.541596037   -0.212509658
 -24553.000000000   23.859317202   -0.211120175
 -24551.500000000   24.174961453   -0.209740474
 -24550.000000000   24.488543607   -0.208370740
 -24548.500000000   24.800078741   -0.207011142
 -24547.000000000   25.109582172   -0.205661824
 -24545.500000000   25.417069419   -0.204322916
 -24544.000000000   25.722556179   -0.202994524
 -24542.500000000   26.026058294   -0.201676738
 -24541.000000000   26.327591729   -0.200369625
 -24539.500000000   26.627172533   -0.199073238
 -24538.000000000   26.924816822   -0.197787608
 -24536.500000000   27.220540742   -0.196512747
 -24535.000000000   27.514360446   -0.195248651
 -24533.500000000   27.806292067   -0.193995297
 -24532.000000000   28.096351689   -0.192752645
 -24530.500000000   28.384555323   -0.191520636
 -24529.000000000   28.670918880   -0.190299196
 -24527.500000000   28.955458149   -0.189088234
 -24526.000000000   29.238188767   -0.187887643
 -24524.500000000   29.519126201   -0.186697300
 -24523.000000000   29.798285721   -0.185517067
 -24521.500000000   30.075682381   -0.184346792
 -24520.000000000   30.351330992   -0.183186307
 -24518.500000000   30.625246107   -0.182035433
 -24517.000000000   30.897441999   -0.180893975
 -24515.500000000   31.167932637   -0.179761727
 -24514.000000000   31.436731676   -0.178638471
 -24512.500000000   31.703852430   -0.177523975
 -24511.000000000   31.969307862   -0.176418000
 -24509.500000000   32.233110566   -0.175320294
 -24508.000000000   32.495272748   -0.174230595
 -24506.500000000   32.755806218   -0.173148632
 -24505.000000000   33.014722372   -0.172074127
 -24503.500000000   33.272032183   -0.171006791
 -24502.000000000   33.527746183   -0.169946330
 -24500.500000000   33.781874461   -0.168892444
 -24499.000000000   34.034426646   -0.167844822
 -24497.500000000   34.285411904   -0.166803153
 -24496.000000000   34.534838924   -0.165767119
 -24494.500000000   34.782715915   -0.164736395
 -24493.000000000   35.029050601   -0.163710656
 -24491.500000000   35.273850212   -0.162689573
 -24490.000000000   35.517121482   -0.161672813
 -24488.500000000   35.758870646   -0.160660043
 -24487.000000000   35.999103437   -0.159650927
 -24485.500000000   36.237825086   -0.158645129
 -24484.000000000   36.475040317   -0.157642315
 -24482.500000000   36.710753354   -0.156642147
 -24481.000000000   36.944967915   -0.155644293
 -24479.500000000   37.177687222   -0.154648419
 -24478.000000000   37.408913996   -0.153654194
 -24476.500000000   37.638650466   -0.152661292
 -24475.000000000   37.866898371   -0.151669388
 -24473.500000000   38.093658968   -0.150678161
 -24472.000000000   38.318933035   -0.149687295
 -24470.500000000   38.542720880   -0.148696480
 -24469.000000000   38.765022346   -0.147705408
 -24467.500000000   38.985836824   -0.146713779
 -24466.000000000   39.205163259   -0.145721301
 -24464.500000000   39.423000159   -0.144727685
 -24463.000000000   39.639345606   -0.143732652
 -24461.500000000   39.854197269   -0.142735929
 -24460.000000000   40.067552414   -0.141737251
 -24458.500000000   40.279407916   -0.140736362
 -24457.000000000   40.489760271   -0.139733015
 -24455.500000000   40.698605613   -0.138726972
 -24454.000000000   40.905939723   -0.137718002
 -24452.500000000   41.111758046   -0.136705887
 -24451.000000000   41.316055705   -0.135690416
 -24449.500000000   41.518827516   -0.134671391
 -24448.000000000   41.720068006   -0.133648622
 -24446.500000000   41.919771422   -0.132621932
 -24445.000000000   42.117931756   -0.131591152
 -24443.500000000   42.314542754   -0.130556126
 -24442.000000000   42.509597939   -0.129516710
 -24440.500000000   42.703090622   -0.128472769
 -24439.000000000   42.895013923   -0.127424182
 -24437.500000000   43.085360787   -0.126370837
 -24436.000000000   43.274124004   -0.125312635
 -24434.500000000   43.461296221   -0.124249490
 -24433.000000000   43.646869966   -0.123181327
 -24431.500000000   43.830837660   -0.122108081
 -24430.000000000   44.013191642   -0.121029701
 -24428.500000000   44.193924177   -0.119946148
 -24427.000000000   44.373027484   -0.118857393
 -24425.500000000   44.550493746   -0.117763420
 -24424.000000000   44.726315132   -0.116664224
 -24422.500000000   44.900483811   -0.115559813
 -24421.000000000   45.072991973   -0.114450206
 -24419.500000000   45.243831844   -0.113335431
 -24418.000000000   45.412995704   -0.112215531
 -24416.500000000   45.580475901   -0.111090558
 -24415.000000000   45.746264872   -0.109960574
 -24413.500000000   45.910355156   -0.108825655
 -24412.000000000   46.072739411   -0.107685884
 -24410.500000000   46.233410429   -0.106541356
 -24409.000000000   46.392361152   -0.105392176
 -24407.500000000   46.549584687   -0.104238458
 -24406.000000000   46.705074319   -0.103080327
 -24404.500000000   46.858823529   -0.101917916
 -24403.000000000   47.010826000   -0.100751368
 -24401.500000000   47.161075640   -0.099580834
 -24400.000000000   47.309566588   -0.098406473
 -24398.500000000   47.456293228   -0.097228452
 -24397.000000000   47.601250202   -0.096046947
 -24395.500000000   47.744432419   -0.094862141
 -24394.000000000   47.885835069   -0.093674223
 -24392.500000000   48.025453630   -0.092483389
 -24391.000000000   48.163283879   -0.091289841
 -24389.500000000   48.299321901   -0.090093789
 -24388.000000000   48.433564100   -0.088895445
 -24386.500000000   48.566007201   -0.087695030
 -24385.000000000   48.696648264   -0.086492765
 -24383.500000000   48.825484687   -0.085288880
 -24382.000000000   48.952514211   -0.084083607
 -24380.500000000   49.077734930   -0.082877180
 -24379.000000000   49.201145293   -0.081669838
 -24377.500000000   49.322744107   -0.080461822
 -24376.000000000   49.442530543   -0.079253375
 -24374.500000000   49.560504139   -0.078044743
 -24373.000000000   49.676664802   -0.076836172
 -24371.500000000   49.791012808   -0.075627909
 -24370.000000000   49.903548806   -0.074420202
 -24368.500000000   50.014273817   -0.073213301
 -24367.000000000   50.123189234   -0.072007451
 -24365.500000000   50.230296822   -0.070802902
 -24364.000000000   50.335598714   -0.069599899
 -24362.500000000   50.439097413   -0.068398686
 -24361.000000000   50.540795788   -0.067199506
 -24359.500000000   50.640697069   -0.066002600
 -24358.000000000   50.738804845   -0.064808206
 -24356.500000000   50.835123061   -0.063616558
 -24355.000000000   50.929656009   -0.062427888
 -24353.500000000   51.022408328   -0.061242423
 -24352.000000000   51.113384993   -0.060060386
 -24350.500000000   51.202591310   -0.058881997
 -24349.000000000   51.290032913   -0.057707469
 -24347.500000000   51.375715751   -0.056537010
 -24346.000000000   51.459646081   -0.055370825
 -24344.500000000   51.541830463   -0.054209111
 -24343.000000000   51.622275746   -0.053052059
 -24341.500000000   51.700989065   -0.051899855
 -24340.000000000   51.777977823   -0.050752675
 -24338.500000000   51.853249688   -0.049610692
 -24337.000000000   51.926812580   -0.048474070
 -24335.500000000   51.998674657   -0.047342965
 -24334.000000000   52.068844309   -0.046217527
 -24332.500000000   52.137330141   -0.045097895
 -24331.000000000   52.204140965   -0.043984205
 -24329.500000000   52.269285787   -0.042876579
 -24328.000000000   52.332773792   -0.041775134
 -24326.500000000   52.394614334   -0.040679978
 -24325.000000000   52.454816922   -0.039591210
 -24323.500000000   52.513391204   -0.038508920
 -24322.000000000   52.570346961   -0.037433188
 -24320.500000000   52.625694084   -0.036364087
 -24319.000000000   52.679442567   -0.035301678
 -24317.500000000   52.731602492   -0.034246016
 -24316.000000000   52.782184011   -0.033197144
 -24314.500000000   52.831197338   -0.032155098
 -24313.000000000   52.878652730   -0.031119902
 -24311.500000000   52.924560476   -0.030091572
 -24310.000000000   52.968930881   -0.029070114
 -24308.500000000   53.011774253   -0.028055527
 -24307.000000000   53.053100890   -0.027047796
 -24305.500000000   53.092921061   -0.026046902
 -24304.000000000   53.131244999   -0.025052813
 -24302.500000000   53.168082884   -0.024065490
 -24301.000000000   53.203444826   -0.023084882
 -24299.500000000   53.237340859   -0.022110932
 -24298.000000000   53.269780919   -0.021143574
 -24296.500000000   53.300774840   -0.020182732
 -24295.000000000   53.330332332   -0.019228322
 -24293.500000000   53.358462976   -0.018280251
 -24292.000000000   53.385176205   -0.017338419
 -24290.500000000   53.410481297   -0.016402716
 -24289.000000000   53.434387361   -0.015473027
 -24287.500000000   53.456903324   -0.014549228
 -24286.000000000   53.478037922   -0.013631185
 -24284.500000000   53.497799690   -0.012718762
 -24283.000000000   53.516196946   -0.011811812
 -24281.500000000   53.533237787   -0.010910183
 -24280.000000000   53.548930077   -0.010013717
 -24278.500000000   53.563281436   -0.009122247
 -24277.000000000   53.576299232   -0.008235605
 -24275.500000000   53.587990575   -0.007353612
 -24274.000000000   53.598362304   -0.006476089
 -24272.500000000   53.607420984   -0.005602849
 -24271.000000000   53.615172896   -0.004733700
 -24269.500000000   53.621624032   -0.003868448
 -24268.000000000   53.626780087   -0.003006892
 -24266.500000000   53.630646456   -0.002148831
 -24265.000000000   53.633228225   -0.001294058
 -24263.500000000   53.634530169   -0.000442364
 -24262.000000000   53.634556750    0.000406463
 -24260.500000000   53.633312108    0.001252636
 -24259.000000000   53.630800062    0.002096371
 -24257.500000000   53.627024105    0.002937886
 -24256.000000000   53.621987404    0.003777400
 -24254.500000000   53.615692797    0.004615130
 -24253.000000000   53.608142796    0.005451297
 -24251.500000000   53.599339578    0.006286121
 -24250.000000000   53.589284996    0.007119820
 -24248.500000000   53.577980571    0.007952614
 -24247.000000000   53.565427497    0.008784720
 -24245.500000000   53.551626646    0.009616355
 -24244.000000000   53.536578561    0.010447732
 -24242.500000000   53.520283471    0.011279065
 -24241.000000000   53.502741283    0.012110563
 -24239.500000000   53.483951596    0.012942433
 -24238.000000000   53.463913696    0.013774879
 -24236.500000000   53.442626569    0.014608102
 -24235.000000000   53.420088902    0.015442298
 -24233.500000000   53.396299091    0.016277660
 -24232.000000000   53.371255245    0.017114375
 -24230.500000000   53.344955197    0.017952627
 -24229.000000000   53.317396506    0.018792594
 -24227.500000000   53.288576470    0.019634449
 -24226.000000000   53.258492133    0.020478358
 -24224.500000000   53.227140290    0.021324482
 -24223.000000000   53.194517501    0.022172977
 -24221.500000000   53.160620099    0.023023991
 -24220.000000000   53.125444198    0.023877665
 -24218.500000000   53.088985706    0.024734134
 -24217.000000000   53.051240333    0.025593526
 -24215.500000000   53.012203606    0.026455961
 -24214.000000000   52.971870874    0.027321550
 -24212.500000000   52.930237325    0.028190399
 -24211.000000000   52.887297998    0.029062605
 -24209.500000000   52.843047789    0.029938255
 -24208.000000000   52.797481471    0.030817430
 -24206.500000000   52.750593701    0.031700202
 -24205.000000000   52.702379036    0.032586633
 -24203.500000000   52.652831944    0.033476779
 -24202.000000000   52.601946818    0.034370686
 -24200.500000000   52.549717989    0.035268389
 -24199.000000000   52.496139739    0.036169917
 -24197.500000000   52.441206316    0.037075289
 -24196.000000000   52.384911944    0.037984515
 -24194.500000000   52.327250842    0.038897596
 -24193.000000000   52.268217231    0.039814524
 -24191.500000000   52.207805354    0.040735282
 -24190.000000000   52.146009484    0.041659842
 -24188.500000000   52.082823943    0.042588171
 -24187.000000000   52.018243108    0.043520224
 -24185.500000000   51.952261434    0.044455949
 -24184.000000000   51.884873457    0.045395282
 -24182.500000000   51.816073818    0.046338155
 -24181.000000000   51.745857264    0.047284487
 -24179.500000000   51.674218670    0.048234192
 -24178.000000000   51.601153050    0.049187173
 -24176.500000000   51.526655566    0.050143326
 -24175.000000000   51.450721541    0.051102541
 -24173.500000000   51.373346473    0.052064696
 -24172.000000000   51.294526047    0.053029664
 -24170.500000000   51.214256141    0.053997311
 -24169.000000000   51.132532845    0.054967495
 -24167.500000000   51.049352464    0.055940066
 -24166.000000000   50.964711532    0.056914869
 -24164.500000000   50.878606823    0.057891741
 -24163.000000000   50.791035357    0.058870515
 -24161.500000000   50.701994413    0.059851017
 -24160.000000000   50.611481533    0.060833066
 -24158.500000000   50.519494534    0.061816478
 -24157.000000000   50.426031514    0.062801062
 -24155.500000000   50.331090860    0.063786623
 -24154.000000000   50.234671254    0.064772964
 -24152.500000000   50.136771680    0.065759880
 -24151.000000000   50.037391428    0.066747166
 -24149.500000000   49.936530102    0.067734611
 -24148.000000000   49.834187622    0.068722003
 -24146.500000000   49.730364229    0.069709125
 -24145.000000000   49.625060489    0.070695762
 -24143.500000000   49.518277295    0.071681694
 -24142.000000000   49.410015871    0.072666700
 -24140.500000000   49.300277770    0.073650558
 -24139.000000000   49.189064881    0.074633047
 -24137.500000000   49.076379425    0.075613944
 -24136.000000000   48.962223955    0.076593028
 -24134.500000000   48.846601358    0.077570077
 -24133.000000000   48.729514853    0.078544870
 -24131.500000000   48.610967986    0.079517189
 -24130.000000000   48.490964632    0.080486816
 -24128.500000000   48.369508990    0.081453538
 -24127.000000000   48.246605579    0.082417141
 -24125.500000000   48.122259232    0.083377417
 -24124.000000000   47.996475095    0.084334160
 -24122.500000000   47.869258620    0.085287169
 -24121.000000000   47.740615556    0.086236245
 -24119.500000000   47.610551946    0.087181198
 -24118.000000000   47.479074119    0.088121838
 -24116.500000000   47.346188680    0.089057983
 -24115.000000000   47.211902505    0.089989458
 -24113.500000000   47.076222728    0.090916091
 -24112.000000000   46.939156735    0.091837719
 -24110.500000000   46.800712152    0.092754185
 -24109.000000000   46.660896837    0.093665339
 -24107.500000000   46.519718863    0.094571039
 -24106.000000000   46.377186515    0.095471150
 -24104.500000000   46.233308270    0.096365547
 -24103.000000000   46.088092790    0.097254111
 -24101.500000000   45.941548907    0.098136734
 -24100.000000000   45.793685610    0.099013314
 -24098.500000000   45.644512031    0.099883762
 -24097.000000000   45.494037430    0.100747997
 -24095.500000000   45.342271184    0.101605945
 -24094.000000000   45.189222769    0.102457546
 -24092.500000000   45.034901745    0.103302748
 -24091.000000000   44.879317744    0.104141510
 -24089.500000000   44.722480449    0.104973801
 -24088.000000000   44.564399586    0.105799601
 -24086.500000000   44.405084898    0.106618900
 -24085.000000000   44.244546137    0.107431699
 -24083.500000000   44.082793045    0.108238011
 -24082.000000000   43.919835336    0.109037859
 -24080.500000000   43.755682682    0.109831278
 -24079.000000000   43.590344694    0.110618313
 -24077.500000000   43.423830907    0.111399021
 -24076.000000000   43.256150762    0.112173469
 -24074.500000000   43.087313590    0.112941737
 -24073.000000000   42.917328597    0.113703914
 -24071.500000000   42.746204844    0.114460101
 -24070.000000000   42.573951234    0.115210410
 -24068.500000000   42.400576492    0.115954964
 -24067.000000000   42.226089153    0.116693896
 -24065.500000000   42.050497542    0.117427350
 -24064.000000000   41.873809764    0.118155481
 -24062.500000000   41.696033680    0.118878452
 -24061.000000000   41.517176901    0.119596438
 -24059.500000000   41.337246767    0.120309623
 -24058.000000000   41.156250335    0.121018202
 -24056.500000000   40.974194364    0.121722376
 -24055.000000000   40.791085302    0.122422359
 -24053.500000000   40.606929274    0.123118369
 -24052.000000000   40.421732065    0.123810638
 -24050.500000000   40.235499114    0.124499400
 -24049.000000000   40.048235497    0.125184901
 -24047.500000000   39.859945917    0.125867392
 -24046.000000000   39.670634698    0.126547131
 -24044.500000000   39.480305766    0.127224385
 -24043.000000000   39.288962651    0.127899423
 -24041.500000000   39.096608468    0.128572521
 -24040.000000000   38.903245916    0.129243962
 -24038.500000000   38.708877267    0.129914031
 -24037.000000000   38.513504363    0.130583019
 -24035.500000000   38.317128605    0.131251218
 -24034.000000000   38.119750956    0.131918925
 -24032.500000000   37.921371928    0.132586439
 -24031.000000000   37.721991585    0.133254061
 -24029.500000000   37.521609539    0.133922093
 -24028.000000000   37.320224948    0.134590839
 -24026.500000000   37.117836514    0.135260601
 -24025.000000000   36.914442487    0.135931681
 -24023.500000000   36.710040662    0.136604381
 -24022.000000000   36.504628383    0.137279002
 -24020.500000000   36.298202546    0.137955841
 -24019.000000000   36.090759605    0.138635191
 -24017.500000000   35.882295571    0.139317345
 -24016.000000000   35.672806023    0.140002590
 -24014.500000000   35.462286115    0.140691206
 -24013.000000000   35.250730581    0.141383471
 -24011.500000000   35.038133744    0.142079654
 -24010.000000000   34.824489527    0.142780020
 -24008.500000000   34.609791464    0.143484824
 -24007.000000000   34.394032711    0.144194314
 -24005.500000000   34.177206058    0.144908729
 -24004.000000000   33.959303945    0.145628300
 -24002.500000000   33.740318472    0.146353244
 -24001.000000000   33.520241421    0.147083772
 -23999.500000000   33.299064264    0.147820082
 -23998.000000000   33.076778191    0.148562358
 -23996.500000000   32.853374119    0.149310775
 -23995.000000000   32.628842714    0.150065493
 -23993.500000000   32.403174415    0.150826658
 -23992.000000000   32.176359450    0.151594402
 -23990.500000000   31.948387860    0.152368843
 -23989.000000000   31.719249521    0.153150083
 -23987.500000000   31.488934167    0.153938209
 -23986.000000000   31.257431417    0.154733289
 -23984.500000000   31.024730796    0.155535377
 -23983.000000000   30.790821763    0.156344509
 -23981.500000000   30.555693737    0.157160703
 -23980.000000000   30.319336124    0.157983957
 -23978.500000000   30.081738344    0.158814254
 -23977.000000000   29.842889861    0.159651554
 -23975.500000000   29.602780209    0.160495801
 -23974.000000000   29.361399023    0.161346917
 -23972.500000000   29.118736070    0.162204806
 -23971.000000000   28.874781276    0.163069350
 -23969.500000000   28.629524760    0.163940411
 -23968.000000000   28.382956863    0.164817831
 -23966.500000000   28.135068178    0.165701429
 -23965.000000000   27.885849585    0.166591006
 -23963.500000000   27.635292280    0.167486340
 -23962.000000000   27.383387808    0.168387187
 -23960.500000000   27.130128095    0.169293283
 -23959.000000000   26.875505478    0.170204342
 -23957.500000000   26.619512740    0.171120057
 -23956.000000000   26.362143142    0.172040100
 -23954.500000000   26.103390452    0.172964120
 -23953.000000000   25.843248978    0.173891748
 -23951.500000000   25.581713601    0.174822590
 -23950.000000000   25.318779805    0.175756236
 -23948.500000000   25.054443708    0.176692251
 -23947.000000000   24.788702093    0.177630183
 -23945.500000000   24.521552437    0.178569559
 -23944.000000000   24.252992941    0.179509885
 -23942.500000000   23.983022562    0.180450650
 -23941.000000000   23.711641036    0.181391324
 -23939.500000000   23.438848911    0.182331357
 -23938.000000000   23.164647569    0.183270182
 -23936.500000000   22.889039259    0.184207217
 -23935.000000000   22.612027114    0.185141860
 -23933.500000000   22.333615182    0.186073495
 -23932.000000000   22.053808448    0.187001490
 -23930.500000000   21.772612854    0.187925199
 -23929.000000000   21.490035323    0.188843961
 -23927.500000000   21.206083779    0.189757103
 -23926.000000000   20.920767165    0.190663940
 -23924.500000000   20.634095462    0.191563773
 -23923.000000000   20.346079702    0.192455895
 -23921.500000000   20.056731990    0.193339590
 -23920.000000000   19.766065510    0.194214130
 -23918.500000000   19.474094544    0.195078782
 -23917.000000000   19.180834478    0.195932806
 -23915.500000000   18.886301813    0.196775456
 -23914.000000000   18.590514172    0.197605981
 -23912.500000000   18.293490308    0.198423629
 -23911.000000000   17.995250104    0.199227641
 -23909.500000000   17.695814580    0.200017262
 -23908.000000000   17.395205893    0.200791734
 -23906.500000000   17.093447330    0.201550302
 -23905.000000000   16.790563316    0.202292212
 -23903.500000000   16.486579397    0.203016716
 -23902.000000000   16.181522244    0.203723068
 -23900.500000000   15.875419637    0.204410532
 -23899.000000000   15.568300458    0.205078377
 -23897.500000000   15.260194675    0.205725883
 -23896.000000000   14.951133333    0.206352339
 -23894.500000000   14.641148532    0.206957046
 -23893.000000000   14.330273412    0.207539319
 -23891.500000000   14.018542127    0.208098487
 -23890.000000000   13.705989831    0.208633894
 -23888.500000000   13.392652645    0.209144903
 -23887.000000000   13.078567632    0.209630894
 -23885.500000000   12.763772772    0.210091268
 -23884.000000000   12.448306926    0.210525447
 -23882.500000000   12.132209806    0.210932876
 -23881.000000000   11.815521939    0.211313023
 -23879.500000000   11.498284629    0.211665384
 -23878.000000000   11.180539921    0.211989478
 -23876.500000000   10.862330555    0.212284855
 -23875.000000000   10.543699927    0.212551093
 -23873.500000000   10.224692042    0.212787801
 -23872.000000000    9.905351469    0.212994620
 -23870.500000000    9.585723290    0.213171224
 -23869.000000000    9.265853052    0.213317320
 -23867.500000000    8.945786714    0.213432652
 -23866.000000000    8.625570589    0.213517000
 -23864.500000000    8.305251297    0.213570182
 -23863.000000000    7.984875700    0.213592053
 -23861.500000000    7.664490847    0.213582509
 -23860.000000000    7.344143913    0.213541487
 -23858.500000000    7.023882137    0.213468964
 -23857.000000000    6.703752763    0.213364960
 -23855.500000000    6.383802968    0.213229538
 -23854.000000000    6.064079804    0.213062806
 -23852.500000000    5.744630130    0.212864915
 -23851.000000000    5.425500541    0.212636061
 -23849.500000000    5.106737306    0.212376488
 -23848.000000000    4.788386294    0.212086483
 -23846.500000000    4.470492906    0.211766382
 -23845.000000000    4.153102005    0.211416568
 -23843.500000000    3.836257845    0.211037470
 -23842.000000000    3.520004000    0.210629565
 -23840.500000000    3.204383293    0.210193377
 -23839.000000000    2.889437724    0.209729481
 -23837.500000000    2.575208397    0.209238494
 -23836.000000000    2.261735453    0.208721086
 -23834.500000000    1.949057993    0.208177972
 -23833.000000000    1.637214011    0.207609912
 -23831.500000000    1.326240324    0.207017718
 -23830.000000000    1.016172499    0.206402243
 -23828.500000000    0.707044786    0.205764388
 -23827.000000000    0.398890051    0.205105101
 -23825.500000000    0.091739705    0.204425371
 -23824.000000000   -0.214376356    0.203726232
 -23822.500000000   -0.519429823    0.203008761
 -23821.000000000   -0.823394030    0.202274076
 -23819.500000000   -1.126244023    0.201523337
 -23818.000000000   -1.427956613    0.200757742
 -23816.500000000   -1.728510438    0.199978526
 -23815.000000000   -2.027886018    0.199186965
 -23813.500000000   -2.326065811    0.198384364
 -23812.000000000   -2.623034262    0.197572068
 -23810.500000000   -2.918777853    0.196751449
 -23809.000000000   -3.213285148    0.195923911
 -23807.500000000   -3.506546843    0.195090888
 -23806.000000000   -3.798555799    0.194253839
 -23804.500000000   -4.089307086    0.193414245
 -23803.000000000   -4.378798016    0.192573615
 -23801.500000000   -4.667028174    0.191733472
 -23800.000000000   -4.953999447    0.190895360
 -23798.500000000   -5.239716049    0.190060838
 -23797.000000000   -5.524184542    0.189231478
 -23795.500000000   -5.807413854    0.188408861
 -23794.000000000   -6.089415292    0.187594578
 -23792.500000000   -6.370202552    0.186790223
 -23791.000000000   -6.649791723    0.185997392
 -23789.500000000   -6.928201290    0.185217684
 -23788.000000000   -7.205452132    0.184452690
 -23786.500000000   -7.481567511    0.183703997
 -23785.000000000   -7.756573063    0.182973183
 -23783.500000000   -8.030496782    0.182261812
 -23782.000000000   -8.303368997    0.181571434
 -23780.500000000   -8.575222347    0.180903579
 -23779.000000000   -8.846091751    0.180259756
 -23777.500000000   -9.116014372    0.179641448
 -23776.000000000   -9.385029580    0.179050110
 -23774.500000000   -9.653178901    0.178487167
 -23773.000000000   -9.920505972    0.177954005
 -23771.500000000  -10.187056484    0.177451977
 -23770.000000000  -10.452878125    0.176982391
 -23768.500000000  -10.718020511    0.176546510
 -23767.000000000  -10.982535118    0.176145552
 -23765.500000000  -11.246475211    0.175780680
 -23764.000000000  -11.509895757    0.175453005
 -23762.500000000  -11.772853350    0.175163578
 -23761.000000000  -12.035406112    0.174913391
 -23759.500000000  -12.297613609    0.174703372
 -23758.000000000  -12.559536742    0.174534379
 -23756.500000000  -12.821237654    0.174407202
 -23755.000000000  -13.082779615    0.174322558
 -23753.500000000  -13.344226914    0.174281085
 -23752.000000000  -13.605644740    0.174283347
 -23750.500000000  -13.867099063    0.174329821
 -23749.000000000  -14.128656509    0.174420904
 -23747.500000000  -14.390384233    0.174556902
 -23746.000000000  -14.652349785    0.174738036
 -23744.500000000  -14.914620973    0.174964432
 -23743.000000000  -15.177265730    0.175236125
 -23741.500000000  -15.440351966    0.175553052
 -23740.000000000  -15.703947426    0.175915054
 -23738.500000000  -15.968119539    0.176321873
 -23737.000000000  -16.232935275    0.176773148
 -23735.500000000  -16.498460983    0.177268419
 -23734.000000000  -16.764762247    0.177807119
 -23732.500000000  -17.031903722    0.178388579
 -23731.000000000  -17.299948979    0.179012025
 -23729.500000000  -17.568960350    0.179676575
 -23728.000000000  -17.838998765    0.180381243
 -23726.500000000  -18.110123593    0.181124935
 -23725.000000000  -18.382392486    0.181906452
 -23723.500000000  -18.655861212    0.182724488
 -23722.000000000  -18.930583505    0.183577631
 -23720.500000000  -19.206610902    0.184464364
 -23719.000000000  -19.483992585    0.185383069
 -23717.500000000  -19.762775233    0.186332020
 -23716.000000000  -20.043002859    0.187309395
 -23714.500000000  -20.324716671    0.188313271
 -23713.000000000  -20.607954914    0.189341627
 -23711.500000000  -20.892752735    0.190392347
 -23710.000000000  -21.179142035    0.191463223
 -23708.500000000  -21.467151337    0.192551960
 -23707.000000000  -21.756805653    0.193656172
 -23705.500000000  -22.048126360    0.194773395
 -23704.000000000  -22.341131072    0.195901082
 -23702.500000000  -22.635833531    0.197036615
 -23701.000000000  -22.932243494    0.198177301
 -23699.500000000  -23.230366633    0.199320384
 -23698.000000000  -23.530204438    0.200463047
 -23696.500000000  -23.831754128    0.201602415
 -23695.000000000  -24.135008575    0.202735564
 -23693.500000000  -24.439956227    0.203859525
 -23692.000000000  -24.746581053    0.204971290
 -23690.500000000  -25.054862481    0.206067820
 -23689.000000000  -25.364775361    0.207146047
 -23687.500000000  -25.676289928    0.208202887
 -23686.000000000  -25.989371781    0.209235244
 -23684.500000000  -26.303981867    0.210240015
 -23683.000000000  -26.620076484    0.211214102
 -23681.500000000  -26.937607288    0.212154418
 -23680.000000000  -27.256521316    0.213057891
 -23678.500000000  -27.576761019    0.213921481
 -23677.000000000  -27.898264312    0.214742179
 -23675.500000000  -28.220964628    0.215517022
 -23674.000000000  -28.544790993    0.216243098
 -23672.500000000  -28.869668111    0.216917556
 -23671.000000000  -29.195516462    0.217537617
 -23669.500000000  -29.522252411    0.218100578
 -23668.000000000  -29.849788338    0.218603827
 -23666.500000000  -30.178032775    0.219044846
 -23665.000000000  -30.506890556    0.219421227
 -23663.500000000  -30.836262988    0.219730675
 -23662.000000000  -31.166048028    0.219971020
 -23660.500000000  -31.496140477    0.220140227
 -23659.000000000  -31.826432190    0.220236401
 -23657.500000000  -32.156812292    0.220257803
 -23656.000000000  -32.487167419    0.220202851
 -23654.500000000  -32.817381959    0.220070133
 -23653.000000000  -33.147338314    0.219858415
 -23651.500000000  -33.476917175    0.219566648
 -23650.000000000  -33.805997803    0.219193978
 -23648.500000000  -34.134458328    0.218739752
 -23647.000000000  -34.462176054    0.218203523
 -23645.500000000  -34.789027778    0.217585064
 -23644.000000000  -35.114890122    0.216884366
 -23642.500000000  -35.439639863    0.216101650
 -23641.000000000  -35.763154286    0.215237371
 -23639.500000000  -36.085311536    0.214292221
 -23638.000000000  -36.405990977    0.213267137
 -23636.500000000  -36.725073566    0.212163301
 -23635.000000000  -37.042442218    0.210982148
 -23633.500000000  -37.357982189    0.209725363
 -23632.000000000  -37.671581455    0.208394886
 -23630.500000000  -37.983131093    0.206992913
 -23629.000000000  -38.292525667    0.205521895
 -23627.500000000  -38.599663606    0.203984539
 -23626.000000000  -38.904447590    0.202383804
 -23624.500000000  -39.206784927    0.200722898
 -23623.000000000  -39.506587924    0.199005280
 -23621.500000000  -39.803774256    0.197234647
 -23620.000000000  -40.098267323    0.195414936
 -23618.500000000  -40.389996603    0.193550311
 -23617.000000000  -40.678897990    0.191645160
 -23615.500000000  -40.964914118    0.189704083
 -23614.000000000  -41.247994675    0.187731882
 -23612.500000000  -41.528096696    0.185733549
 -23611.000000000  -41.805184840    0.183714256
 -23609.500000000  -42.079231648    0.181679336
 -23608.000000000  -42.350217775    0.179634273
 -23606.500000000  -42.618132198    0.177584678
 -23605.000000000  -42.882972406    0.175536281
 -23603.500000000  -43.144744547    0.173494899
 -23602.000000000  -43.403463558    0.171466427
 -23600.500000000  -43.659153253    0.169456807
 -23599.000000000  -43.911846388    0.167472008
 -23597.500000000  -44.161584672    0.165518000
 -23596.000000000  -44.408418759    0.163600731
 -23594.500000000  -44.652408182    0.161726092
 -23593.000000000  -44.893621258    0.159899895
 -23591.500000000  -45.132134941    0.158127839
 -23590.000000000  -45.368034627    0.156415480
 -23588.500000000  -45.601413923    0.154768197
 -23587.000000000  -45.832374346    0.153191160
 -23585.500000000  -46.061024993    0.151689294
 -23584.000000000  -46.287482141    0.150267243
 -23582.500000000  -46.511868800    0.148929336
 -23581.000000000  -46.734314213    0.147679546
 -23579.500000000  -46.954953295    0.146521456
 -23578.000000000  -47.173926014    0.145458217
 -23576.500000000  -47.391376723    0.144492515
 -23575.000000000  -47.607453424    0.143626525
 -23573.500000000  -47.822306980    0.142861878
 -23572.000000000  -48.036090265    0.142199622
 -23570.500000000  -48.248957265    0.141640182
 -23569.000000000  -48.461062113    0.141183322
 -23567.500000000  -48.672558071    0.140828116
 -23566.000000000  -48.883596470    0.140572904
 -23564.500000000  -49.094325581    0.140415263
 -23563.000000000  -49.304889452    0.140351979
 -23561.500000000  -49.515426692    0.140379012
 -23560.000000000  -49.726069218    0.140491474
 -23558.500000000  -49.936940961    0.140683602
 -23557.000000000  -50.148156544    0.140948742
 -23555.500000000  -50.359819929    0.141279334
 -23554.000000000  -50.572023048    0.141666897
 -23552.500000000  -50.784844417    0.142102024
 -23551.000000000  -50.998347751    0.142574385
 -23549.500000000  -51.212580579    0.143072730
 -23548.000000000  -51.427572870    0.143584903
 -23546.500000000  -51.643335693    0.144097861
 -23545.000000000  -51.859859910    0.144597707
 -23543.500000000  -52.077114913    0.145069724
 -23542.000000000  -52.295047437    0.145498426
 -23540.500000000  -52.513580446    0.145867616
 -23539.000000000  -52.732612122    0.146160459
 -23537.500000000  -52.952014961    0.146359562
 -23536.000000000  -53.171635019    0.146447078
 -23534.500000000  -53.391291308    0.146404814
 -23533.000000000  -53.610775369    0.146214363
 -23531.500000000  -53.829851066    0.145857253
 -23530.000000000  -54.048254605    0.145315106
 -23528.500000000  -54.265694813    0.144569832
 -23527.000000000  -54.481853725    0.143603831
 -23525.500000000  -54.696387488    0.142400227
 -23524.000000000  -54.908927635    0.140943123
 -23522.500000000  -55.119082761    0.139217882
 -23521.000000000  -55.326440647    0.137211440
 -23519.500000000  -55.530570867    0.134912646
 -23518.000000000  -55.731027933    0.132312635
 -23516.500000000  -55.927355026    0.129405234
 -23515.000000000  -56.119088363    0.126187409
 -23513.500000000  -56.305762263    0.122659743
 -23512.000000000  -56.486914958    0.118826966
 -23510.500000000  -56.662095234    0.114698515
 -23509.000000000  -56.830869948    0.110289154
 -23507.500000000  -56.992832505    0.105619633
 -23506.000000000  -57.147612369    0.100717403
 -23504.500000000  -57.294885681    0.095617384
 -23503.000000000  -57.434387082    0.090362795
 -23501.500000000  -57.565922816    0.085006043
 -23500.000000000  -57.689385215    0.079609671
