#! FIELDS energy b1.bias der_energy
#! SET min_energy -25000
#! SET max_energy -23500
#! SET nbins_energy  1001
#! SET periodic_energy false
 -25000.000000000  -96.929867046   -0.057059319
 -24998.500000000  -96.824685509   -0.082535761
 -24997.000000000  -96.684094515   -0.104341494
 -24995.500000000  -96.513295927   -0.122876303
 -24994.000000000  -96.316917511   -0.138506254
 -24992.500000000  -96.099061792   -0.151565975
 -24991.000000000  -95.863351577   -0.162360806
 -24989.500000000  -95.612972357   -0.171168828
 -24988.000000000  -95.350711734   -0.178242783
 -24986.500000000  -95.078996073   -0.183811878
 -24985.000000000  -94.799924505   -0.188083488
 -24983.500000000  -94.515300464   -0.191244762
 -24982.000000000  -94.226660885   -0.193464128
 -24980.500000000  -93.935303204   -0.194892716
 -24979.000000000  -93.642310299   -0.195665689
 -24977.500000000  -93.348573493   -0.195903497
 -24976.000000000  -93.054813727   -0.195713052
 -24974.500000000  -92.761601037   -0.195188827
 -24973.000000000  -92.469372425   -0.194413894
 -24971.500000000  -92.178448234   -0.193460884
 -24970.000000000  -91.889047119   -0.192392893
 -24968.500000000  -91.601299710   -0.191264328
 -24967.000000000  -91.315261052   -0.190121690
 -24965.500000000  -91.030921901   -0.189004312
 -24964.000000000  -90.748218963   -0.187945043
 -24962.500000000  -90.467044130   -0.186970882
 -24961.000000000  -90.187252814   -0.186103570
 -24959.500000000  -89.908671411   -0.185360138
 -24958.000000000  -89.631103983   -0.184753417
 -24956.500000000  -89.354338200   -0.184292507
 -24955.000000000  -89.078150606   -0.183983212
 -24953.500000000  -88.802311262   -0.183828438
 -24952.000000000  -88.526587805   -0.183828567
 -24950.500000000  -88.250748982   -0.183981792
 -24949.000000000  -87.974567695   -0.184284431
 -24947.500000000  -87.697823597   -0.184731209
 -24946.000000000  -87.420305283   -0.185315521
 -24944.500000000  -87.141812103   -0.186029666
 -24943.000000000  -86.862155647   -0.186865064
 -24941.500000000  -86.581160910   -0.187812450
 -24940.000000000  -86.298667185   -0.188862051
 -24938.500000000  -86.014528707   -0.190003744
 -24937.000000000  -85.728615072   -0.191227195
 -24935.500000000  -85.440811451   -0.192521989
 -24934.000000000  -85.151018629   -0.193877740
 -24932.500000000  -84.859152885   -0.195284190
 -24931.000000000  -84.565145735   -0.196731296
 -24929.500000000  -84.268943553   -0.198209302
 -24928.000000000  -83.970507085   -0.199708810
 -24926.500000000  -83.669810876   -0.201220827
 -24925.000000000  -83.366842626   -0.202736817
 -24923.500000000  -83.061602472   -0.204248733
 -24922.000000000  -82.754102233   -0.205749054
 -24920.500000000  -82.444364604   -0.207230802
 -24919.000000000  -82.132422330   -0.208687561
 -24917.500000000  -81.818317346   -0.210113489
 -24916.000000000  -81.502099919   -0.211503324
 -24914.500000000  -81.183827772   -0.212852383
 -24913.000000000  -80.863565220   -0.214156562
 -24911.500000000  -80.541382302   -0.215412329
 -24910.000000000  -80.217353933   -0.216616713
 -24908.500000000  -79.891559074   -0.217767292
 -24907.000000000  -79.564079914   -0.218862175
 -24905.500000000  -79.235001090   -0.219899990
 -24904.000000000  -78.904408924   -0.220879859
 -24902.500000000  -78.572390695   -0.221801378
 -24901.000000000  -78.239033947   -0.222664597
 -24899.500000000  -77.904425824   -0.223469991
 -24898.000000000  -77.568652451   -0.224218443
 -24896.500000000  -77.231798343   -0.224911210
 -24895.000000000  -76.893945863   -0.225549904
 -24893.500000000  -76.555174706   -0.226136461
 -24892.000000000  -76.215561434   -0.226673119
 -24890.500000000  -75.875179046   -0.227162389
 -24889.000000000  -75.534096586   -0.227607028
 -24887.500000000  -75.192378791   -0.228010015
 -24886.000000000  -74.850085782   -0.228374525
 -24884.500000000  -74.507272784   -0.228703904
 -24883.000000000  -74.163989890   -0.229001644
 -24881.500000000  -73.820281865   -0.229271359
 -24880.000000000  -73.476187970   -0.229516762
 -24878.500000000  -73.131741842   -0.229741642
 -24877.000000000  -72.786971385   -0.229949844
 -24875.500000000  -72.441898711   -0.230145246
 -24874.000000000  -72.096540099   -0.230331742
 -24872.500000000  -71.750905993   -0.230513220
 -24871.000000000  -71.405001016   -0.230693544
 -24869.500000000  -71.058824023   -0.230876541
 -24868.000000000  -70.712368171   -0.231065980
 -24866.500000000  -70.365621011   -0.231265560
 -24865.000000000  -70.018564611   -0.231478895
 -24863.500000000  -69.671175690   -0.231709499
 -24862.000000000  -69.323425774   -0.231960779
 -24860.500000000  -68.975281373   -0.232236017
 -24859.000000000  -68.626704166   -0.232538366
 -24857.500000000  -68.277651212   -0.232870837
 -24856.000000000  -67.928075162   -0.233236292
 -24854.500000000  -67.577924490   -0.233637436
 -24853.000000000  -67.227143735   -0.234076812
 -24851.500000000  -66.875673748   -0.234556794
 -24850.000000000  -66.523451947   -0.235079582
 -24848.500000000  -66.170412585   -0.235647199
 -24847.000000000  -65.816487012   -0.236261487
 -24845.500000000  -65.461603956   -0.236924105
 -24844.000000000  -65.105689790   -0.237636530
 -24842.500000000  -64.748668816   -0.238400049
 -24841.000000000  -64.390463542   -0.239215765
 -24839.500000000  -64.030994959   -0.240084598
 -24838.000000000  -63.670182822   -0.241007278
 -24836.500000000  -63.307945922   -0.241984358
 -24835.000000000  -62.944202363   -0.243016204
 -24833.500000000  -62.578869828   -0.244103008
 -24832.000000000  -62.211865849   -0.245244785
 -24830.500000000  -61.843108064   -0.246441376
 -24829.000000000  -61.472514472   -0.247692459
 -24827.500000000  -61.100003684   -0.248997543
 -24826.000000000  -60.725495164   -0.250355981
 -24824.500000000  -60.348909463   -0.251766971
 -24823.000000000  -59.970168449   -0.253229562
 -24821.500000000  -59.589195521   -0.254742661
 -24820.000000000  -59.205915826   -0.256305036
 -24818.500000000  -58.820256455   -0.257915324
 -24817.000000000  -58.432146640   -0.259572037
 -24815.500000000  -58.041517932   -0.261273569
 -24814.000000000  -57.648304380   -0.263018200
 -24812.500000000  -57.252442693   -0.264804105
 -24811.000000000  -56.853872390   -0.266629359
 -24809.500000000  -56.452535949   -0.268491945
 -24808.000000000  -56.048378938   -0.270389762
 -24806.500000000  -55.641350139   -0.272320627
 -24805.000000000  -55.231401658   -0.274282288
 -24803.500000000  -54.818489034   -0.276272427
 -24802.000000000  -54.402571328   -0.278288665
 -24800.500000000  -53.983611202   -0.280328576
 -24799.000000000  -53.561575000   -0.282389685
 -24797.500000000  -53.136432803   -0.284469480
 -24796.000000000  -52.708158487   -0.286565418
 -24794.500000000  -52.276729762   -0.288674929
 -24793.000000000  -51.842128208   -0.290795423
 -24791.500000000  -51.404339301   -0.292924299
 -24790.000000000  -50.963352425   -0.295058947
 -24788.500000000  -50.519160879   -0.297196757
 -24787.000000000  -50.071761878   -0.299335120
 -24785.500000000  -49.621156539   -0.301471442
 -24784.000000000  -49.167349865   -0.303603139
 -24782.500000000  -48.710350715   -0.305727651
 -24781.000000000  -48.250171775   -0.307842439
 -24779.500000000  -47.786829512   -0.309944999
 -24778.000000000  -47.320344130   -0.312032856
 -24776.500000000  -46.850739512   -0.314103578
 -24775.000000000  -46.378043159   -0.316154774
 -24773.500000000  -45.902286125   -0.318184100
 -24772.000000000  -45.423502942   -0.320189262
 -24770.500000000  -44.941731541   -0.322168022
 -24769.000000000  -44.457013171   -0.324118196
 -24767.500000000  -43.969392308   -0.326037663
 -24766.000000000  -43.478916566   -0.327924365
 -24764.500000000  -42.985636594   -0.329776308
 -24763.000000000  -42.489605983   -0.331591569
 -24761.500000000  -41.990881156   -0.333368294
 -24760.000000000  -41.489521261   -0.335104701
 -24758.500000000  -40.985588067   -0.336799083
 -24757.000000000  -40.479145841   -0.338449810
 -24755.500000000  -39.970261244   -0.340055326
 -24754.000000000  -39.459003206   -0.341614158
 -24752.500000000  -38.945442810   -0.343124910
 -24751.000000000  -38.429653175   -0.344586266
 -24749.500000000  -37.911709330   -0.345996991
 -24748.000000000  -37.391688094   -0.347355934
 -24746.500000000  -36.869667955   -0.348662023
 -24745.000000000  -36.345728947   -0.349914269
 -24743.500000000  -35.819952526   -0.351111764
 -24742.000000000  -35.292421446   -0.352253682
 -24740.500000000  -34.763219642   -0.353339279
 -24739.000000000  -34.232432104   -0.354367890
 -24737.500000000  -33.700144757   -0.355338933
 -24736.000000000  -33.166444344   -0.356251901
 -24734.500000000  -32.631418305   -0.357106369
 -24733.000000000  -32.095154662   -0.357901988
 -24731.500000000  -31.557741904   -0.358638483
 -24730.000000000  -31.019268873   -0.359315658
 -24728.500000000  -30.479824653   -0.359933387
 -24727.000000000  -29.939498462   -0.360491617
 -24725.500000000  -29.398379544   -0.360990365
 -24724.000000000  -28.856557065   -0.361429718
 -24722.500000000  -28.314120013   -0.361809828
 -24721.000000000  -27.771157096   -0.362130912
 -24719.500000000  -27.227756649   -0.362393253
 -24718.000000000  -26.684006538   -0.362597192
 -24716.500000000  -26.139994073   -0.362743131
 -24715.000000000  -25.595805917   -0.362831527
 -24713.500000000  -25.051528006   -0.362862895
 -24712.000000000  -24.507245464   -0.362837800
 -24710.500000000  -23.963042528   -0.362756860
 -24709.000000000  -23.419002476   -0.362620738
 -24707.500000000  -22.875207549   -0.362430147
 -24706.000000000  -22.331738894   -0.362185840
 -24704.500000000  -21.788676488   -0.361888615
 -24703.000000000  -21.246099090   -0.361539307
 -24701.500000000  -20.704084173   -0.361138788
 -24700.000000000  -20.162707877   -0.360687966
 -24698.500000000  -19.622044957   -0.360187779
 -24697.000000000  -19.082168737   -0.359639198
 -24695.500000000  -18.543151064   -0.359043217
 -24694.000000000  -18.005062273   -0.358400861
 -24692.500000000  -17.467971145   -0.357713175
 -24691.000000000  -16.931944881   -0.356981224
 -24689.500000000  -16.397049063   -0.356206094
 -24688.000000000  -15.863347638   -0.355388887
 -24686.500000000  -15.330902884   -0.354530718
 -24685.000000000  -14.799775401   -0.353632716
 -24683.500000000  -14.270024084   -0.352696020
 -24682.000000000  -13.741706116   -0.351721775
 -24680.500000000  -13.214876955   -0.350711137
 -24679.000000000  -12.689590325   -0.349665261
 -24677.500000000  -12.165898212   -0.348585307
 -24676.000000000  -11.643850861   -0.347472437
 -24674.500000000  -11.123496779   -0.346327809
 -24673.000000000  -10.604882734   -0.345152580
 -24671.500000000  -10.088053763   -0.343947902
 -24670.000000000   -9.573053179   -0.342714921
 -24668.500000000   -9.059922583   -0.341454774
 -24667.000000000   -8.548701876   -0.340168591
 -24665.500000000   -8.039429270   -0.338857489
 -24664.000000000   -7.532141313   -0.337522577
 -24662.500000000   -7.026872899   -0.336164945
 -24661.000000000   -6.523657296   -0.334785674
 -24659.500000000   -6.022526164   -0.333385827
 -24658.000000000   -5.523509581   -0.331966448
 -24656.500000000   -5.026636069   -0.330528568
 -24655.000000000   -4.531932622   -0.329073196
 -24653.500000000   -4.039424734   -0.327601320
 -24652.000000000   -3.549136427   -0.326113912
 -24650.500000000   -3.061090289   -0.324611919
 -24649.000000000   -2.575307498   -0.323096267
 -24647.500000000   -2.091807864   -0.321567860
 -24646.000000000   -1.610609857   -0.320027576
 -24644.500000000   -1.131730645   -0.318476273
 -24643.000000000   -0.655186131   -0.316914782
 -24641.500000000   -0.180990988   -0.315343911
 -24640.000000000    0.290841302   -0.313764440
 -24638.500000000    0.760298410   -0.312177126
 -24637.000000000    1.227369125   -0.310582701
 -24635.500000000    1.692043309   -0.308981868
 -24634.000000000    2.154311866   -0.307375308
 -24632.500000000    2.614166695   -0.305763672
 -24631.000000000    3.071600657   -0.304147587
 -24629.500000000    3.526607533   -0.302527655
 -24628.000000000    3.979181985   -0.300904449
 -24626.500000000    4.429319518   -0.299278518
 -24625.000000000    4.877016438   -0.297650385
 -24623.500000000    5.322269821   -0.296020547
 -24622.000000000    5.765077464   -0.294389477
 -24620.500000000    6.205437858   -0.292757620
 -24619.000000000    6.643350144   -0.291125400
 -24617.500000000    7.078814077   -0.289493214
 -24616.000000000    7.511829991   -0.287861436
 -24614.500000000    7.942398765   -0.286230416
 -24613.000000000    8.370521784   -0.284600482
 -24611.500000000    8.796200906   -0.282971938
 -24610.000000000    9.219438433   -0.281345066
 -24608.500000000    9.640237070   -0.279720127
 -24607.000000000   10.058599900   -0.278097362
 -24605.500000000   10.474530352   -0.276476989
 -24604.000000000   10.888032165   -0.274859209
 -24602.500000000   11.299109367   -0.273244203
 -24601.000000000   11.707766241   -0.271632131
 -24599.500000000   12.114007301   -0.270023139
 -24598.000000000   12.517837262   -0.268417354
 -24596.500000000   12.919261021   -0.266814885
 -24595.000000000   13.318283623   -0.265215828
 -24593.500000000   13.714910250   -0.263620262
 -24592.000000000   14.109146187   -0.262028252
 -24590.500000000   14.500996810   -0.260439850
 -24589.000000000   14.890467560   -0.258855094
 -24587.500000000   15.277563929   -0.257274011
 -24586.000000000   15.662291437   -0.255696615
 -24584.500000000   16.044655621   -0.254122911
 -24583.000000000   16.424662012   -0.252552891
 -24581.500000000   16.802316130   -0.250986542
 -24580.000000000   17.177623461   -0.249423838
 -24578.500000000   17.550589450   -0.247864748
 -24577.000000000   17.921219491   -0.246309232
 -24575.500000000   18.289518911   -0.244757245
 -24574.000000000   18.655492964   -0.243208735
 -24572.500000000   19.019146824   -0.241663644
 -24571.000000000   19.380485577   -0.240121913
 -24569.500000000   19.739514210   -0.238583475
 -24568.000000000   20.096237615   -0.237048262
 -24566.500000000   20.450660574   -0.235516203
 -24565.000000000   20.802787764   -0.233987224
 -24563.500000000   21.152623750   -0.232461252
 -24562.000000000   21.500172985   -0.230938210
 -24560.500000000   21.845439807   -0.229418022
 -24559.000000000   22.188428441   -0.227900614
 -24557.500000000   22.529143000   -0.226385909
 -24556.000000000   22.867587484   -0.224873835
 -24554.500000000   23.203765784   -0.223364319
 -24553.000000000   23.537681685   -0.221857292
 -24551.500000000   23.869338870   -0.220352685
 -24550.000000000   24.198740920   -0.218850436
 -24548.500000000   24.525891324   -0.217350482
 -24547.000000000   24.850793484   -0.215852766
 -24545.500000000   25.173450715   -0.214357236
 -24544.000000000   25.493866258   -0.212863841
 -24542.500000000   25.812043285   -0.211372540
 -24541.000000000   26.127984904   -0.209883291
 -24539.500000000   26.441694167   -0.208396061
 -24538.000000000   26.753174082   -0.206910822
 -24536.500000000   27.062427617   -0.205427550
 -24535.000000000   27.369457709   -0.203946230
 -24533.500000000   27.674267275   -0.202466848
 -24532.000000000   27.976859221   -0.200989402
 -24530.500000000   28.277236448   -0.199513891
 -24529.000000000   28.575401866   -0.198040324
 -24527.500000000   28.871358399   -0.196568715
 -24526.000000000   29.165108999   -0.195099084
 -24524.500000000   29.456656652   -0.193631458
 -24523.000000000   29.746004392   -0.192165871
 -24521.500000000   30.033155305   -0.190702363
 -24520.000000000   30.318112544   -0.189240981
 -24518.500000000   30.600879336   -0.187781776
 -24517.000000000   30.881458991   -0.186324810
 -24515.500000000   31.159854916   -0.184870146
 -24514.000000000   31.436070617   -0.183417857
 -24512.500000000   31.710109714   -0.181968021
 -24511.000000000   31.981975948   -0.180520721
 -24509.500000000   32.251673188   -0.179076046
 -24508.000000000   32.519205445   -0.177634091
 -24506.500000000   32.784576872   -0.176194957
 -24505.000000000   33.047791779   -0.174758749
 -24503.500000000   33.308854637   -0.173325577
 -24502.000000000   33.567770087   -0.171895557
 -24500.500000000   33.824542945   -0.170468808
 -24499.000000000   34.079178210   -0.169045455
 -24497.500000000   34.331681070   -0.167625624
 -24496.000000000   34.582056909   -0.166209448
 -24494.500000000   34.830311310   -0.164797062
 -24493.000000000   35.076450059   -0.163388604
 -24491.500000000   35.320479156   -0.161984215
 -24490.000000000   35.562404810   -0.160584038
 -24488.500000000   35.802233450   -0.159188221
 -24487.000000000   36.039971725   -0.157796910
 -24485.500000000   36.275626507   -0.156410254
 -24484.000000000   36.509204892   -0.155028406
 -24482.500000000   36.740714204   -0.153651516
 -24481.000000000   36.970161995   -0.152279737
 -24479.500000000   37.197556045   -0.150913221
 -24478.000000000   37.422904366   -0.149552121
 -24476.500000000   37.646215194   -0.148196590
 -24475.000000000   37.867496997   -0.146846779
 -24473.500000000   38.086758467   -0.145502839
 -24472.000000000   38.304008524   -0.144164919
 -24470.500000000   38.519256308   -0.142833166
 -24469.000000000   38.732511179   -0.141507727
 -24467.500000000   38.943782716   -0.140188744
 -24466.000000000   39.153080708   -0.138876358
 -24464.500000000   39.360415156   -0.137570707
 -24463.000000000   39.565796262   -0.136271925
 -24461.500000000   39.769234431   -0.134980144
 -24460.000000000   39.970740257   -0.133695490
 -24458.500000000   40.170324525   -0.132418086
 -24457.000000000   40.367998200   -0.131148052
 -24455.500000000   40.563772421   -0.129885500
 -24454.000000000   40.757658496   -0.128630541
 -24452.500000000   40.949667891   -0.127383277
 -24451.000000000   41.139812224   -0.126143807
 -24449.500000000   41.328103257   -0.124912225
 -24448.000000000   41.514552886   -0.123688616
 -24446.500000000   41.699173134   -0.122473062
 -24445.000000000   41.881976138   -0.121265638
 -24443.500000000   42.062974146   -0.120066410
 -24442.000000000   42.242179499   -0.118875442
 -24440.500000000   42.419604628   -0.117692786
 -24439.000000000   42.595262039   -0.116518492
 -24437.500000000   42.769164305   -0.115352599
 -24436.000000000   42.941324054   -0.114195141
 -24434.500000000   43.111753959   -0.113046144
 -24433.000000000   43.280466726   -0.111905626
 -24431.500000000   43.447475083   -0.110773599
 -24430.000000000   43.612791769   -0.109650065
 -24428.500000000   43.776429523   -0.108535020
 -24427.000000000   43.938401069   -0.107428454
 -24425.500000000   44.098719112   -0.106330344
 -24424.000000000   44.257396318   -0.105240666
 -24422.500000000   44.414445306   -0.104159382
 -24421.000000000   44.569878639   -0.103086449
 -24419.500000000   44.723708805   -0.102021818
 -24418.000000000   44.875948215   -0.100965430
 -24416.500000000   45.026609183   -0.099917218
 -24415.000000000   45.175703920   -0.098877108
 -24413.500000000   45.323244519   -0.097845020
 -24412.000000000   45.469242947   -0.096820864
 -24410.500000000   45.613711030   -0.095804545
 -24409.000000000   45.756660447   -0.094795958
 -24407.500000000   45.898102715   -0.093794993
 -24406.000000000   46.038049180   -0.092801534
 -24404.500000000   46.176511007   -0.091815455
 -24403.000000000   46.313499168   -0.090836625
 -24401.500000000   46.449024437   -0.089864907
 -24400.000000000   46.583097372   -0.088900156
 -24398.500000000   46.715728315   -0.087942224
 -24397.000000000   46.846927374   -0.086990953
 -24395.500000000   46.976704424   -0.086046182
 -24394.000000000   47.105069088   -0.085107744
 -24392.500000000   47.232030736   -0.084175466
 -24391.000000000   47.357598476   -0.083249170
 -24389.500000000   47.481781146   -0.082328674
 -24388.000000000   47.604587305   -0.081413791
 -24386.500000000   47.726025230   -0.080504329
 -24385.000000000   47.846102906   -0.079600094
 -24383.500000000   47.964828024   -0.078700885
 -24382.000000000   48.082207972   -0.077806500
 -24380.500000000   48.198249834   -0.076916734
 -24379.000000000   48.312960379   -0.076031377
 -24377.500000000   48.426346064   -0.075150219
 -24376.000000000   48.538413027   -0.074273044
 -24374.500000000   48.649167081   -0.073399639
 -24373.000000000   48.758613718   -0.072529784
 -24371.500000000   48.866758099   -0.071663262
 -24370.000000000   48.973605059   -0.070799851
 -24368.500000000   49.079159099   -0.069939333
 -24367.000000000   49.183424392   -0.069081484
 -24365.500000000   49.286404776   -0.068226084
 -24364.000000000   49.388103757   -0.067372911
 -24362.500000000   49.488524512   -0.066521745
 -24361.000000000   49.587669885   -0.065672365
 -24359.500000000   49.685542390   -0.064824552
 -24358.000000000   49.782144215   -0.063978089
 -24356.500000000   49.877477223   -0.063132759
 -24355.000000000   49.971542952   -0.062288349
 -24353.500000000   50.064342624   -0.061444647
 -24352.000000000   50.155877143   -0.060601444
 -24350.500000000   50.246147101   -0.059758533
 -24349.000000000   50.335152785   -0.058915711
 -24347.500000000   50.422894179   -0.058072779
 -24346.000000000   50.509370970   -0.057229541
 -24344.500000000   50.594582553   -0.056385805
 -24343.000000000   50.678528041   -0.055541382
 -24341.500000000   50.761206265   -0.054696090
 -24340.000000000   50.842615788   -0.053849751
 -24338.500000000   50.922754907   -0.053002190
 -24337.000000000   51.001621663   -0.052153240
 -24335.500000000   51.079213849   -0.051302737
 -24334.000000000   51.155529018   -0.050450524
 -24332.500000000   51.230564491   -0.049596450
 -24331.000000000   51.304317366   -0.048740371
 -24329.500000000   51.376784530   -0.047882146
 -24328.000000000   51.447962664   -0.047021643
 -24326.500000000   51.517848257   -0.046158736
 -24325.000000000   51.586437612   -0.045293307
 -24323.500000000   51.653726859   -0.044425242
 -24322.000000000   51.719711967   -0.043554437
 -24320.500000000   51.784388749   -0.042680793
 -24319.000000000   51.847752880   -0.041804219
 -24317.500000000   51.909799900   -0.040924633
 -24316.000000000   51.970525234   -0.040041958
 -24314.500000000   52.029924195   -0.039156126
 -24313.000000000   52.087992002   -0.038267076
 -24311.500000000   52.144723786   -0.037374754
 -24310.000000000   52.200114607   -0.036479117
 -24308.500000000   52.254159460   -0.035580126
 -24307.000000000   52.306853292   -0.034677751
 -24305.500000000   52.358191010   -0.033771970
 -24304.000000000   52.408167492   -0.032862769
 -24302.500000000   52.456777605   -0.031950142
 -24301.000000000   52.504016207   -0.031034090
 -24299.500000000   52.549878167   -0.030114622
 -24298.000000000   52.594358373   -0.029191754
 -24296.500000000   52.637451743   -0.028265512
 -24295.000000000   52.679153236   -0.027335925
 -24293.500000000   52.719457866   -0.026403035
 -24292.000000000   52.758360711   -0.025466887
 -24290.500000000   52.795856924   -0.024527534
 -24289.000000000   52.831941742   -0.023585039
 -24287.500000000   52.866610503   -0.022639469
 -24286.000000000   52.899858648   -0.021690898
 -24284.500000000   52.931681736   -0.020739407
 -24283.000000000   52.962075454   -0.019785086
 -24281.500000000   52.991035625   -0.018828027
 -24280.000000000   53.018558218   -0.017868332
 -24278.500000000   53.044639356   -0.016906106
 -24277.000000000   53.069275328   -0.015941463
 -24275.500000000   53.092462594   -0.014974519
 -24274.000000000   53.114197795   -0.014005398
 -24272.500000000   53.134477762   -0.013034227
 -24271.000000000   53.153299520   -0.012061141
 -24269.500000000   53.170660297   -0.011086277
 -24268.000000000   53.186557534   -0.010109777
 -24266.500000000   53.200988884   -0.009131788
 -24265.000000000   53.213952228   -0.008152459
 -24263.500000000   53.225445670   -0.007171946
 -24262.000000000   53.235467551   -0.006190404
 -24260.500000000   53.244016447   -0.005207994
 -24259.000000000   53.251091181   -0.004224881
 -24257.500000000   53.256690820   -0.003241228
 -24256.000000000   53.260814680   -0.002257205
 -24254.500000000   53.263462333   -0.001272980
 -24253.000000000   53.264633605   -0.000288726
 -24251.500000000   53.264328584    0.000695384
 -24250.000000000   53.262547613    0.001679177
 -24248.500000000   53.259291300    0.002662477
 -24247.000000000   53.254560515    0.003645111
 -24245.500000000   53.248356389    0.004626902
 -24244.000000000   53.240680319    0.005607675
 -24242.500000000   53.231533961    0.006587256
 -24241.000000000   53.220919235    0.007565470
 -24239.500000000   53.208838320    0.008542146
 -24238.000000000   53.195293654    0.009517110
 -24236.500000000   53.180287930    0.010490194
 -24235.000000000   53.163824096    0.011461230
 -24233.500000000   53.145905348    0.012430051
 -24232.000000000   53.126535132    0.013396495
 -24230.500000000   53.105717133    0.014360401
 -24229.000000000   53.083455277    0.015321611
 -24227.500000000   53.059753723    0.016279973
 -24226.000000000   53.034616859    0.017235335
 -24224.500000000   53.008049293    0.018187550
 -24223.000000000   52.980055852    0.019136478
 -24221.500000000   52.950641573    0.020081978
 -24220.000000000   52.919811698    0.021023919
 -24218.500000000   52.887571662    0.021962171
 -24217.000000000   52.853927091    0.022896611
 -24215.500000000   52.818883794    0.023827121
 -24214.000000000   52.782447751    0.024753588
 -24212.500000000   52.744625106    0.025675905
 -24211.000000000   52.705422162    0.026593971
 -24209.500000000   52.664845368    0.027507690
 -24208.000000000   52.622901309    0.028416975
 -24206.500000000   52.579596701    0.029321743
 -24205.000000000   52.534938377    0.030221917
 -24203.500000000   52.488933280    0.031117429
 -24202.000000000   52.441588452    0.032008217
 -24200.500000000   52.392911020    0.032894224
 -24199.000000000   52.342908193    0.033775403
 -24197.500000000   52.291587245    0.034651713
 -24196.000000000   52.238955507    0.035523119
 -24194.500000000   52.185020354    0.036389594
 -24193.000000000   52.129789199    0.037251121
 -24191.500000000   52.073269474    0.038107685
 -24190.000000000   52.015468626    0.038959284
 -24188.500000000   51.956394103    0.039805920
 -24187.000000000   51.896053342    0.040647604
 -24185.500000000   51.834453759    0.041484353
 -24184.000000000   51.771602739    0.042316192
 -24182.500000000   51.707507620    0.043143156
 -24181.000000000   51.642175689    0.043965284
 -24179.500000000   51.575614164    0.044782623
 -24178.000000000   51.507830188    0.045595228
 -24176.500000000   51.438830815    0.046403162
 -24175.000000000   51.368623004    0.047206493
 -24173.500000000   51.297213600    0.048005298
 -24172.000000000   51.224609332    0.048799659
 -24170.500000000   51.150816799    0.049589667
 -24169.000000000   51.075842460    0.050375418
 -24167.500000000   50.999692624    0.051157014
 -24166.000000000   50.922373441    0.051934565
 -24164.500000000   50.843890895    0.052708186
 -24163.000000000   50.764250788    0.053477998
 -24161.500000000   50.683458740    0.054244130
 -24160.000000000   50.601520174    0.055006712
 -24158.500000000   50.518440311    0.055765883
 -24157.000000000   50.434224160    0.056521786
 -24155.500000000   50.348876514    0.057274568
 -24154.000000000   50.262401939    0.058024384
 -24152.500000000   50.174804768    0.058771388
 -24151.000000000   50.086089098    0.059515743
 -24149.500000000   49.996258780    0.060257614
 -24148.000000000   49.905317416    0.060997168
 -24146.500000000   49.813268350    0.061734577
 -24145.000000000   49.720114670    0.062470016
 -24143.500000000   49.625859198    0.063203663
 -24142.000000000   49.530504488    0.063935697
 -24140.500000000   49.434052823    0.064666300
 -24139.000000000   49.336506212    0.065395655
 -24137.500000000   49.237866389    0.066123948
 -24136.000000000   49.138134807    0.066851364
 -24134.500000000   49.037312640    0.067578091
 -24133.000000000   48.935400784    0.068304316
 -24131.500000000   48.832399851    0.069030225
 -24130.000000000   48.728310173    0.069756007
 -24128.500000000   48.623131802    0.070481847
 -24127.000000000   48.516864511    0.071207931
 -24125.500000000   48.409507795    0.071934444
 -24124.000000000   48.301060874    0.072661567
 -24122.500000000   48.191522697    0.073389483
 -24121.000000000   48.080891940    0.074118369
 -24119.500000000   47.969167016    0.074848401
 -24118.000000000   47.856346077    0.075579752
 -24116.500000000   47.742427016    0.076312591
 -24115.000000000   47.627407476    0.077047085
 -24113.500000000   47.511284854    0.077783394
 -24112.000000000   47.394056307    0.078521677
 -24110.500000000   47.275718760    0.079262086
 -24109.000000000   47.156268911    0.080004770
 -24107.500000000   47.035703241    0.080749871
 -24106.000000000   46.914018020    0.081497527
 -24104.500000000   46.791209318    0.082247868
 -24103.000000000   46.667273011    0.083001020
 -24101.500000000   46.542204793    0.083757102
 -24100.000000000   46.416000185    0.084516225
 -24098.500000000   46.288654543    0.085278496
 -24097.000000000   46.160163073    0.086044012
 -24095.500000000   46.030520838    0.086812864
 -24094.000000000   45.899722772    0.087585134
 -24092.500000000   45.767763689    0.088360898
 -24091.000000000   45.634638297    0.089140223
 -24089.500000000   45.500341210    0.089923167
 -24088.000000000   45.364866962    0.090709780
 -24086.500000000   45.228210015    0.091500104
 -24085.000000000   45.090364776    0.092294173
 -24083.500000000   44.951325612    0.093092009
 -24082.000000000   44.811086859    0.093893627
 -24080.500000000   44.669642837    0.094699034
 -24079.000000000   44.526987866    0.095508224
 -24077.500000000   44.383116278    0.096321186
 -24076.000000000   44.238022432    0.097137897
 -24074.500000000   44.091700728    0.097958325
 -24073.000000000   43.944145620    0.098782427
 -24071.500000000   43.795351633    0.099610154
 -24070.000000000   43.645313375    0.100441445
 -24068.500000000   43.494025552    0.101276228
 -24067.000000000   43.341482983    0.102114426
 -24065.500000000   43.187680613    0.102955947
 -24064.000000000   43.032613529    0.103800694
 -24062.500000000   42.876276972    0.104648559
 -24061.000000000   42.718666352    0.105499424
 -24059.500000000   42.559777263    0.106353163
 -24058.000000000   42.399605495    0.107209640
 -24056.500000000   42.238147046    0.108068712
 -24055.000000000   42.075398139    0.108930224
 -24053.500000000   41.911355234    0.109794016
 -24052.000000000   41.746015036    0.110659918
 -24050.500000000   41.579374515    0.111527751
 -24049.000000000   41.411430911    0.112397329
 -24047.500000000   41.242181752    0.113268459
 -24046.000000000   41.071624858    0.114140940
 -24044.500000000   40.899758361    0.115014563
 -24043.000000000   40.726580706    0.115889113
 -24041.500000000   40.552090668    0.116764369
 -24040.000000000   40.376287359    0.117640103
 -24038.500000000   40.199170237    0.118516081
 -24037.000000000   40.020739114    0.119392063
 -24035.500000000   39.840994167    0.120267806
 -24034.000000000   39.659935941    0.121143059
 -24032.500000000   39.477565361    0.122017570
 -24031.000000000   39.293883733    0.122891079
 -24029.500000000   39.108892753    0.123763327
 -24028.000000000   38.922594514    0.124634048
 -24026.500000000   38.734991506    0.125502975
 -24025.000000000   38.546086620    0.126369839
 -24023.500000000   38.355883157    0.127234367
 -24022.000000000   38.164384823    0.128096287
 -24020.500000000   37.971595736    0.128955326
 -24019.000000000   37.777520425    0.129811208
 -24017.500000000   37.582163829    0.130663659
 -24016.000000000   37.385531299    0.131512407
 -24014.500000000   37.187628598    0.132357177
 -24013.000000000   36.988461893    0.133197699
 -24011.500000000   36.788037759    0.134033704
 -24010.000000000   36.586363172    0.134864925
 -24008.500000000   36.383445508    0.135691098
 -24007.000000000   36.179292531    0.136511964
 -24005.500000000   35.973912398    0.137327266
 -24004.000000000   35.767313641    0.138136753
 -24002.500000000   35.559505169    0.138940179
 -24001.000000000   35.350496256    0.139737302
 -23999.500000000   35.140296531    0.140527889
 -23998.000000000   34.928915971    0.141311711
 -23996.500000000   34.716364890    0.142088548
 -23995.000000000   34.502653927    0.142858186
 -23993.500000000   34.287794036    0.143620419
 -23992.000000000   34.071796470    0.144375052
 -23990.500000000   33.854672773    0.145121897
 -23989.000000000   33.636434763    0.145860775
 -23987.500000000   33.417094516    0.146591519
 -23986.000000000   33.196664353    0.147313970
 -23984.500000000   32.975156825    0.148027982
 -23983.000000000   32.752584694    0.148733420
 -23981.500000000   32.528960916    0.149430158
 -23980.000000000   32.304298625    0.150118086
 -23978.500000000   32.078611114    0.150797103
 -23977.000000000   31.851911816    0.151467123
 -23975.500000000   31.624214282    0.152128072
 -23974.000000000   31.395532167    0.152779889
 -23972.500000000   31.165879204    0.153422529
 -23971.000000000   30.935269184    0.154055959
 -23969.500000000   30.703715941    0.154680161
 -23968.000000000   30.471233319    0.155295130
 -23966.500000000   30.237835161    0.155900879
 -23965.000000000   30.003535281    0.156497432
 -23963.500000000   29.768347442    0.157084832
 -23962.000000000   29.532285333    0.157663135
 -23960.500000000   29.295362549    0.158232413
 -23959.000000000   29.057592564    0.158792753
 -23957.500000000   28.818988708    0.159344258
 -23956.000000000   28.579564148    0.159887047
 -23954.500000000   28.339331859    0.160421254
 -23953.000000000   28.098304601    0.160947030
 -23951.500000000   27.856494901    0.161464541
 -23950.000000000   27.613915022    0.161973966
 -23948.500000000   27.370576946    0.162475504
 -23947.000000000   27.126492347    0.162969367
 -23945.500000000   26.881672570    0.163455781
 -23944.000000000   26.636128607    0.163934990
 -23942.500000000   26.389871073    0.164407252
 -23941.000000000   26.142910190    0.164872837
 -23939.500000000   25.895255757    0.165332033
 -23938.000000000   25.646917135    0.165785141
 -23936.500000000   25.397903222    0.166232474
 -23935.000000000   25.148222437    0.166674360
 -23933.500000000   24.897882695    0.167111141
 -23932.000000000   24.646891391    0.167543169
 -23930.500000000   24.395255380    0.167970811
 -23929.000000000   24.142980961    0.168394444
 -23927.500000000   23.890073857    0.168814457
 -23926.000000000   23.636539202    0.169231248
 -23924.500000000   23.382381519    0.169645228
 -23923.000000000   23.127604714    0.170056815
 -23921.500000000   22.872212056    0.170466438
 -23920.000000000   22.616206164    0.170874533
 -23918.500000000   22.359588998    0.171281544
 -23917.000000000   22.102361848    0.171687922
 -23915.500000000   21.844525319    0.172094125
 -23914.000000000   21.586079329    0.172500615
 -23912.500000000   21.327023096    0.172907860
 -23911.000000000   21.067355134    0.173316332
 -23909.500000000   20.807073249    0.173726505
 -23908.000000000   20.546174529    0.174138857
 -23906.500000000   20.284655349    0.174553866
 -23905.000000000   20.022511362    0.174972013
 -23903.500000000   19.759737503    0.175393775
 -23902.000000000   19.496327990    0.175819631
 -23900.500000000   19.232276323    0.176250058
 -23899.000000000   18.967575293    0.176685528
 -23897.500000000   18.702216981    0.177126512
 -23896.000000000   18.436192770    0.177573472
 -23894.500000000   18.169493347    0.178026868
 -23893.000000000   17.902108720    0.178487153
 -23891.500000000   17.634028222    0.178954770
 -23890.000000000   17.365240525    0.179430156
 -23888.500000000   17.095733657    0.179913735
 -23887.000000000   16.825495014    0.180405925
 -23885.500000000   16.554511376    0.180907128
 -23884.000000000   16.282768928    0.181417736
 -23882.500000000   16.010253278    0.181938127
 -23881.000000000   15.736949475    0.182468664
 -23879.500000000   15.462842040    0.183009695
 -23878.000000000   15.187914979    0.183561551
 -23876.500000000   14.912151816    0.184124547
 -23875.000000000   14.635535619    0.184698979
 -23873.500000000   14.358049023    0.185285123
 -23872.000000000   14.079674266    0.185883236
 -23870.500000000   13.800393214    0.186493553
 -23869.000000000   13.520187398    0.187116289
 -23867.500000000   13.239038042    0.187751635
 -23866.000000000   12.956926104    0.188399758
 -23864.500000000   12.673832306    0.189060803
 -23863.000000000   12.389737173    0.189734889
 -23861.500000000   12.104621073    0.190422107
 -23860.000000000   11.818464252    0.191122525
 -23858.500000000   11.531246879    0.191836182
 -23857.000000000   11.242949081    0.192563090
 -23855.500000000   10.953550990    0.193303233
 -23854.000000000   10.663032785    0.194056566
 -23852.500000000   10.371374734    0.194823014
 -23851.000000000   10.078557237    0.195602473
 -23849.500000000    9.784560877    0.196394808
 -23848.000000000    9.489366457    0.197199855
 -23846.500000000    9.192955054    0.198017417
 -23845.000000000    8.895308062    0.198847267
 -23843.500000000    8.596407236    0.199689148
 -23842.000000000    8.296234747    0.200542769
 -23840.500000000    7.994773221    0.201407807
 -23839.000000000    7.692005792    0.202283911
 -23837.500000000    7.387916148    0.203170694
 -23836.000000000    7.082488578    0.204067740
 -23834.500000000    6.775708022    0.204974599
 -23833.000000000    6.467560113    0.205890793
 -23831.500000000    6.158031232    0.206815809
 -23830.000000000    5.847108546    0.207749106
 -23828.500000000    5.534780060    0.208690111
 -23827.000000000    5.221034661    0.209638221
 -23825.500000000    4.905862162    0.210592803
 -23824.000000000    4.589253346    0.211553196
 -23822.500000000    4.271200013    0.212518710
 -23821.000000000    3.951695016    0.213488626
 -23819.500000000    3.630732307    0.214462199
 -23818.000000000    3.308306976    0.215438658
 -23816.500000000    2.984415289    0.216417205
 -23815.000000000    2.659054728    0.217397019
 -23813.500000000    2.332224022    0.218377254
 -23812.000000000    2.003923188    0.219357043
 -23810.500000000    1.674153560    0.220335497
 -23809.000000000    1.342917820    0.221311706
 -23807.500000000    1.010220028    0.222284742
 -23806.000000000    0.676065653    0.223253659
 -23804.500000000    0.340461592    0.224217494
 -23803.000000000    0.003416201    0.225175270
 -23801.500000000   -0.335060693    0.226125996
 -23800.000000000   -0.674957762    0.227068670
 -23798.500000000   -1.016262169    0.228002278
 -23797.000000000   -1.358959551    0.228925798
 -23795.500000000   -1.703034005    0.229838202
 -23794.000000000   -2.048468081    0.230738454
 -23792.500000000   -2.395242773    0.231625517
 -23791.000000000   -2.743337519    0.232498352
 -23789.500000000   -3.092730195    0.233355918
 -23788.000000000   -3.443397120    0.234197178
 -23786.500000000   -3.795313057    0.235021096
 -23785.000000000   -4.148451224    0.235826646
 -23783.500000000   -4.502783301    0.236612806
 -23782.000000000   -4.858279443    0.237378566
 -23780.500000000   -5.214908298    0.238122925
 -23779.000000000   -5.572637025    0.238844899
 -23777.500000000   -5.931431315    0.239543516
 -23776.000000000   -6.291255419    0.240217825
 -23774.500000000   -6.652072171    0.240866894
 -23773.000000000   -7.013843025    0.241489811
 -23771.500000000   -7.376528084    0.242085690
 -23770.000000000   -7.740086143    0.242653668
 -23768.500000000   -8.104474722    0.243192914
 -23767.000000000   -8.469650115    0.243702622
 -23765.500000000   -8.835567435    0.244182022
 -23764.000000000   -9.202180659    0.244630375
 -23762.500000000   -9.569442685    0.245046979
 -23761.000000000   -9.937305386    0.245431167
 -23759.500000000  -10.305719664    0.245782313
 -23758.000000000  -10.674635512    0.246099833
 -23756.500000000  -11.044002079    0.246383184
 -23755.000000000  -11.413767730    0.246631867
 -23753.500000000  -11.783880119    0.246845430
 -23752.000000000  -12.154286256    0.247023467
 -23750.500000000  -12.524932577    0.247165621
 -23749.000000000  -12.895765024    0.247271587
 -23747.500000000  -13.266729115    0.247341108
 -23746.000000000  -13.637770025    0.247373983
 -23744.500000000  -14.008832664    0.247370061
 -23743.000000000  -14.379861761    0.247329248
 -23741.500000000  -14.750801942    0.247251505
 -23740.000000000  -15.121597818    0.247136848
 -23738.500000000  -15.492194064    0.246985350
 -23737.000000000  -15.862535511    0.246797141
 -23735.500000000  -16.232567226    0.246572411
 -23734.000000000  -16.602234604    0.246311404
 -23732.500000000  -16.971483450    0.246014424
 -23731.000000000  -17.340260069    0.245681832
 -23729.500000000  -17.708511350    0.245314049
 -23728.000000000  -18.076184856    0.244911549
 -23726.500000000  -18.443228907    0.244474868
 -23725.000000000  -18.809592662    0.244004593
 -23723.500000000  -19.175226212    0.243501371
 -23722.000000000  -19.540080651    0.242965901
 -23720.500000000  -19.904108167    0.242398936
 -23719.000000000  -20.267262114    0.241801281
 -23717.500000000  -20.629497093    0.241173793
 -23716.000000000  -20.990769027    0.240517376
 -23714.500000000  -21.351035231    0.239832982
 -23713.000000000  -21.710254485    0.239121611
 -23711.500000000  -22.068387096    0.238384303
 -23710.000000000  -22.425394966    0.237622141
 -23708.500000000  -22.781241651    0.236836246
 -23707.000000000  -23.135892415    0.236027775
 -23705.500000000  -23.489314284    0.235197920
 -23704.000000000  -23.841476094    0.234347903
 -23702.500000000  -24.192348535    0.233478971
 -23701.000000000  -24.541904188    0.232592400
 -23699.500000000  -24.890117561    0.231689482
 -23698.000000000  -25.236965118    0.230771531
 -23696.500000000  -25.582425301    0.229839872
 -23695.000000000  -25.926478549    0.228895842
 -23693.500000000  -26.269107314    0.227940784
 -23692.000000000  -26.610296059    0.226976042
 -23690.500000000  -26.950031270    0.226002961
 -23689.000000000  -27.288301440    0.225022878
 -23687.500000000  -27.625097066    0.224037121
 -23686.000000000  -27.960410625    0.223047006
 -23684.500000000  -28.294236551    0.222053825
 -23683.000000000  -28.626571205    0.221058853
 -23681.500000000  -28.957412838    0.220063334
 -23680.000000000  -29.286761542    0.219068481
 -23678.500000000  -29.614619204    0.218075471
 -23677.000000000  -29.940989445    0.217085439
 -23675.500000000  -30.265877557    0.216099477
 -23674.000000000  -30.589290432    0.215118625
 -23672.500000000  -30.911236482    0.214143871
 -23671.000000000  -31.231725558    0.213176142
 -23669.500000000  -31.550768857    0.212216307
 -23668.000000000  -31.868378827    0.211265165
 -23666.500000000  -32.184569064    0.210323445
 -23665.000000000  -32.499354202    0.209391803
 -23663.500000000  -32.812749802    0.208470817
 -23662.000000000  -33.124772232    0.207560984
 -23660.500000000  -33.435438539    0.206662717
 -23659.000000000  -33.744766328    0.205776340
 -23657.500000000  -34.052773623    0.204902089
 -23656.000000000  -34.359478730    0.204040107
 -23654.500000000  -34.664900104    0.203190443
 -23653.000000000  -34.969056197    0.202353051
 -23651.500000000  -35.271965320    0.201527784
 -23650.000000000  -35.573645494    0.200714402
 -23648.500000000  -35.874114298    0.199912561
 -23647.000000000  -36.173388728    0.199121820
 -23645.500000000  -36.471485041    0.198341641
 -23644.000000000  -36.768418613    0.197571384
 -23642.500000000  -37.064203788    0.196810315
 -23641.000000000  -37.358853739    0.196057605
 -23639.500000000  -37.652380324    0.195312332
 -23638.000000000  -37.944793949    0.194573483
 -23636.500000000  -38.236103438    0.193839961
 -23635.000000000  -38.526315906    0.193110586
 -23633.500000000  -38.815436640    0.192384099
 -23632.000000000  -39.103468985    0.191659172
 -23630.500000000  -39.390414241    0.190934410
 -23629.000000000  -39.676271570    0.190208356
 -23627.500000000  -39.961037912    0.189479506
 -23626.000000000  -40.244707913    0.188746307
 -23624.500000000  -40.527273865    0.188007173
 -23623.000000000  -40.808725659    0.187260493
 -23621.500000000  -41.089050755    0.186504637
 -23620.000000000  -41.368234167    0.185737974
 -23618.500000000  -41.646258460    0.184958876
 -23617.000000000  -41.923103772    0.184165733
 -23615.500000000  -42.198747849    0.183356969
 -23614.000000000  -42.473166099    0.182531048
 -23612.500000000  -42.746331674    0.181686494
 -23611.000000000  -43.018215562    0.180821905
 -23609.500000000  -43.288786710    0.179935963
 -23608.000000000  -43.558012164    0.179027454
 -23606.500000000  -43.825857238    0.178095283
 -23605.000000000  -44.092285699    0.177138489
 -23603.500000000  -44.357259984    0.176156260
 -23602.000000000  -44.620741438    0.175147955
 -23600.500000000  -44.882690577    0.174113113
 -23599.000000000  -45.143067375    0.173051475
 -23597.500000000  -45.401831581    0.171963001
 -23596.000000000  -45.658943053    0.170847883
 -23594.500000000  -45.914362122    0.169706560
 -23593.000000000  -46.168049980    0.168539741
 -23591.500000000  -46.419969085    0.167348411
 -23590.000000000  -46.670083591    0.166133849
 -23588.500000000  -46.918359804    0.164897643
 -23587.000000000  -47.164766644    0.163641697
 -23585.500000000  -47.409276136    0.162368246
 -23584.000000000  -47.651863908    0.161079860
 -23582.500000000  -47.892509702    0.159779457
 -23581.000000000  -48.131197895    0.158470300
 -23579.500000000  -48.367918026    0.157156005
 -23578.000000000  -48.602665320    0.155840539
 -23576.500000000  -48.835441209    0.154528214
 -23575.000000000  -49.066253852    0.153223681
 -23573.500000000  -49.295118631    0.151931919
 -23572.000000000  -49.522058636    0.150658221
 -23570.500000000  -49.747105112    0.149408169
 -23569.000000000  -49.970297886    0.148187614
 -23567.500000000  -50.191685740    0.147002640
 -23566.000000000  -50.411326737    0.145859532
 -23564.500000000  -50.629288485    0.144764725
 -23563.000000000  -50.845648331    0.143724758
 -23561.500000000  -51.060493470    0.142746211
 -23560.000000000  -51.273920954    0.141835639
 -23558.500000000  -51.486037603    0.140999491
 -23557.000000000  -51.696959774    0.140244025
 -23555.500000000  -51.906813010    0.139575207
 -23554.000000000  -52.115731510    0.138998600
 -23552.500000000  -52.323857445    0.138519241
 -23551.000000000  -52.531340059    0.138141505
 -23549.500000000  -52.738334566    0.137868949
 -23548.000000000  -52.945000802    0.137704147
 -23546.500000000  -53.151501611    0.137648507
 -23545.000000000  -53.358000947    0.137702063
 -23543.500000000  -53.564661650    0.137863257
 -23542.000000000  -53.771642877    0.138128697
 -23540.500000000  -53.979097158    0.138492890
 -23539.000000000  -54.187167028    0.138947954
 -23537.500000000  -54.395981217    0.139483309
 -23536.000000000  -54.605650347    0.140085334
 -23534.500000000  -54.816262102    0.140737001
 -23533.000000000  -55.027875825    0.141417480
 -23531.500000000  -55.240516493    0.142101706
 -23530.000000000  -55.454168026    0.142759923
 -23528.500000000  -55.668765877    0.143357179
 -23527.000000000  -55.884188848    0.143852796
 -23525.500000000  -56.100250068    0.144199790
 -23524.000000000  -56.316687082    0.144344259
 -23522.500000000  -56.533150977    0.144224715
 -23521.000000000  -56.749194480    0.143771377
 -23519.500000000  -56.964258958    0.142905412
 -23518.000000000  -57.177660232    0.141538123
 -23516.500000000  -57.388573143    0.139570080
 -23515.000000000  -57.596014762    0.136890197
 -23513.500000000  -57.798826177    0.133374743
 -23512.000000000  -57.995652738    0.128886288
 -23510.500000000  -58.184922685    0.123272586
 -23509.000000000  -58.364824032    0.116365379
 -23507.500000000  -58.533279611    0.107979130
 -23506.000000000  -58.687920152    0.097909674
 -23504.500000000  -58.826055279    0.085932790
 -23503.000000000  -58.944642292    0.071802675
 -23501.500000000  -59.040252607    0.055250338
 -23500.000000000  -59.109035694    0.035981887
