#! FIELDS energy b1.bias der_energy
#! SET min_energy -25000
#! SET max_energy -23500
#! SET nbins_energy  1001
#! SET periodic_energy false
 -25000.000000000 -102.861990847   -0.261712624
 -24998.500000000 -102.479591038   -0.248544771
 -24997.000000000 -102.115251392   -0.237588001
 -24995.500000000 -101.765849252   -0.228587541
 -24994.000000000 -101.428627193   -0.221310923
 -24992.500000000 -101.101160738   -0.215546436
 -24991.000000000 -100.781328323   -0.211101669
 -24989.500000000 -100.467283388   -0.207802141
 -24988.000000000 -100.157428461   -0.205490003
 -24986.500000000  -99.850391140   -0.204022818
 -24985.000000000  -99.545001837   -0.203272414
 -24983.500000000  -99.240273200   -0.203123810
 -24982.000000000  -98.935381102   -0.203474191
 -24980.500000000  -98.629647101   -0.204231967
 -24979.000000000  -98.322522293   -0.205315872
 -24977.500000000  -98.013572454   -0.206654128
 -24976.000000000  -97.702464405   -0.208183659
 -24974.500000000  -97.388953515   -0.209849358
 -24973.000000000  -97.072872272   -0.211603398
 -24971.500000000  -96.754119846   -0.213404591
 -24970.000000000  -96.432652590   -0.215217786
 -24968.500000000  -96.108475404   -0.217013314
 -24967.000000000  -95.781633911   -0.218766463
 -24965.500000000  -95.452207389   -0.220456997
 -24964.000000000  -95.120302394   -0.222068703
 -24962.500000000  -94.786047050   -0.223588975
 -24961.000000000  -94.449585927   -0.225008426
 -24959.500000000  -94.111075488   -0.226320529
 -24958.000000000  -93.770680049   -0.227521287
 -24956.500000000  -93.428568220   -0.228608925
 -24955.000000000  -93.084909780   -0.229583609
 -24953.500000000  -92.739872968   -0.230447190
 -24952.000000000  -92.393622135   -0.231202961
 -24950.500000000  -92.046315748   -0.231855442
 -24949.000000000  -91.698104694   -0.232410182
 -24947.500000000  -91.349130887   -0.232873575
 -24946.000000000  -90.999526114   -0.233252697
 -24944.500000000  -90.649411135   -0.233555155
 -24943.000000000  -90.298894983   -0.233788954
 -24941.500000000  -89.948074465   -0.233962373
 -24940.000000000  -89.597033834   -0.234083855
 -24938.500000000  -89.245844612   -0.234161914
 -24937.000000000  -88.894565556   -0.234205043
 -24935.500000000  -88.543242744   -0.234221643
 -24934.000000000  -88.191909769   -0.234219950
 -24932.500000000  -87.840588028   -0.234207981
 -24931.000000000  -87.489287088   -0.234193479
 -24929.500000000  -87.138005134   -0.234183877
 -24928.000000000  -86.786729460   -0.234186254
 -24926.500000000  -86.435437024   -0.234207310
 -24925.000000000  -86.084095036   -0.234253338
 -24923.500000000  -85.732661580   -0.234330210
 -24922.000000000  -85.381086262   -0.234443356
 -24920.500000000  -85.029310876   -0.234597760
 -24919.000000000  -84.677270080   -0.234797953
 -24917.500000000  -84.324892079   -0.235048006
 -24916.000000000  -83.972099314   -0.235351537
 -24914.500000000  -83.618809138   -0.235711712
 -24913.000000000  -83.264934490   -0.236131249
 -24911.500000000  -82.910384562   -0.236612430
 -24910.000000000  -82.555065442   -0.237157113
 -24908.500000000  -82.198880746   -0.237766738
 -24907.000000000  -81.841732230   -0.238442346
 -24905.500000000  -81.483520381   -0.239184594
 -24904.000000000  -81.124144979   -0.239993768
 -24902.500000000  -80.763505640   -0.240869805
 -24901.000000000  -80.401502328   -0.241812304
 -24899.500000000  -80.038035848   -0.242820552
 -24898.000000000  -79.673008298   -0.243893539
 -24896.500000000  -79.306323503   -0.245029975
 -24895.000000000  -78.937887418   -0.246228314
 -24893.500000000  -78.567608497   -0.247486772
 -24892.000000000  -78.195398041   -0.248803344
 -24890.500000000  -77.821170508   -0.250175825
 -24889.000000000  -77.444843801   -0.251601830
 -24887.500000000  -77.066339528   -0.253078809
 -24886.000000000  -76.685583229   -0.254604072
 -24884.500000000  -76.302504579   -0.256174798
 -24883.000000000  -75.917037566   -0.257788060
 -24881.500000000  -75.529120639   -0.259440839
 -24880.000000000  -75.138696837   -0.261130038
 -24878.500000000  -74.745713890   -0.262852503
 -24877.000000000  -74.350124295   -0.264605033
 -24875.500000000  -73.951885374   -0.266384397
 -24874.000000000  -73.550959310   -0.268187348
 -24872.500000000  -73.147313163   -0.270010634
 -24871.000000000  -72.740918862   -0.271851014
 -24869.500000000  -72.331753187   -0.273705265
 -24868.000000000  -71.919797729   -0.275570197
 -24866.500000000  -71.505038831   -0.277442662
 -24865.000000000  -71.087467527   -0.279319562
 -24863.500000000  -70.667079447   -0.281197861
 -24862.000000000  -70.243874730   -0.283074589
 -24860.500000000  -69.817857911   -0.284946855
 -24859.000000000  -69.389037802   -0.286811849
 -24857.500000000  -68.957427363   -0.288666849
 -24856.000000000  -68.523043568   -0.290509229
 -24854.500000000  -68.085907253   -0.292336462
 -24853.000000000  -67.646042969   -0.294146125
 -24851.500000000  -67.203478821   -0.295935903
 -24850.000000000  -66.758246306   -0.297703591
 -24848.500000000  -66.310380141   -0.299447097
 -24847.000000000  -65.859918097   -0.301164444
 -24845.500000000  -65.406900821   -0.302853773
 -24844.000000000  -64.951371660   -0.304513343
 -24842.500000000  -64.493376484   -0.306141532
 -24841.000000000  -64.032963509   -0.307736836
 -24839.500000000  -63.570183115   -0.309297869
 -24838.000000000  -63.105087672   -0.310823366
 -24836.500000000  -62.637731363   -0.312312176
 -24835.000000000  -62.168170006   -0.313763266
 -24833.500000000  -61.696460887   -0.315175716
 -24832.000000000  -61.222662583   -0.316548719
 -24830.500000000  -60.746834804   -0.317881578
 -24829.000000000  -60.269038219   -0.319173702
 -24827.500000000  -59.789334309   -0.320424607
 -24826.000000000  -59.307785200   -0.321633910
 -24824.500000000  -58.824453523   -0.322801327
 -24823.000000000  -58.339402258   -0.323926669
 -24821.500000000  -57.852694604   -0.325009839
 -24820.000000000  -57.364393834   -0.326050828
 -24818.500000000  -56.874563173   -0.327049714
 -24817.000000000  -56.383265668   -0.328006653
 -24815.500000000  -55.890564073   -0.328921879
 -24814.000000000  -55.396520736   -0.329795699
 -24812.500000000  -54.901197491   -0.330628490
 -24811.000000000  -54.404655561   -0.331420692
 -24809.500000000  -53.906955461   -0.332172806
 -24808.000000000  -53.408156909   -0.332885391
 -24806.500000000  -52.908318747   -0.333559058
 -24805.000000000  -52.407498865   -0.334194465
 -24803.500000000  -51.905754129   -0.334792317
 -24802.000000000  -51.403140321   -0.335353356
 -24800.500000000  -50.899712078   -0.335878363
 -24799.000000000  -50.395522842   -0.336368151
 -24797.500000000  -49.890624814   -0.336823560
 -24796.000000000  -49.385068917   -0.337245457
 -24794.500000000  -48.878904756   -0.337634728
 -24793.000000000  -48.372180593   -0.337992279
 -24791.500000000  -47.864943322   -0.338319026
 -24790.000000000  -47.357238452   -0.338615899
 -24788.500000000  -46.849110093   -0.338883835
 -24787.000000000  -46.340600947   -0.339123772
 -24785.500000000  -45.831752305   -0.339336653
 -24784.000000000  -45.322604048   -0.339523416
 -24782.500000000  -44.813194650   -0.339684995
 -24781.000000000  -44.303561191   -0.339822317
 -24779.500000000  -43.793739368   -0.339936299
 -24778.000000000  -43.283763511   -0.340027845
 -24776.500000000  -42.773666605   -0.340097844
 -24775.000000000  -42.263480316   -0.340147167
 -24773.500000000  -41.753235014   -0.340176669
 -24772.000000000  -41.242959804   -0.340187181
 -24770.500000000  -40.732682561   -0.340179513
 -24769.000000000  -40.222429963   -0.340154449
 -24767.500000000  -39.712227531   -0.340112750
 -24766.000000000  -39.202099664   -0.340055147
 -24764.500000000  -38.692069689   -0.339982344
 -24763.000000000  -38.182159895   -0.339895015
 -24761.500000000  -37.672391585   -0.339793804
 -24760.000000000  -37.162785119   -0.339679323
 -24758.500000000  -36.653359961   -0.339552152
 -24757.000000000  -36.144134733   -0.339412840
 -24755.500000000  -35.635127256   -0.339261900
 -24754.000000000  -35.126354606   -0.339099814
 -24752.500000000  -34.617833163   -0.338927029
 -24751.000000000  -34.109578660   -0.338743959
 -24749.500000000  -33.601606238   -0.338550983
 -24748.000000000  -33.093930491   -0.338348447
 -24746.500000000  -32.586565521   -0.338136663
 -24745.000000000  -32.079524987   -0.337915909
 -24743.500000000  -31.572822156   -0.337686431
 -24742.000000000  -31.066469949   -0.337448442
 -24740.500000000  -30.560480993   -0.337202123
 -24739.000000000  -30.054867669   -0.336947623
 -24737.500000000  -29.549642155   -0.336685060
 -24736.000000000  -29.044816476   -0.336414522
 -24734.500000000  -28.540402547   -0.336136068
 -24733.000000000  -28.036412214   -0.335849729
 -24731.500000000  -27.532857301   -0.335555507
 -24730.000000000  -27.029749646   -0.335253378
 -24728.500000000  -26.527101143   -0.334943294
 -24727.000000000  -26.024923778   -0.334625180
 -24725.500000000  -25.523229666   -0.334298939
 -24724.000000000  -25.022031083   -0.333964452
 -24722.500000000  -24.521340503   -0.333621578
 -24721.000000000  -24.021170623   -0.333270156
 -24719.500000000  -23.521534397   -0.332910008
 -24718.000000000  -23.022445059   -0.332540937
 -24716.500000000  -22.523916152   -0.332162731
 -24715.000000000  -22.025961549   -0.331775161
 -24713.500000000  -21.528595471   -0.331377987
 -24712.000000000  -21.031832516   -0.330970956
 -24710.500000000  -20.535687665   -0.330553803
 -24709.000000000  -20.040176305   -0.330126254
 -24707.500000000  -19.545314241   -0.329688027
 -24706.000000000  -19.051117707   -0.329238832
 -24704.500000000  -18.557603375   -0.328778375
 -24703.000000000  -18.064788364   -0.328306354
 -24701.500000000  -17.572690246   -0.327822467
 -24700.000000000  -17.081327048   -0.327326409
 -24698.500000000  -16.590717257   -0.326817873
 -24697.000000000  -16.100879820   -0.326296554
 -24695.500000000  -15.611834141   -0.325762146
 -24694.000000000  -15.123600078   -0.325214348
 -24692.500000000  -14.636197941   -0.324652862
 -24691.000000000  -14.149648482   -0.324077395
 -24689.500000000  -13.663972891   -0.323487659
 -24688.000000000  -13.179192781   -0.322883373
 -24686.500000000  -12.695330184   -0.322264264
 -24685.000000000  -12.212407533   -0.321630068
 -24683.500000000  -11.730447651   -0.320980531
 -24682.000000000  -11.249473733   -0.320315409
 -24680.500000000  -10.769509334   -0.319634468
 -24679.000000000  -10.290578348   -0.318937488
 -24677.500000000   -9.812704992   -0.318224262
 -24676.000000000   -9.335913783   -0.317494594
 -24674.500000000   -8.860229520   -0.316748305
 -24673.000000000   -8.385677261   -0.315985229
 -24671.500000000   -7.912282301   -0.315205216
 -24670.000000000   -7.440070148   -0.314408132
 -24668.500000000   -6.969066500   -0.313593858
 -24667.000000000   -6.499297221   -0.312762292
 -24665.500000000   -6.030788311   -0.311913352
 -24664.000000000   -5.563565887   -0.311046968
 -24662.500000000   -5.097656152   -0.310163094
 -24661.000000000   -4.633085368   -0.309261696
 -24659.500000000   -4.169879833   -0.308342761
 -24658.000000000   -3.708065850   -0.307406296
 -24656.500000000   -3.247669700   -0.306452322
 -24655.000000000   -2.788717617   -0.305480883
 -24653.500000000   -2.331235756   -0.304492037
 -24652.000000000   -1.875250169   -0.303485865
 -24650.500000000   -1.420786777   -0.302462462
 -24649.000000000   -0.967871340   -0.301421946
 -24647.500000000   -0.516529431   -0.300364448
 -24646.000000000   -0.066786411   -0.299290121
 -24644.500000000    0.381332603   -0.298199135
 -24643.000000000    0.827802757   -0.297091676
 -24641.500000000    1.272599495   -0.295967948
 -24640.000000000    1.715698576   -0.294828172
 -24638.500000000    2.157076106   -0.293672587
 -24637.000000000    2.596708559   -0.292501446
 -24635.500000000    3.034572801   -0.291315019
 -24634.000000000    3.470646116   -0.290113592
 -24632.500000000    3.904906225   -0.288897463
 -24631.000000000    4.337331313   -0.287666949
 -24629.500000000    4.767900044   -0.286422377
 -24628.000000000    5.196591586   -0.285164090
 -24626.500000000    5.623385633   -0.283892442
 -24625.000000000    6.048262415   -0.282607800
 -24623.500000000    6.471202725   -0.281310544
 -24622.000000000    6.892187933   -0.280001062
 -24620.500000000    7.311199999   -0.278679756
 -24619.000000000    7.728221493   -0.277347035
 -24617.500000000    8.143235607   -0.276003320
 -24616.000000000    8.556226169   -0.274649037
 -24614.500000000    8.967177654   -0.273284624
 -24613.000000000    9.376075196   -0.271910521
 -24611.500000000    9.782904599   -0.270527180
 -24610.000000000   10.187652345   -0.269135056
 -24608.500000000   10.590305605   -0.267734608
 -24607.000000000   10.990852240   -0.266326302
 -24605.500000000   11.389280815   -0.264910606
 -24604.000000000   11.785580598   -0.263487991
 -24602.500000000   12.179741566   -0.262058932
 -24601.000000000   12.571754410   -0.260623904
 -24599.500000000   12.961610534   -0.259183384
 -24598.000000000   13.349302055   -0.257737848
 -24596.500000000   13.734821808   -0.256287772
 -24595.000000000   14.118163339   -0.254833632
 -24593.500000000   14.499320908   -0.253375901
 -24592.000000000   14.878289483   -0.251915050
 -24590.500000000   15.255064733   -0.250451547
 -24589.000000000   15.629643030   -0.248985857
 -24587.500000000   16.002021439   -0.247518438
 -24586.000000000   16.372197709   -0.246049747
 -24584.500000000   16.740170269   -0.244580233
 -24583.000000000   17.105938217   -0.243110339
 -24581.500000000   17.469501313   -0.241640502
 -24580.000000000   17.830859965   -0.240171151
 -24578.500000000   18.190015221   -0.238702709
 -24577.000000000   18.546968753   -0.237235589
 -24575.500000000   18.901722852   -0.235770196
 -24574.000000000   19.254280404   -0.234306927
 -24572.500000000   19.604644886   -0.232846166
 -24571.000000000   19.952820344   -0.231388289
 -24569.500000000   20.298811380   -0.229933664
 -24568.000000000   20.642623138   -0.228482644
 -24566.500000000   20.984261285   -0.227035572
 -24565.000000000   21.323731995   -0.225592781
 -24563.500000000   21.661041929   -0.224154590
 -24562.000000000   21.996198220   -0.222721308
 -24560.500000000   22.329208454   -0.221293229
 -24559.000000000   22.660080651   -0.219870637
 -24557.500000000   22.988823242   -0.218453800
 -24556.000000000   23.315445056   -0.217042975
 -24554.500000000   23.639955295   -0.215638405
 -24553.000000000   23.962363515   -0.214240321
 -24551.500000000   24.282679607   -0.212848937
 -24550.000000000   24.600913777   -0.211464456
 -24548.500000000   24.917076520   -0.210087066
 -24547.000000000   25.231178606   -0.208716941
 -24545.500000000   25.543231056   -0.207354242
 -24544.000000000   25.853245120   -0.205999116
 -24542.500000000   26.161232257   -0.204651694
 -24541.000000000   26.467204115   -0.203312096
 -24539.500000000   26.771172509   -0.201980425
 -24538.000000000   27.073149399   -0.200656772
 -24536.500000000   27.373146872   -0.199341214
 -24535.000000000   27.671177120   -0.198033814
 -24533.500000000   27.967252419   -0.196734622
 -24532.000000000   28.261385109   -0.195443674
 -24530.500000000   28.553587575   -0.194160993
 -24529.000000000   28.843872227   -0.192886589
 -24527.500000000   29.132251480   -0.191620459
 -24526.000000000   29.418737733   -0.190362587
 -24524.500000000   29.703343355   -0.189112945
 -24523.000000000   29.986080662   -0.187871493
 -24521.500000000   30.266961903   -0.186638180
 -24520.000000000   30.545999238   -0.185412940
 -24518.500000000   30.823204725   -0.184195701
 -24517.000000000   31.098590298   -0.182986375
 -24515.500000000   31.372167759   -0.181784867
 -24514.000000000   31.643948754   -0.180591068
 -24512.500000000   31.913944761   -0.179404864
 -24511.000000000   32.182167078   -0.178226126
 -24509.500000000   32.448626805   -0.177054720
 -24508.000000000   32.713334831   -0.175890500
 -24506.500000000   32.976301822   -0.174733315
 -24505.000000000   33.237538211   -0.173583002
 -24503.500000000   33.497054180   -0.172439393
 -24502.000000000   33.754859655   -0.171302313
 -24500.500000000   34.010964292   -0.170171578
 -24499.000000000   34.265377468   -0.169047000
 -24497.500000000   34.518108272   -0.167928383
 -24496.000000000   34.769165496   -0.166815526
 -24494.500000000   35.018557628   -0.165708225
 -24493.000000000   35.266292842   -0.164606267
 -24491.500000000   35.512378995   -0.163509440
 -24490.000000000   35.756823619   -0.162417525
 -24488.500000000   35.999633914   -0.161330299
 -24487.000000000   36.240816748   -0.160247538
 -24485.500000000   36.480378648   -0.159169016
 -24484.000000000   36.718325801   -0.158094503
 -24482.500000000   36.954664047   -0.157023769
 -24481.000000000   37.189398881   -0.155956581
 -24479.500000000   37.422535449   -0.154892708
 -24478.000000000   37.654078547   -0.153831917
 -24476.500000000   37.884032625   -0.152773975
 -24475.000000000   38.112401781   -0.151718650
 -24473.500000000   38.339189768   -0.150665711
 -24472.000000000   38.564399992   -0.149614928
 -24470.500000000   38.788035516   -0.148566074
 -24469.000000000   39.010099064   -0.147518922
 -24467.500000000   39.230593021   -0.146473249
 -24466.000000000   39.449519441   -0.145428835
 -24464.500000000   39.666880048   -0.144385463
 -24463.000000000   39.882676244   -0.143342919
 -24461.500000000   40.096909114   -0.142300993
 -24460.000000000   40.309579430   -0.141259481
 -24458.500000000   40.520687661   -0.140218180
 -24457.000000000   40.730233979   -0.139176896
 -24455.500000000   40.938218263   -0.138135438
 -24454.000000000   41.144640113   -0.137093620
 -24452.500000000   41.349498854   -0.136051263
 -24451.000000000   41.552793547   -0.135008194
 -24449.500000000   41.754522995   -0.133964244
 -24448.000000000   41.954685758   -0.132919254
 -24446.500000000   42.153280158   -0.131873068
 -24445.000000000   42.350304291   -0.130825540
 -24443.500000000   42.545756037   -0.129776530
 -24442.000000000   42.739633073   -0.128725904
 -24440.500000000   42.931932878   -0.127673537
 -24439.000000000   43.122652753   -0.126619310
 -24437.500000000   43.311789824   -0.125563114
 -24436.000000000   43.499341058   -0.124504846
 -24434.500000000   43.685303277   -0.123444410
 -24433.000000000   43.869673162   -0.122381721
 -24431.500000000   44.052447274   -0.121316700
 -24430.000000000   44.233622060   -0.120249275
 -24428.500000000   44.413193867   -0.119179386
 -24427.000000000   44.591158957   -0.118106976
 -24425.500000000   44.767513513   -0.117032001
 -24424.000000000   44.942253659   -0.115954423
 -24422.500000000   45.115375465   -0.114874211
 -24421.000000000   45.286874965   -0.113791345
 -24419.500000000   45.456748166   -0.112705811
 -24418.000000000   45.624991062   -0.111617604
 -24416.500000000   45.791599642   -0.110526726
 -24415.000000000   45.956569909   -0.109433188
 -24413.500000000   46.119897885   -0.108337009
 -24412.000000000   46.281579627   -0.107238214
 -24410.500000000   46.441611236   -0.106136837
 -24409.000000000   46.599988869   -0.105032920
 -24407.500000000   46.756708751   -0.103926511
 -24406.000000000   46.911767185   -0.102817666
 -24404.500000000   47.065160563   -0.101706448
 -24403.000000000   47.216885376   -0.100592925
 -24401.500000000   47.366938224   -0.099477174
 -24400.000000000   47.515315826   -0.098359279
 -24398.500000000   47.662015031   -0.097239326
 -24397.000000000   47.807032824   -0.096117413
 -24395.500000000   47.950366338   -0.094993638
 -24394.000000000   48.092012861   -0.093868109
 -24392.500000000   48.231969843   -0.092740937
 -24391.000000000   48.370234908   -0.091612238
 -24389.500000000   48.506805856   -0.090482135
 -24388.000000000   48.641680673   -0.089350753
 -24386.500000000   48.774857540   -0.088218223
 -24385.000000000   48.906334834   -0.087084678
 -24383.500000000   49.036111137   -0.085950258
 -24382.000000000   49.164185242   -0.084815104
 -24380.500000000   49.290556155   -0.083679361
 -24379.000000000   49.415223104   -0.082543176
 -24377.500000000   49.538185538   -0.081406700
 -24376.000000000   49.659443135   -0.080270086
 -24374.500000000   49.778995803   -0.079133488
 -24373.000000000   49.896843685   -0.077997062
 -24371.500000000   50.012987156   -0.076860968
 -24370.000000000   50.127426832   -0.075725362
 -24368.500000000   50.240163568   -0.074590406
 -24367.000000000   50.351198456   -0.073456260
 -24365.500000000   50.460532832   -0.072323083
 -24364.000000000   50.568168272   -0.071191038
 -24362.500000000   50.674106591   -0.070060283
 -24361.000000000   50.778349845   -0.068930978
 -24359.500000000   50.880900328   -0.067803281
 -24358.000000000   50.981760571   -0.066677350
 -24356.500000000   51.080933339   -0.065553341
 -24355.000000000   51.178421631   -0.064431407
 -24353.500000000   51.274228673   -0.063311700
 -24352.000000000   51.368357919   -0.062194369
 -24350.500000000   51.460813042   -0.061079562
 -24349.000000000   51.551597938   -0.059967422
 -24347.500000000   51.640716712   -0.058858090
 -24346.000000000   51.728173680   -0.057751703
 -24344.500000000   51.813973360   -0.056648395
 -24343.000000000   51.898120470   -0.055548297
 -24341.500000000   51.980619918   -0.054451533
 -24340.000000000   52.061476797   -0.053358226
 -24338.500000000   52.140696381   -0.052268492
 -24337.000000000   52.218284115   -0.051182443
 -24335.500000000   52.294245607   -0.050100188
 -24334.000000000   52.368586626   -0.049021828
 -24332.500000000   52.441313087   -0.047947460
 -24331.000000000   52.512431047   -0.046877176
 -24329.500000000   52.581946699   -0.045811062
 -24328.000000000   52.649866358   -0.044749198
 -24326.500000000   52.716196456   -0.043691659
 -24325.000000000   52.780943530   -0.042638512
 -24323.500000000   52.844114220   -0.041589821
 -24322.000000000   52.905715249   -0.040545641
 -24320.500000000   52.965753423   -0.039506022
 -24319.000000000   53.024235618   -0.038471008
 -24317.500000000   53.081168768   -0.037440635
 -24316.000000000   53.136559860   -0.036414935
 -24314.500000000   53.190415920   -0.035393930
 -24313.000000000   53.242744005   -0.034377638
 -24311.500000000   53.293551195   -0.033366070
 -24310.000000000   53.342844579   -0.032359230
 -24308.500000000   53.390631247   -0.031357115
 -24307.000000000   53.436918281   -0.030359716
 -24305.500000000   53.481712744   -0.029367017
 -24304.000000000   53.525021672   -0.028378996
 -24302.500000000   53.566852058   -0.027395624
 -24301.000000000   53.607210852   -0.026416866
 -24299.500000000   53.646104941   -0.025442679
 -24298.000000000   53.683541150   -0.024473015
 -24296.500000000   53.719526222   -0.023507820
 -24295.000000000   53.754066816   -0.022547034
 -24293.500000000   53.787169495   -0.021590589
 -24292.000000000   53.818840718   -0.020638414
 -24290.500000000   53.849086831   -0.019690429
 -24289.000000000   53.877914058   -0.018746550
 -24287.500000000   53.905328490   -0.017806689
 -24286.000000000   53.931336084   -0.016870749
 -24284.500000000   53.955942648   -0.015938631
 -24283.000000000   53.979153835   -0.015010229
 -24281.500000000   54.000975138   -0.014085434
 -24280.000000000   54.021411881   -0.013164130
 -24278.500000000   54.040469213   -0.012246198
 -24277.000000000   54.058152100   -0.011331515
 -24275.500000000   54.074465319   -0.010419953
 -24274.000000000   54.089413454   -0.009511381
 -24272.500000000   54.103000889   -0.008605664
 -24271.000000000   54.115231803   -0.007702662
 -24269.500000000   54.126110164   -0.006802236
 -24268.000000000   54.135639726   -0.005904240
 -24266.500000000   54.143824024   -0.005008527
 -24265.000000000   54.150666372   -0.004114947
 -24263.500000000   54.156169857   -0.003223350
 -24262.000000000   54.160337336   -0.002333581
 -24260.500000000   54.163171436   -0.001445485
 -24259.000000000   54.164674551   -0.000558907
 -24257.500000000   54.164848836    0.000326313
 -24256.000000000   54.163696213    0.001210331
 -24254.500000000   54.161218364    0.002093307
 -24253.000000000   54.157416733    0.002975401
 -24251.500000000   54.152292523    0.003856771
 -24250.000000000   54.145846703    0.004737576
 -24248.500000000   54.138079999    0.005617974
 -24247.000000000   54.128992905    0.006498123
 -24245.500000000   54.118585676    0.007378180
 -24244.000000000   54.106858334    0.008258298
 -24242.500000000   54.093810673    0.009138632
 -24241.000000000   54.079442254    0.010019333
 -24239.500000000   54.063752416    0.010900550
 -24238.000000000   54.046740274    0.011782429
 -24236.500000000   54.028404727    0.012665114
 -24235.000000000   54.008744458    0.013548747
 -24233.500000000   53.987757944    0.014433464
 -24232.000000000   53.965443456    0.015319401
 -24230.500000000   53.941799065    0.016206688
 -24229.000000000   53.916822653    0.017095451
 -24227.500000000   53.890511912    0.017985813
 -24226.000000000   53.862864357    0.018877891
 -24224.500000000   53.833877325    0.019771799
 -24223.000000000   53.803547992    0.020667645
 -24221.500000000   53.771873370    0.021565532
 -24220.000000000   53.738850325    0.022465559
 -24218.500000000   53.704475576    0.023367819
 -24217.000000000   53.668745709    0.024272398
 -24215.500000000   53.631657183    0.025179377
 -24214.000000000   53.593206341    0.026088832
 -24212.500000000   53.553389414    0.027000832
 -24211.000000000   53.512202539    0.027915441
 -24209.500000000   53.469641759    0.028832714
 -24208.000000000   53.425703040    0.029752701
 -24206.500000000   53.380382276    0.030675447
 -24205.000000000   53.333675302    0.031600987
 -24203.500000000   53.285577902    0.032529352
 -24202.000000000   53.236085820    0.033460565
 -24200.500000000   53.185194774    0.034394642
 -24199.000000000   53.132900459    0.035331591
 -24197.500000000   53.079198565    0.036271414
 -24196.000000000   53.024084782    0.037214107
 -24194.500000000   52.967554815    0.038159657
 -24193.000000000   52.909604391    0.039108045
 -24191.500000000   52.850229274    0.040059244
 -24190.000000000   52.789425271    0.041013219
 -24188.500000000   52.727188248    0.041969931
 -24187.000000000   52.663514133    0.042929332
 -24185.500000000   52.598398935    0.043891366
 -24184.000000000   52.531838750    0.044855971
 -24182.500000000   52.463829772    0.045823078
 -24181.000000000   52.394368303    0.046792612
 -24179.500000000   52.323450764    0.047764490
 -24178.000000000   52.251073705    0.048738623
 -24176.500000000   52.177233815    0.049714916
 -24175.000000000   52.101927929    0.050693266
 -24173.500000000   52.025153043    0.051673565
 -24172.000000000   51.946906318    0.052655698
 -24170.500000000   51.867185091    0.053639546
 -24169.000000000   51.785986884    0.054624983
 -24167.500000000   51.703309415    0.055611875
 -24166.000000000   51.619150599    0.056600087
 -24164.500000000   51.533508564    0.057589477
 -24163.000000000   51.446381654    0.058579896
 -24161.500000000   51.357768437    0.059571193
 -24160.000000000   51.267667715    0.060563210
 -24158.500000000   51.176078526    0.061555789
 -24157.000000000   51.083000152    0.062548762
 -24155.500000000   50.988432127    0.063541962
 -24154.000000000   50.892374239    0.064535216
 -24152.500000000   50.794826539    0.065528349
 -24151.000000000   50.695789342    0.066521182
 -24149.500000000   50.595263234    0.067513534
 -24148.000000000   50.493249074    0.068505221
 -24146.500000000   50.389747997    0.069496057
 -24145.000000000   50.284761421    0.070485856
 -24143.500000000   50.178291044    0.071474427
 -24142.000000000   50.070338849    0.072461581
 -24140.500000000   49.960907106    0.073447126
 -24139.000000000   49.849998372    0.074430871
 -24137.500000000   49.737615490    0.075412623
 -24136.000000000   49.623761594    0.076392192
 -24134.500000000   49.508440103    0.077369385
 -24133.000000000   49.391654724    0.078344011
 -24131.500000000   49.273409447    0.079315882
 -24130.000000000   49.153708550    0.080284809
 -24128.500000000   49.032556586    0.081250605
 -24127.000000000   48.909958392    0.082213086
 -24125.500000000   48.785919076    0.083172071
 -24124.000000000   48.660444018    0.084127379
 -24122.500000000   48.533538866    0.085078834
 -24121.000000000   48.405209528    0.086026265
 -24119.500000000   48.275462169    0.086969501
 -24118.000000000   48.144303205    0.087908377
 -24116.500000000   48.011739296    0.088842734
 -24115.000000000   47.877777342    0.089772413
 -24113.500000000   47.742424471    0.090697265
 -24112.000000000   47.605688034    0.091617143
 -24110.500000000   47.467575599    0.092531907
 -24109.000000000   47.328094939    0.093441422
 -24107.500000000   47.187254023    0.094345559
 -24106.000000000   47.045061012    0.095244196
 -24104.500000000   46.901524242    0.096137219
 -24103.000000000   46.756652218    0.097024517
 -24101.500000000   46.610453605    0.097905989
 -24100.000000000   46.462937212    0.098781541
 -24098.500000000   46.314111986    0.099651086
 -24097.000000000   46.163986997    0.100514545
 -24095.500000000   46.012571428    0.101371848
 -24094.000000000   45.859874563    0.102222931
 -24092.500000000   45.705905772    0.103067740
 -24091.000000000   45.550674504    0.103906228
 -24089.500000000   45.394190267    0.104738359
 -24088.000000000   45.236462619    0.105564104
 -24086.500000000   45.077501157    0.106383444
 -24085.000000000   44.917315497    0.107196367
 -24083.500000000   44.755915266    0.108002872
 -24082.000000000   44.593310086    0.108802967
 -24080.500000000   44.429509560    0.109596670
 -24079.000000000   44.264523260    0.110384006
 -24077.500000000   44.098360709    0.111165010
 -24076.000000000   43.931031371    0.111939730
 -24074.500000000   43.762544636    0.112708217
 -24073.000000000   43.592909803    0.113470538
 -24071.500000000   43.422136070    0.114226764
 -24070.000000000   43.250232517    0.114976979
 -24068.500000000   43.077208093    0.115721274
 -24067.000000000   42.903071605    0.116459750
 -24065.500000000   42.727831698    0.117192517
 -24064.000000000   42.551496848    0.117919695
 -24062.500000000   42.374075343    0.118641412
 -24061.000000000   42.195575275    0.119357803
 -24059.500000000   42.016004523    0.120069015
 -24058.000000000   41.835370743    0.120775201
 -24056.500000000   41.653681354    0.121476522
 -24055.000000000   41.470943525    0.122173149
 -24053.500000000   41.287164167    0.122865258
 -24052.000000000   41.102349916    0.123553036
 -24050.500000000   40.916507128    0.124236675
 -24049.000000000   40.729641863    0.124916373
 -24047.500000000   40.541759877    0.125592337
 -24046.000000000   40.352866613    0.126264779
 -24044.500000000   40.162967191    0.126933919
 -24043.000000000   39.972066397    0.127599979
 -24041.500000000   39.780168678    0.128263191
 -24040.000000000   39.587278131    0.128923789
 -24038.500000000   39.393398499    0.129582012
 -24037.000000000   39.198533162    0.130238104
 -24035.500000000   39.002685130    0.130892313
 -24034.000000000   38.805857040    0.131544890
 -24032.500000000   38.608051149    0.132196089
 -24031.000000000   38.409269332    0.132846168
 -24029.500000000   38.209513076    0.133495385
 -24028.000000000   38.008783476    0.134144002
 -24026.500000000   37.807081239    0.134792280
 -24025.000000000   37.604406675    0.135440482
 -24023.500000000   37.400759699    0.136088872
 -24022.000000000   37.196139834    0.136737712
 -24020.500000000   36.990546205    0.137387266
 -24019.000000000   36.783977548    0.138037794
 -24017.500000000   36.576432205    0.138689557
 -24016.000000000   36.367908132    0.139342811
 -24014.500000000   36.158402900    0.139997811
 -24013.000000000   35.947913701    0.140654809
 -24011.500000000   35.736437351    0.141314052
 -24010.000000000   35.523970300    0.141975785
 -24008.500000000   35.310508632    0.142640246
 -24007.000000000   35.096048080    0.143307669
 -24005.500000000   34.880584031    0.143978280
 -24004.000000000   34.664111534    0.144652303
 -24002.500000000   34.446625310    0.145329950
 -24001.000000000   34.228119767    0.146011430
 -23999.500000000   34.008589006    0.146696940
 -23998.000000000   33.788026835    0.147386673
 -23996.500000000   33.566426784    0.148080810
 -23995.000000000   33.343782115    0.148779524
 -23993.500000000   33.120085841    0.149482977
 -23992.000000000   32.895330737    0.150191322
 -23990.500000000   32.669509358    0.150904700
 -23989.000000000   32.442614056    0.151623241
 -23987.500000000   32.214636994    0.152347064
 -23986.000000000   31.985570168    0.153076276
 -23984.500000000   31.755405425    0.153810970
 -23983.000000000   31.524134478    0.154551226
 -23981.500000000   31.291748930    0.155297113
 -23980.000000000   31.058240295    0.156048685
 -23978.500000000   30.823600014    0.156805980
 -23977.000000000   30.587819480    0.157569024
 -23975.500000000   30.350890061    0.158337828
 -23974.000000000   30.112803118    0.159112387
 -23972.500000000   29.873550031    0.159892681
 -23971.000000000   29.633122224    0.160678675
 -23969.500000000   29.391511183    0.161470316
 -23968.000000000   29.148708485    0.162267538
 -23966.500000000   28.904705819    0.163070258
 -23965.000000000   28.659495013    0.163878374
 -23963.500000000   28.413068058    0.164691770
 -23962.000000000   28.165417131    0.165510312
 -23960.500000000   27.916534623    0.166333851
 -23959.000000000   27.666413162    0.167162220
 -23957.500000000   27.415045641    0.167995233
 -23956.000000000   27.162425241    0.168832691
 -23954.500000000   26.908545455    0.169674375
 -23953.000000000   26.653400118    0.170520051
 -23951.500000000   26.396983431    0.171369467
 -23950.000000000   26.139289980    0.172222355
 -23948.500000000   25.880314772    0.173078430
 -23947.000000000   25.620053249    0.173937390
 -23945.500000000   25.358501318    0.174798918
 -23944.000000000   25.095655378    0.175662680
 -23942.500000000   24.831512336    0.176528327
 -23941.000000000   24.566069637    0.177395494
 -23939.500000000   24.299325285    0.178263800
 -23938.000000000   24.031277864    0.179132851
 -23936.500000000   23.761926563    0.180002237
 -23935.000000000   23.491271196    0.180871535
 -23933.500000000   23.219312221    0.181740306
 -23932.000000000   22.946050764    0.182608101
 -23930.500000000   22.671488637    0.183474456
 -23929.000000000   22.395628353    0.184338896
 -23927.500000000   22.118473149    0.185200933
 -23926.000000000   21.840027003    0.186060069
 -23924.500000000   21.560294646    0.186915796
 -23923.000000000   21.279281580    0.187767594
 -23921.500000000   20.996994091    0.188614936
 -23920.000000000   20.713439267    0.189457286
 -23918.500000000   20.428625001    0.190294100
 -23917.000000000   20.142560011    0.191124826
 -23915.500000000   19.855253846    0.191948907
 -23914.000000000   19.566716895    0.192765780
 -23912.500000000   19.276960395    0.193574877
 -23911.000000000   18.985996436    0.194375629
 -23909.500000000   18.693837970    0.195167459
 -23908.000000000   18.400498809    0.195949791
 -23906.500000000   18.105993633    0.196722049
 -23905.000000000   17.810337989    0.197483654
 -23903.500000000   17.513548288    0.198234028
 -23902.000000000   17.215641807    0.198972597
 -23900.500000000   16.916636686    0.199698787
 -23899.000000000   16.616551920    0.200412029
 -23897.500000000   16.315407355    0.201111758
 -23896.000000000   16.013223682    0.201797415
 -23894.500000000   15.710022424    0.202468446
 -23893.000000000   15.405825930    0.203124307
 -23891.500000000   15.100657358    0.203764461
 -23890.000000000   14.794540664    0.204388381
 -23888.500000000   14.487500589    0.204995551
 -23887.000000000   14.179562638    0.205585467
 -23885.500000000   13.870753062    0.206157636
 -23884.000000000   13.561098841    0.206711581
 -23882.500000000   13.250627663    0.207246838
 -23881.000000000   12.939367894    0.207762961
 -23879.500000000   12.627348563    0.208259518
 -23878.000000000   12.314599330    0.208736097
 -23876.500000000   12.001150460    0.209192303
 -23875.000000000   11.687032793    0.209627764
 -23873.500000000   11.372277717    0.210042126
 -23872.000000000   11.056917131    0.210435057
 -23870.500000000   10.740983415    0.210806249
 -23869.000000000   10.424509396    0.211155416
 -23867.500000000   10.107528310    0.211482297
 -23866.000000000    9.790073765    0.211786658
 -23864.500000000    9.472179702    0.212068288
 -23863.000000000    9.153880357    0.212327006
 -23861.500000000    8.835210218    0.212562656
 -23860.000000000    8.516203985    0.212775113
 -23858.500000000    8.196896525    0.212964280
 -23857.000000000    7.877322826    0.213130088
 -23855.500000000    7.557517957    0.213272503
 -23854.000000000    7.237517018    0.213391517
 -23852.500000000    6.917355094    0.213487157
 -23851.000000000    6.597067206    0.213559481
 -23849.500000000    6.276688264    0.213608579
 -23848.000000000    5.956253019    0.213634575
 -23846.500000000    5.635796011    0.213637626
 -23845.000000000    5.315351519    0.213617922
 -23843.500000000    4.994953511    0.213575687
 -23842.000000000    4.674635595    0.213511179
 -23840.500000000    4.354430965    0.213424691
 -23839.000000000    4.034372349    0.213316550
 -23837.500000000    3.714491961    0.213187117
 -23836.000000000    3.394821448    0.213036786
 -23834.500000000    3.075391838    0.212865987
 -23833.000000000    2.756233490    0.212675184
 -23831.500000000    2.437376041    0.212464873
 -23830.000000000    2.118848361    0.212235585
 -23828.500000000    1.800678495    0.211987883
 -23827.000000000    1.482893621    0.211722364
 -23825.500000000    1.165519999    0.211439655
 -23824.000000000    0.848582921    0.211140418
 -23822.500000000    0.532106666    0.210825341
 -23821.000000000    0.216114456    0.210495148
 -23819.500000000   -0.099371592    0.210150587
 -23818.000000000   -0.414330509    0.209792438
 -23816.500000000   -0.728742514    0.209421507
 -23815.000000000   -1.042589057    0.209038629
 -23813.500000000   -1.355852857    0.208644662
 -23812.000000000   -1.668517940    0.208240490
 -23810.500000000   -1.980569676    0.207827019
 -23809.000000000   -2.291994812    0.207405178
 -23807.500000000   -2.602781501    0.206975918
 -23806.000000000   -2.912919339    0.206540206
 -23804.500000000   -3.222399386    0.206099030
 -23803.000000000   -3.531214197    0.205653392
 -23801.500000000   -3.839357841    0.205204311
 -23800.000000000   -4.146825923    0.204752817
 -23798.500000000   -4.453615605    0.204299951
 -23797.000000000   -4.759725618    0.203846767
 -23795.500000000   -5.065156276    0.203394323
 -23794.000000000   -5.369909489    0.202943684
 -23792.500000000   -5.673988765    0.202495919
 -23791.000000000   -5.977399220    0.202052100
 -23789.500000000   -6.280147573    0.201613297
 -23788.000000000   -6.582242152    0.201180578
 -23786.500000000   -6.883692882    0.200755008
 -23785.000000000   -7.184511280    0.200337645
 -23783.500000000   -7.484710445    0.199929537
 -23782.000000000   -7.784305038    0.199531723
 -23780.500000000   -8.083311272    0.199145227
 -23779.000000000   -8.381746882    0.198771058
 -23777.500000000   -8.679631107    0.198410209
 -23776.000000000   -8.976984654    0.198063650
 -23774.500000000   -9.273829676    0.197732330
 -23773.000000000   -9.570189728    0.197417175
 -23771.500000000   -9.866089731    0.197119079
 -23770.000000000  -10.161555931    0.196838912
 -23768.500000000  -10.456615851    0.196577509
 -23767.000000000  -10.751298243    0.196335672
 -23765.500000000  -11.045633033    0.196114165
 -23764.000000000  -11.339651268    0.195913716
 -23762.500000000  -11.633385052    0.195735008
 -23761.000000000  -11.926867486    0.195578686
 -23759.500000000  -12.220132601    0.195445345
 -23758.000000000  -12.513215288    0.195335535
 -23756.500000000  -12.806151223    0.195249755
 -23755.000000000  -13.098976794    0.195188454
 -23753.500000000  -13.391729021    0.195152024
 -23752.000000000  -13.684445473    0.195140806
 -23750.500000000  -13.977164185    0.195155079
 -23749.000000000  -14.269923567    0.195195065
 -23747.500000000  -14.562762319    0.195260926
 -23746.000000000  -14.855719334    0.195352760
 -23744.500000000  -15.148833605    0.195470601
 -23743.000000000  -15.442144127    0.195614418
 -23741.500000000  -15.735689800    0.195784113
 -23740.000000000  -16.029509325    0.195979521
 -23738.500000000  -16.323641104    0.196200407
 -23737.000000000  -16.618123133    0.196446466
 -23735.500000000  -16.912992901    0.196717323
 -23734.000000000  -17.208287280    0.197012532
 -23732.500000000  -17.504042416    0.197331575
 -23731.000000000  -17.800293627    0.197673860
 -23729.500000000  -18.097075289    0.198038726
 -23728.000000000  -18.394420729    0.198425437
 -23726.500000000  -18.692362118    0.198833184
 -23725.000000000  -18.990930361    0.199261088
 -23723.500000000  -19.290154987    0.199708198
 -23722.000000000  -19.590064048    0.200173492
 -23720.500000000  -19.890684008    0.200655875
 -23719.000000000  -20.192039639    0.201154187
 -23717.500000000  -20.494153920    0.201667198
 -23716.000000000  -20.797047936    0.202193611
 -23714.500000000  -21.100740775    0.202732065
 -23713.000000000  -21.405249439    0.203281134
 -23711.500000000  -21.710588744    0.203839333
 -23710.000000000  -22.016771232    0.204405117
 -23708.500000000  -22.323807086    0.204976882
 -23707.000000000  -22.631704042    0.205552974
 -23705.500000000  -22.940467317    0.206131684
 -23704.000000000  -23.250099525    0.206711256
 -23702.500000000  -23.560600616    0.207289889
 -23701.000000000  -23.871967802    0.207865740
 -23699.500000000  -24.184195505    0.208436928
 -23698.000000000  -24.497275297    0.209001537
 -23696.500000000  -24.811195854    0.209557620
 -23695.000000000  -25.125942910    0.210103206
 -23693.500000000  -25.441499227    0.210636300
 -23692.000000000  -25.757844559    0.211154890
 -23690.500000000  -26.074955634    0.211656953
 -23689.000000000  -26.392806138    0.212140456
 -23687.500000000  -26.711366704    0.212603364
 -23686.000000000  -27.030604917    0.213043647
 -23684.500000000  -27.350485319    0.213459280
 -23683.000000000  -27.670969425    0.213848252
 -23681.500000000  -27.992015749    0.214208573
 -23680.000000000  -28.313579835    0.214538276
 -23678.500000000  -28.635614301    0.214835427
 -23677.000000000  -28.958068888    0.215098125
 -23675.500000000  -29.280890522    0.215324516
 -23674.000000000  -29.604023380    0.215512794
 -23672.500000000  -29.927408969    0.215661205
 -23671.000000000  -30.250986215    0.215768060
 -23669.500000000  -30.574691559    0.215831737
 -23668.000000000  -30.898459063    0.215850687
 -23666.500000000  -31.222220523    0.215823442
 -23665.000000000  -31.545905598    0.215748619
 -23663.500000000  -31.869441944    0.215624928
 -23662.000000000  -32.192755352    0.215451180
 -23660.500000000  -32.515769908    0.215226286
 -23659.000000000  -32.838408148    0.214949272
 -23657.500000000  -33.160591231    0.214619277
 -23656.000000000  -33.482239117    0.214235563
 -23654.500000000  -33.803270753    0.213797520
 -23653.000000000  -34.123604270    0.213304669
 -23651.500000000  -34.443157182    0.212756668
 -23650.000000000  -34.761846597    0.212153319
 -23648.500000000  -35.079589435    0.211494568
 -23647.000000000  -35.396302647    0.210780513
 -23645.500000000  -35.711903446    0.210011406
 -23644.000000000  -36.026309540    0.209187655
 -23642.500000000  -36.339439372    0.208309830
 -23641.000000000  -36.651212358    0.207378664
 -23639.500000000  -36.961549139    0.206395054
 -23638.000000000  -37.270371827    0.205360064
 -23636.500000000  -37.577604253    0.204274925
 -23635.000000000  -37.883172224    0.203141037
 -23633.500000000  -38.187003770    0.201959968
 -23632.000000000  -38.489029402    0.200733453
 -23630.500000000  -38.789182354    0.199463393
 -23629.000000000  -39.087398837    0.198151852
 -23627.500000000  -39.383618280    0.196801058
 -23626.000000000  -39.677783572    0.195413393
 -23624.500000000  -39.969841292    0.193991397
 -23623.000000000  -40.259741939    0.192537757
 -23621.500000000  -40.547440153    0.191055302
 -23620.000000000  -40.832894919    0.189546999
 -23618.500000000  -41.116069773    0.188015946
 -23617.000000000  -41.396932987    0.186465359
 -23615.500000000  -41.675457746    0.184898569
 -23614.000000000  -41.951622306    0.183319008
 -23612.500000000  -42.225410144    0.181730200
 -23611.000000000  -42.496810085    0.180135751
 -23609.500000000  -42.765816410    0.178539330
 -23608.000000000  -43.032428952    0.176944665
 -23606.500000000  -43.296653165    0.175355521
 -23605.000000000  -43.558500171    0.173775688
 -23603.500000000  -43.817986785    0.172208966
 -23602.000000000  -44.075135519    0.170659144
 -23600.500000000  -44.329974552    0.169129989
 -23599.000000000  -44.582537681    0.167625221
 -23597.500000000  -44.832864238    0.166148497
 -23596.000000000  -45.080998981    0.164703390
 -23594.500000000  -45.326991953    0.163293370
 -23593.000000000  -45.570898309    0.161921781
 -23591.500000000  -45.812778114    0.160591822
 -23590.000000000  -46.052696106    0.159306520
 -23588.500000000  -46.290721423    0.158068711
 -23587.000000000  -46.526927303    0.156881020
 -23585.500000000  -46.761390738    0.155745830
 -23584.000000000  -46.994192111    0.154665266
 -23582.500000000  -47.225414776    0.153641170
 -23581.000000000  -47.455144628    0.152675076
 -23579.500000000  -47.683469615    0.151768191
 -23578.000000000  -47.910479241    0.150921372
 -23576.500000000  -48.136264013    0.150135102
 -23575.000000000  -48.360914875    0.149409475
 -23573.500000000  -48.584522608    0.148744173
 -23572.000000000  -48.807177191    0.148138449
 -23570.500000000  -49.028967157    0.147591113
 -23569.000000000  -49.249978907    0.147100514
 -23567.500000000  -49.470296017    0.146664533
 -23566.000000000  -49.689998521    0.146280567
 -23564.500000000  -49.909162190    0.145945529
 -23563.000000000  -50.127857791    0.145655841
 -23561.500000000  -50.346150360    0.145407433
 -23560.000000000  -50.564098462    0.145195751
 -23558.500000000  -50.781753468    0.145015762
 -23557.000000000  -50.999158854    0.144861969
 -23555.500000000  -51.216349509    0.144728430
 -23554.000000000  -51.433351094    0.144608781
 -23552.500000000  -51.650179426    0.144496270
 -23551.000000000  -51.866839927    0.144383795
 -23549.500000000  -52.083327130    0.144263948
 -23548.000000000  -52.299624260    0.144129072
 -23546.500000000  -52.515702910    0.143971322
 -23545.000000000  -52.731522811    0.143782742
 -23543.500000000  -52.947031728    0.143555348
 -23542.000000000  -53.162165486    0.143281222
 -23540.500000000  -53.376848152    0.142952623
 -23539.000000000  -53.590992390    0.142562109
 -23537.500000000  -53.804500005    0.142102669
 -23536.000000000  -54.017262708    0.141567879
 -23534.500000000  -54.229163116    0.140952069
 -23533.000000000  -54.440076022    0.140250509
 -23531.500000000  -54.649869951    0.139459610
 -23530.000000000  -54.858409048    0.138577156
 -23528.500000000  -55.065555310    0.137602546
 -23527.000000000  -55.271171212    0.136537062
 -23525.500000000  -55.475122750    0.135384169
 -23524.000000000  -55.677282949    0.134149831
 -23522.500000000  -55.877535873    0.132842861
 -23521.000000000  -56.075781174    0.131475296
 -23519.500000000  -56.271939233    0.130062810
 -23518.000000000  -56.465956943    0.128625153
 -23516.500000000  -56.657814175    0.127186630
 -23515.000000000  -56.847530993    0.125776615
 -23513.500000000  -57.035175668    0.124430105
 -23512.000000000  -57.220873554    0.123188317
 -23510.500000000  -57.404816893    0.122099330
 -23509.000000000  -57.587275616    0.121218766
 -23507.500000000  -57.768609207    0.120610535
 -23506.000000000  -57.949279712    0.120347616
 -23504.500000000  -58.129865979    0.120512906
 -23503.000000000  -58.311079194    0.121200116
 -23501.500000000  -58.493779822    0.122514741
 -23500.000000000  -58.678996042    0.124575080
