#! FIELDS energy b1.bias der_energy
#! SET min_energy -25000
#! SET max_energy -23500
#! SET nbins_energy  1001
#! SET periodic_energy false
 -25000.000000000 -102.442414677   -0.268602380
 -24998.500000000 -102.050202860   -0.254737898
 -24997.000000000 -101.677092710   -0.243090706
 -24995.500000000 -101.319945359   -0.233414974
 -24994.000000000 -100.975974878   -0.225485710
 -24992.500000000 -100.642718076   -0.219097357
 -24991.000000000 -100.318006355   -0.214062469
 -24989.500000000  -99.999939492   -0.210210456
 -24988.000000000  -99.686861251   -0.207386399
 -24986.500000000  -99.377336719   -0.205449942
 -24985.000000000  -99.070131259   -0.204274234
 -24983.500000000  -98.764191001   -0.203744944
 -24982.000000000  -98.458624770   -0.203759325
 -24980.500000000  -98.152687374   -0.204225340
 -24979.000000000  -97.845764161   -0.205060838
 -24977.500000000  -97.537356778   -0.206192779
 -24976.000000000  -97.227070058   -0.207556507
 -24974.500000000  -96.914599958   -0.209095068
 -24973.000000000  -96.599722490   -0.210758574
 -24971.500000000  -96.282283575   -0.212503601
 -24970.000000000  -95.962189772   -0.214292636
 -24968.500000000  -95.639399813   -0.216093544
 -24967.000000000  -95.313916894   -0.217879092
 -24965.500000000  -94.985781683   -0.219626482
 -24964.000000000  -94.655065975   -0.221316937
 -24962.500000000  -94.321866973   -0.222935297
 -24961.000000000  -93.986302130   -0.224469660
 -24959.500000000  -93.648504529   -0.225911035
 -24958.000000000  -93.308618753   -0.227253030
 -24956.500000000  -92.966797207   -0.228491557
 -24955.000000000  -92.623196873   -0.229624562
 -24953.500000000  -92.277976442   -0.230651777
 -24952.000000000  -91.931293815   -0.231574490
 -24950.500000000  -91.583303929   -0.232395328
 -24949.000000000  -91.234156895   -0.233118070
 -24947.500000000  -90.883996404   -0.233747467
 -24946.000000000  -90.532958401   -0.234289073
 -24944.500000000  -90.181169980   -0.234749108
 -24943.000000000  -89.828748500   -0.235134312
 -24941.500000000  -89.475800893   -0.235451830
 -24940.000000000  -89.122423140   -0.235709098
 -24938.500000000  -88.768699911   -0.235913745
 -24937.000000000  -88.414704349   -0.236073504
 -24935.500000000  -88.060497967   -0.236196128
 -24934.000000000  -87.706130676   -0.236289326
 -24932.500000000  -87.351640902   -0.236360694
 -24931.000000000  -86.997055789   -0.236417665
 -24929.500000000  -86.642391490   -0.236467458
 -24928.000000000  -86.287653516   -0.236517037
 -24926.500000000  -85.932837142   -0.236573078
 -24925.000000000  -85.577927867   -0.236641936
 -24923.500000000  -85.222901912   -0.236729624
 -24922.000000000  -84.867726748   -0.236841791
 -24920.500000000  -84.512361656   -0.236983708
 -24919.000000000  -84.156758304   -0.237160253
 -24917.500000000  -83.800861334   -0.237375911
 -24916.000000000  -83.444608970   -0.237634759
 -24914.500000000  -83.087933618   -0.237940473
 -24913.000000000  -82.730762474   -0.238296326
 -24911.500000000  -82.373018128   -0.238705189
 -24910.000000000  -82.014619158   -0.239169540
 -24908.500000000  -81.655480714   -0.239691470
 -24907.000000000  -81.295515096   -0.240272692
 -24905.500000000  -80.934632311   -0.240914554
 -24904.000000000  -80.572740614   -0.241618046
 -24902.500000000  -80.209747030   -0.242383816
 -24901.000000000  -79.845557861   -0.243212185
 -24899.500000000  -79.480079166   -0.244103161
 -24898.000000000  -79.113217217   -0.245056450
 -24896.500000000  -78.744878942   -0.246071479
 -24895.000000000  -78.374972329   -0.247147405
 -24893.500000000  -78.003406819   -0.248283139
 -24892.000000000  -77.630093668   -0.249477354
 -24890.500000000  -77.254946284   -0.250728508
 -24889.000000000  -76.877880542   -0.252034860
 -24887.500000000  -76.498815068   -0.253394481
 -24886.000000000  -76.117671509   -0.254805278
 -24884.500000000  -75.734374767   -0.256265005
 -24883.000000000  -75.348853217   -0.257771280
 -24881.500000000  -74.961038902   -0.259321601
 -24880.000000000  -74.570867695   -0.260913360
 -24878.500000000  -74.178279451   -0.262543859
 -24877.000000000  -73.783218133   -0.264210324
 -24875.500000000  -73.385631914   -0.265909917
 -24874.000000000  -72.985473262   -0.267639751
 -24872.500000000  -72.582699003   -0.269396902
 -24871.000000000  -72.177270371   -0.271178421
 -24869.500000000  -71.769153036   -0.272981347
 -24868.000000000  -71.358317110   -0.274802714
 -24866.500000000  -70.944737152   -0.276639566
 -24865.000000000  -70.528392140   -0.278488964
 -24863.500000000  -70.109265443   -0.280347998
 -24862.000000000  -69.687344769   -0.282213790
 -24860.500000000  -69.262622111   -0.284083509
 -24859.000000000  -68.835093670   -0.285954374
 -24857.500000000  -68.404759777   -0.287823663
 -24856.000000000  -67.971624799   -0.289688716
 -24854.500000000  -67.535697040   -0.291546947
 -24853.000000000  -67.096988627   -0.293395842
 -24851.500000000  -66.655515399   -0.295232970
 -24850.000000000  -66.211296777   -0.297055982
 -24848.500000000  -65.764355641   -0.298862620
 -24847.000000000  -65.314718190   -0.300650715
 -24845.500000000  -64.862413805   -0.302418194
 -24844.000000000  -64.407474905   -0.304163080
 -24842.500000000  -63.949936803   -0.305883494
 -24841.000000000  -63.489837551   -0.307577657
 -24839.500000000  -63.027217799   -0.309243891
 -24838.000000000  -62.562120632   -0.310880621
 -24836.500000000  -62.094591427   -0.312486373
 -24835.000000000  -61.624677691   -0.314059774
 -24833.500000000  -61.152428917   -0.315599555
 -24832.000000000  -60.677896422   -0.317104547
 -24830.500000000  -60.201133207   -0.318573680
 -24829.000000000  -59.722193797   -0.320005986
 -24827.500000000  -59.241134100   -0.321400592
 -24826.000000000  -58.758011262   -0.322756721
 -24824.500000000  -58.272883520   -0.324073691
 -24823.000000000  -57.785810066   -0.325350911
 -24821.500000000  -57.296850912   -0.326587882
 -24820.000000000  -56.806066753   -0.327784189
 -24818.500000000  -56.313518841   -0.328939504
 -24817.000000000  -55.819268862   -0.330053579
 -24815.500000000  -55.323378809   -0.331126246
 -24814.000000000  -54.825910873   -0.332157414
 -24812.500000000  -54.326927326   -0.333147064
 -24811.000000000  -53.826490415   -0.334095247
 -24809.500000000  -53.324662261   -0.335002080
 -24808.000000000  -52.821504760   -0.335867746
 -24806.500000000  -52.317079488   -0.336692486
 -24805.000000000  -51.811447617   -0.337476598
 -24803.500000000  -51.304669831   -0.338220436
 -24802.000000000  -50.796806247   -0.338924401
 -24800.500000000  -50.287916341   -0.339588944
 -24799.000000000  -49.778058881   -0.340214557
 -24797.500000000  -49.267291868   -0.340801775
 -24796.000000000  -48.755672469   -0.341351169
 -24794.500000000  -48.243256971   -0.341863343
 -24793.000000000  -47.730100732   -0.342338933
 -24791.500000000  -47.216258133   -0.342778602
 -24790.000000000  -46.701782542   -0.343183039
 -24788.500000000  -46.186726277   -0.343552953
 -24787.000000000  -45.671140581   -0.343889071
 -24785.500000000  -45.155075589   -0.344192139
 -24784.000000000  -44.638580311   -0.344462912
 -24782.500000000  -44.121702615   -0.344702160
 -24781.000000000  -43.604489208   -0.344910655
 -24779.500000000  -43.086985634   -0.345089180
 -24778.000000000  -42.569236261   -0.345238518
 -24776.500000000  -42.051284281   -0.345359453
 -24775.000000000  -41.533171712   -0.345452766
 -24773.500000000  -41.014939403   -0.345519238
 -24772.000000000  -40.496627034   -0.345559640
 -24770.500000000  -39.978273136   -0.345574737
 -24769.000000000  -39.459915097   -0.345565286
 -24767.500000000  -38.941589179   -0.345532031
 -24766.000000000  -38.423330538   -0.345475705
 -24764.500000000  -37.905173241   -0.345397024
 -24763.000000000  -37.387150292   -0.345296691
 -24761.500000000  -36.869293653   -0.345175391
 -24760.000000000  -36.351634270   -0.345033791
 -24758.500000000  -35.834202105   -0.344872540
 -24757.000000000  -35.317026163   -0.344692265
 -24755.500000000  -34.800134519   -0.344493573
 -24754.000000000  -34.283554358   -0.344277051
 -24752.500000000  -33.767312000   -0.344043261
 -24751.000000000  -33.251432940   -0.343792742
 -24749.500000000  -32.735941879   -0.343526013
 -24748.000000000  -32.220862760   -0.343243565
 -24746.500000000  -31.706218807   -0.342945868
 -24745.000000000  -31.192032559   -0.342633365
 -24743.500000000  -30.678325904   -0.342306477
 -24742.000000000  -30.165120124   -0.341965598
 -24740.500000000  -29.652435920   -0.341611099
 -24739.000000000  -29.140293462   -0.341243327
 -24737.500000000  -28.628712414   -0.340862603
 -24736.000000000  -28.117711979   -0.340469225
 -24734.500000000  -27.607310929   -0.340063466
 -24733.000000000  -27.097527645   -0.339645578
 -24731.500000000  -26.588380147   -0.339215787
 -24730.000000000  -26.079886133   -0.338774297
 -24728.500000000  -25.572063012   -0.338321293
 -24727.000000000  -25.064927932   -0.337856933
 -24725.500000000  -24.558497820   -0.337381359
 -24724.000000000  -24.052789403   -0.336894690
 -24722.500000000  -23.547819247   -0.336397026
 -24721.000000000  -23.043603782   -0.335888448
 -24719.500000000  -22.540159328   -0.335369019
 -24718.000000000  -22.037502126   -0.334838785
 -24716.500000000  -21.535648361   -0.334297775
 -24715.000000000  -21.034614184   -0.333746001
 -24713.500000000  -20.534415740   -0.333183463
 -24712.000000000  -20.035069186   -0.332610144
 -24710.500000000  -19.536590713   -0.332026015
 -24709.000000000  -19.038996565   -0.331431036
 -24707.500000000  -18.542303055   -0.330825154
 -24706.000000000  -18.046526584   -0.330208307
 -24704.500000000  -17.551683654   -0.329580420
 -24703.000000000  -17.057790883   -0.328941414
 -24701.500000000  -16.564865016   -0.328291200
 -24700.000000000  -16.072922936   -0.327629682
 -24698.500000000  -15.581981674   -0.326956758
 -24697.000000000  -15.092058418   -0.326272322
 -24695.500000000  -14.603170518   -0.325576264
 -24694.000000000  -14.115335493   -0.324868470
 -24692.500000000  -13.628571034   -0.324148824
 -24691.000000000  -13.142895007   -0.323417207
 -24689.500000000  -12.658325457   -0.322673503
 -24688.000000000  -12.174880603   -0.321917592
 -24686.500000000  -11.692578844   -0.321149357
 -24685.000000000  -11.211438752   -0.320368683
 -24683.500000000  -10.731479070   -0.319575457
 -24682.000000000  -10.252718710   -0.318769570
 -24680.500000000   -9.775176745   -0.317950914
 -24679.000000000   -9.298872403   -0.317119389
 -24677.500000000   -8.823825060   -0.316274899
 -24676.000000000   -8.350054233   -0.315417353
 -24674.500000000   -7.877579570   -0.314546668
 -24673.000000000   -7.406420838   -0.313662766
 -24671.500000000   -6.936597915   -0.312765579
 -24670.000000000   -6.468130776   -0.311855044
 -24668.500000000   -6.001039482   -0.310931110
 -24667.000000000   -5.535344167   -0.309993732
 -24665.500000000   -5.071065024   -0.309042876
 -24664.000000000   -4.608222289   -0.308078518
 -24662.500000000   -4.146836230   -0.307100642
 -24661.000000000   -3.686927125   -0.306109244
 -24659.500000000   -3.228515255   -0.305104331
 -24658.000000000   -2.771620882   -0.304085920
 -24656.500000000   -2.316264231   -0.303054039
 -24655.000000000   -1.862465478   -0.302008729
 -24653.500000000   -1.410244732   -0.300950041
 -24652.000000000   -0.959622014   -0.299878037
 -24650.500000000   -0.510617242   -0.298792792
 -24649.000000000   -0.063250215   -0.297694393
 -24647.500000000    0.382459408   -0.296582937
 -24646.000000000    0.826492123   -0.295458535
 -24644.500000000    1.268828599   -0.294321308
 -24643.000000000    1.709449700   -0.293171389
 -24641.500000000    2.148336494   -0.292008924
 -24640.000000000    2.585470278   -0.290834070
 -24638.500000000    3.020832592   -0.289646993
 -24637.000000000    3.454405237   -0.288447874
 -24635.500000000    3.886170289   -0.287236903
 -24634.000000000    4.316110119   -0.286014280
 -24632.500000000    4.744207407   -0.284780217
 -24631.000000000    5.170445160   -0.283534936
 -24629.500000000    5.594806723   -0.282278670
 -24628.000000000    6.017275798   -0.281011660
 -24626.500000000    6.437836456   -0.279734157
 -24625.000000000    6.856473154   -0.278446423
 -24623.500000000    7.273170744   -0.277148726
 -24622.000000000    7.687914489   -0.275841344
 -24620.500000000    8.100690077   -0.274524564
 -24619.000000000    8.511483627   -0.273198677
 -24617.500000000    8.920281707   -0.271863986
 -24616.000000000    9.327071338   -0.270520799
 -24614.500000000    9.731840011   -0.269169428
 -24613.000000000   10.134575690   -0.267810194
 -24611.500000000   10.535266823   -0.266443423
 -24610.000000000   10.933902354   -0.265069445
 -24608.500000000   11.330471722   -0.263688596
 -24607.000000000   11.724964876   -0.262301215
 -24605.500000000   12.117372273   -0.260907646
 -24604.000000000   12.507684892   -0.259508235
 -24602.500000000   12.895894231   -0.258103331
 -24601.000000000   13.281992314   -0.256693285
 -24599.500000000   13.665971693   -0.255278452
 -24598.000000000   14.047825453   -0.253859185
 -24596.500000000   14.427547210   -0.252435841
 -24595.000000000   14.805131115   -0.251008774
 -24593.500000000   15.180571850   -0.249578342
 -24592.000000000   15.553864634   -0.248144898
 -24590.500000000   15.925005215   -0.246708797
 -24589.000000000   16.293989873   -0.245270392
 -24587.500000000   16.660815414   -0.243830033
 -24586.000000000   17.025479170   -0.242388070
 -24584.500000000   17.387978993   -0.240944846
 -24583.000000000   17.748313250   -0.239500705
 -24581.500000000   18.106480819   -0.238055986
 -24580.000000000   18.462481084   -0.236611022
 -24578.500000000   18.816313927   -0.235166143
 -24577.000000000   19.167979720   -0.233721676
 -24575.500000000   19.517479321   -0.232277940
 -24574.000000000   19.864814062   -0.230835248
 -24572.500000000   20.209985742   -0.229393910
 -24571.000000000   20.552996619   -0.227954227
 -24569.500000000   20.893849399   -0.226516495
 -24568.000000000   21.232547225   -0.225081002
 -24566.500000000   21.569093667   -0.223648030
 -24565.000000000   21.903492712   -0.222217851
 -24563.500000000   22.235748751   -0.220790732
 -24562.000000000   22.565866568   -0.219366931
 -24560.500000000   22.893851328   -0.217946697
 -24559.000000000   23.219708563   -0.216530270
 -24557.500000000   23.543444159   -0.215117884
 -24556.000000000   23.865064347   -0.213709761
 -24554.500000000   24.184575682   -0.212306116
 -24553.000000000   24.501985036   -0.210907153
 -24551.500000000   24.817299580   -0.209513068
 -24550.000000000   25.130526771   -0.208124047
 -24548.500000000   25.441674341   -0.206740266
 -24547.000000000   25.750750274   -0.205361892
 -24545.500000000   26.057762800   -0.203989082
 -24544.000000000   26.362720376   -0.202621983
 -24542.500000000   26.665631671   -0.201260730
 -24541.000000000   26.966505554   -0.199905453
 -24539.500000000   27.265351075   -0.198556267
 -24538.000000000   27.562177454   -0.197213279
 -24536.500000000   27.856994061   -0.195876588
 -24535.000000000   28.149810408   -0.194546279
 -24533.500000000   28.440636128   -0.193222430
 -24532.000000000   28.729480962   -0.191905109
 -24530.500000000   29.016354748   -0.190594374
 -24529.000000000   29.301267401   -0.189290272
 -24527.500000000   29.584228900   -0.187992842
 -24526.000000000   29.865249278   -0.186702114
 -24524.500000000   30.144338602   -0.185418106
 -24523.000000000   30.421506962   -0.184140830
 -24521.500000000   30.696764459   -0.182870288
 -24520.000000000   30.970121189   -0.181606471
 -24518.500000000   31.241587228   -0.180349365
 -24517.000000000   31.511172627   -0.179098945
 -24515.500000000   31.778887390   -0.177855178
 -24514.000000000   32.044741467   -0.176618024
 -24512.500000000   32.308744743   -0.175387434
 -24511.000000000   32.570907023   -0.174163352
 -24509.500000000   32.831238022   -0.172945715
 -24508.000000000   33.089747354   -0.171734451
 -24506.500000000   33.346444525   -0.170529485
 -24505.000000000   33.601338915   -0.169330730
 -24503.500000000   33.854439776   -0.168138098
 -24502.000000000   34.105756221   -0.166951491
 -24500.500000000   34.355297210   -0.165770807
 -24499.000000000   34.603071549   -0.164595938
 -24497.500000000   34.849087876   -0.163426772
 -24496.000000000   35.093354657   -0.162263189
 -24494.500000000   35.335880175   -0.161105069
 -24493.000000000   35.576672531   -0.159952283
 -24491.500000000   35.815739626   -0.158804701
 -24490.000000000   36.053089168   -0.157662188
 -24488.500000000   36.288728655   -0.156524606
 -24487.000000000   36.522665380   -0.155391813
 -24485.500000000   36.754906417   -0.154263666
 -24484.000000000   36.985458628   -0.153140019
 -24482.500000000   37.214328649   -0.152020722
 -24481.000000000   37.441522893   -0.150905624
 -24479.500000000   37.667047545   -0.149794575
 -24478.000000000   37.890908564   -0.148687419
 -24476.500000000   38.113111673   -0.147584004
 -24475.000000000   38.333662367   -0.146484173
 -24473.500000000   38.552565907   -0.145387771
 -24472.000000000   38.769827318   -0.144294643
 -24470.500000000   38.985451396   -0.143204634
 -24469.000000000   39.199442700   -0.142117587
 -24467.500000000   39.411805562   -0.141033350
 -24466.000000000   39.622544078   -0.139951768
 -24464.500000000   39.831662118   -0.138872691
 -24463.000000000   40.039163327   -0.137795967
 -24461.500000000   40.245051122   -0.136721449
 -24460.000000000   40.449328702   -0.135648989
 -24458.500000000   40.651999046   -0.134578443
 -24457.000000000   40.853064918   -0.133509670
 -24455.500000000   41.052528874   -0.132442531
 -24454.000000000   41.250393260   -0.131376890
 -24452.500000000   41.446660225   -0.130312613
 -24451.000000000   41.641331717   -0.129249571
 -24449.500000000   41.834409493   -0.128187639
 -24448.000000000   42.025895126   -0.127126693
 -24446.500000000   42.215790007   -0.126066616
 -24445.000000000   42.404095352   -0.125007293
 -24443.500000000   42.590812209   -0.123948615
 -24442.000000000   42.775941465   -0.122890474
 -24440.500000000   42.959483851   -0.121832771
 -24439.000000000   43.141439949   -0.120775408
 -24437.500000000   43.321810199   -0.119718294
 -24436.000000000   43.500594910   -0.118661341
 -24434.500000000   43.677794261   -0.117604467
 -24433.000000000   43.853408312   -0.116547595
 -24431.500000000   44.027437012   -0.115490653
 -24430.000000000   44.199880204   -0.114433575
 -24428.500000000   44.370737636   -0.113376297
 -24427.000000000   44.540008967   -0.112318765
 -24425.500000000   44.707693776   -0.111260925
 -24424.000000000   44.873791568   -0.110202734
 -24422.500000000   45.038301782   -0.109144150
 -24421.000000000   45.201223803   -0.108085137
 -24419.500000000   45.362556965   -0.107025667
 -24418.000000000   45.522300561   -0.105965713
 -24416.500000000   45.680453853   -0.104905257
 -24415.000000000   45.837016075   -0.103844285
 -24413.500000000   45.991986445   -0.102782787
 -24412.000000000   46.145364171   -0.101720760
 -24410.500000000   46.297148461   -0.100658205
 -24409.000000000   46.447338525   -0.099595128
 -24407.500000000   46.595933589   -0.098531540
 -24406.000000000   46.742932898   -0.097467458
 -24404.500000000   46.888335725   -0.096402901
 -24403.000000000   47.032141378   -0.095337896
 -24401.500000000   47.174349204   -0.094272472
 -24400.000000000   47.314958602   -0.093206664
 -24398.500000000   47.453969022   -0.092140509
 -24397.000000000   47.591379978   -0.091074052
 -24395.500000000   47.727191048   -0.090007337
 -24394.000000000   47.861401887   -0.088940417
 -24392.500000000   47.994012225   -0.087873346
 -24391.000000000   48.125021877   -0.086806180
 -24389.500000000   48.254430749   -0.085738982
 -24388.000000000   48.382238839   -0.084671816
 -24386.500000000   48.508446247   -0.083604749
 -24385.000000000   48.633053173   -0.082537853
 -24383.500000000   48.756059926   -0.081471199
 -24382.000000000   48.877466929   -0.080404864
 -24380.500000000   48.997274716   -0.079338925
 -24379.000000000   49.115483942   -0.078273463
 -24377.500000000   49.232095384   -0.077208559
 -24376.000000000   49.347109942   -0.076144298
 -24374.500000000   49.460528643   -0.075080765
 -24373.000000000   49.572352644   -0.074018046
 -24371.500000000   49.682583233   -0.072956230
 -24370.000000000   49.791221829   -0.071895404
 -24368.500000000   49.898269985   -0.070835659
 -24367.000000000   50.003729391   -0.069777085
 -24365.500000000   50.107601870   -0.068719772
 -24364.000000000   50.209889382   -0.067663810
 -24362.500000000   50.310594022   -0.066609291
 -24361.000000000   50.409718021   -0.065556305
 -24359.500000000   50.507263747   -0.064504941
 -24358.000000000   50.603233700   -0.063455288
 -24356.500000000   50.697630513   -0.062407436
 -24355.000000000   50.790456952   -0.061361472
 -24353.500000000   50.881715914   -0.060317481
 -24352.000000000   50.971410423   -0.059275548
 -24350.500000000   51.059543629   -0.058235757
 -24349.000000000   51.146118805   -0.057198189
 -24347.500000000   51.231139346   -0.056162923
 -24346.000000000   51.314608764   -0.055130037
 -24344.500000000   51.396530686   -0.054099607
 -24343.000000000   51.476908849   -0.053071704
 -24341.500000000   51.555747097   -0.052046399
 -24340.000000000   51.633049379   -0.051023760
 -24338.500000000   51.708819741   -0.050003850
 -24337.000000000   51.783062326   -0.048986732
 -24335.500000000   51.855781363   -0.047972464
 -24334.000000000   51.926981170   -0.046961101
 -24332.500000000   51.996666144   -0.045952695
 -24331.000000000   52.064840757   -0.044947293
 -24329.500000000   52.131509549   -0.043944942
 -24328.000000000   52.196677128   -0.042945681
 -24326.500000000   52.260348156   -0.041949548
 -24325.000000000   52.322527351   -0.040956576
 -24323.500000000   52.383219478   -0.039966794
 -24322.000000000   52.442429341   -0.038980228
 -24320.500000000   52.500161781   -0.037996899
 -24319.000000000   52.556421665   -0.037016823
 -24317.500000000   52.611213885   -0.036040015
 -24316.000000000   52.664543347   -0.035066481
 -24314.500000000   52.716414969   -0.034096228
 -24313.000000000   52.766833670   -0.033129254
 -24311.500000000   52.815804367   -0.032165555
 -24310.000000000   52.863331968   -0.031205123
 -24308.500000000   52.909421363   -0.030247945
 -24307.000000000   52.954077421   -0.029294003
 -24305.500000000   52.997304980   -0.028343277
 -24304.000000000   53.039108846   -0.027395740
 -24302.500000000   53.079493779   -0.026451362
 -24301.000000000   53.118464493   -0.025510109
 -24299.500000000   53.156025648   -0.024571942
 -24298.000000000   53.192181842   -0.023636820
 -24296.500000000   53.226937606   -0.022704695
 -24295.000000000   53.260297399   -0.021775517
 -24293.500000000   53.292265602   -0.020849231
 -24292.000000000   53.322846509   -0.019925780
 -24290.500000000   53.352044327   -0.019005100
 -24289.000000000   53.379863164   -0.018087128
 -24287.500000000   53.406307029   -0.017171793
 -24286.000000000   53.431379825   -0.016259022
 -24284.500000000   53.455085341   -0.015348741
 -24283.000000000   53.477427254   -0.014440870
 -24281.500000000   53.498409115   -0.013535327
 -24280.000000000   53.518034355   -0.012632026
 -24278.500000000   53.536306271   -0.011730881
 -24277.000000000   53.553228029   -0.010831800
 -24275.500000000   53.568802657   -0.009934691
 -24274.000000000   53.583033040   -0.009039458
 -24272.500000000   53.595921922   -0.008146005
 -24271.000000000   53.607471896   -0.007254232
 -24269.500000000   53.617685406   -0.006364037
 -24268.000000000   53.626564743   -0.005475317
 -24266.500000000   53.634112043   -0.004587969
 -24265.000000000   53.640329283   -0.003701886
 -24263.500000000   53.645218281   -0.002816963
 -24262.000000000   53.648780696   -0.001933090
 -24260.500000000   53.651018022   -0.001050159
 -24259.000000000   53.651931590   -0.000168062
 -24257.500000000   53.651522570    0.000713311
 -24256.000000000   53.649791963    0.001594070
 -24254.500000000   53.646740611    0.002474325
 -24253.000000000   53.642369186    0.003354185
 -24251.500000000   53.636678200    0.004233758
 -24250.000000000   53.629668000    0.005113154
 -24248.500000000   53.621338772    0.005992481
 -24247.000000000   53.611690539    0.006871844
 -24245.500000000   53.600723167    0.007751351
 -24244.000000000   53.588436364    0.008631104
 -24242.500000000   53.574829681    0.009511207
 -24241.000000000   53.559902519    0.010391760
 -24239.500000000   53.543654126    0.011272863
 -24238.000000000   53.526083606    0.012154613
 -24236.500000000   53.507189916    0.013037104
 -24235.000000000   53.486971877    0.013920429
 -24233.500000000   53.465428169    0.014804677
 -24232.000000000   53.442557342    0.015689934
 -24230.500000000   53.418357818    0.016576286
 -24229.000000000   53.392827896    0.017463812
 -24227.500000000   53.365965755    0.018352591
 -24226.000000000   53.337769461    0.019242695
 -24224.500000000   53.308236972    0.020134195
 -24223.000000000   53.277366144    0.021027158
 -24221.500000000   53.245154734    0.021921648
 -24220.000000000   53.211600409    0.022817721
 -24218.500000000   53.176700751    0.023715434
 -24217.000000000   53.140453263    0.024614836
 -24215.500000000   53.102855376    0.025515974
 -24214.000000000   53.063904454    0.026418888
 -24212.500000000   53.023597803    0.027323617
 -24211.000000000   52.981932678    0.028230193
 -24209.500000000   52.938906288    0.029138642
 -24208.000000000   52.894515805    0.030048988
 -24206.500000000   52.848758368    0.030961248
 -24205.000000000   52.801631096    0.031875436
 -24203.500000000   52.753131091    0.032791560
 -24202.000000000   52.703255448    0.033709621
 -24200.500000000   52.652001259    0.034629619
 -24199.000000000   52.599365627    0.035551545
 -24197.500000000   52.545345668    0.036475387
 -24196.000000000   52.489938519    0.037401127
 -24194.500000000   52.433141350    0.038328742
 -24193.000000000   52.374951368    0.039258205
 -24191.500000000   52.315365827    0.040189482
 -24190.000000000   52.254382034    0.041122535
 -24188.500000000   52.191997356    0.042057320
 -24187.000000000   52.128209232    0.042993789
 -24185.500000000   52.063015173    0.043931889
 -24184.000000000   51.996412779    0.044871560
 -24182.500000000   51.928399739    0.045812740
 -24181.000000000   51.858973839    0.046755361
 -24179.500000000   51.788132973    0.047699348
 -24178.000000000   51.715875148    0.048644626
 -24176.500000000   51.642198490    0.049591112
 -24175.000000000   51.567101252    0.050538719
 -24173.500000000   51.490581818    0.051487356
 -24172.000000000   51.412638715    0.052436929
 -24170.500000000   51.333270614    0.053387337
 -24169.000000000   51.252476336    0.054338479
 -24167.500000000   51.170254863    0.055290247
 -24166.000000000   51.086605338    0.056242530
 -24164.500000000   51.001527072    0.057195215
 -24163.000000000   50.915019552    0.058148184
 -24161.500000000   50.827082440    0.059101316
 -24160.000000000   50.737715583    0.060054489
 -24158.500000000   50.646919015    0.061007576
 -24157.000000000   50.554692963    0.061960448
 -24155.500000000   50.461037844    0.062912974
 -24154.000000000   50.365954279    0.063865021
 -24152.500000000   50.269443087    0.064816454
 -24151.000000000   50.171505293    0.065767135
 -24149.500000000   50.072142128    0.066716926
 -24148.000000000   49.971355031    0.067665687
 -24146.500000000   49.869145653    0.068613277
 -24145.000000000   49.765515857    0.069559554
 -24143.500000000   49.660467719    0.070504376
 -24142.000000000   49.554003528    0.071447600
 -24140.500000000   49.446125789    0.072389083
 -24139.000000000   49.336837219    0.073328683
 -24137.500000000   49.226140753    0.074266257
 -24136.000000000   49.114039534    0.075201662
 -24134.500000000   49.000536921    0.076134759
 -24133.000000000   48.885636482    0.077065406
 -24131.500000000   48.769341996    0.077993466
 -24130.000000000   48.651657446    0.078918802
 -24128.500000000   48.532587020    0.079841278
 -24127.000000000   48.412135109    0.080760761
 -24125.500000000   48.290306298    0.081677121
 -24124.000000000   48.167105371    0.082590229
 -24122.500000000   48.042537299    0.083499961
 -24121.000000000   47.916607239    0.084406193
 -24119.500000000   47.789320529    0.085308807
 -24118.000000000   47.660682684    0.086207688
 -24116.500000000   47.530699389    0.087102723
 -24115.000000000   47.399376493    0.087993805
 -24113.500000000   47.266720002    0.088880831
 -24112.000000000   47.132736078    0.089763701
 -24110.500000000   46.997431025    0.090642321
 -24109.000000000   46.860811285    0.091516602
 -24107.500000000   46.722883431    0.092386458
 -24106.000000000   46.583654161    0.093251811
 -24104.500000000   46.443130286    0.094112587
 -24103.000000000   46.301318723    0.094968717
 -24101.500000000   46.158226488    0.095820139
 -24100.000000000   46.013860687    0.096666797
 -24098.500000000   45.868228505    0.097508639
 -24097.000000000   45.721337199    0.098345622
 -24095.500000000   45.573194088    0.099177707
 -24094.000000000   45.423806542    0.100004864
 -24092.500000000   45.273181973    0.100827068
 -24091.000000000   45.121327825    0.101644300
 -24089.500000000   44.968251565    0.102456549
 -24088.000000000   44.813960671    0.103263812
 -24086.500000000   44.658462621    0.104066091
 -24085.000000000   44.501764885    0.104863396
 -24083.500000000   44.343874912    0.105655743
 -24082.000000000   44.184800121    0.106443158
 -24080.500000000   44.024547889    0.107225671
 -24079.000000000   43.863125539    0.108003321
 -24077.500000000   43.700540334    0.108776154
 -24076.000000000   43.536799460    0.109544223
 -24074.500000000   43.371910018    0.110307587
 -24073.000000000   43.205879016    0.111066316
 -24071.500000000   43.038713352    0.111820482
 -24070.000000000   42.870419810    0.112570168
 -24068.500000000   42.701005043    0.113315463
 -24067.000000000   42.530475568    0.114056463
 -24065.500000000   42.358837751    0.114793269
 -24064.000000000   42.186097803    0.115525992
 -24062.500000000   42.012261761    0.116254746
 -24061.000000000   41.837335487    0.116979655
 -24059.500000000   41.661324653    0.117700848
 -24058.000000000   41.484234733    0.118418460
 -24056.500000000   41.306070994    0.119132631
 -24055.000000000   41.126838487    0.119843509
 -24053.500000000   40.946542038    0.120551246
 -24052.000000000   40.765186241    0.121256000
 -24050.500000000   40.582775447    0.121957935
 -24049.000000000   40.399313760    0.122657220
 -24047.500000000   40.214805027    0.123354027
 -24046.000000000   40.029252831    0.124048533
 -24044.500000000   39.842660486    0.124740922
 -24043.000000000   39.655031032    0.125431378
 -24041.500000000   39.466367223    0.126120092
 -24040.000000000   39.276671529    0.126807257
 -24038.500000000   39.085946129    0.127493068
 -24037.000000000   38.894192903    0.128177725
 -24035.500000000   38.701413431    0.128861428
 -24034.000000000   38.507608993    0.129544382
 -24032.500000000   38.312780557    0.130226791
 -24031.000000000   38.116928787    0.130908863
 -24029.500000000   37.920054034    0.131590804
 -24028.000000000   37.722156335    0.132272824
 -24026.500000000   37.523235418    0.132955131
 -24025.000000000   37.323290695    0.133637933
 -24023.500000000   37.122321267    0.134321439
 -24022.000000000   36.920325923    0.135005856
 -24020.500000000   36.717303142    0.135691390
 -24019.000000000   36.513251094    0.136378245
 -24017.500000000   36.308167645    0.137066624
 -24016.000000000   36.102050360    0.137756727
 -24014.500000000   35.894896504    0.138448750
 -24013.000000000   35.686703052    0.139142888
 -24011.500000000   35.477466689    0.139839330
 -24010.000000000   35.267183818    0.140538262
 -24008.500000000   35.055850568    0.141239865
 -24007.000000000   34.843462800    0.141944316
 -24005.500000000   34.630016112    0.142651785
 -24004.000000000   34.415505852    0.143362439
 -24002.500000000   34.199927125    0.144076434
 -24001.000000000   33.983274801    0.144793925
 -23999.500000000   33.765543529    0.145515056
 -23998.000000000   33.546727743    0.146239965
 -23996.500000000   33.326821678    0.146968783
 -23995.000000000   33.105819379    0.147701630
 -23993.500000000   32.883714715    0.148438621
 -23992.000000000   32.660501392    0.149179860
 -23990.500000000   32.436172965    0.149925441
 -23989.000000000   32.210722856    0.150675450
 -23987.500000000   31.984144364    0.151429962
 -23986.000000000   31.756430684    0.152189043
 -23984.500000000   31.527574923    0.152952746
 -23983.000000000   31.297570113    0.153721115
 -23981.500000000   31.066409229    0.154494182
 -23980.000000000   30.834085209    0.155271966
 -23978.500000000   30.600590967    0.156054477
 -23977.000000000   30.365919415    0.156841711
 -23975.500000000   30.130063480    0.157633652
 -23974.000000000   29.893016121    0.158430271
 -23972.500000000   29.654770350    0.159231526
 -23971.000000000   29.415319252    0.160037363
 -23969.500000000   29.174656002    0.160847715
 -23968.000000000   28.932773889    0.161662501
 -23966.500000000   28.689666331    0.162481625
 -23965.000000000   28.445326900    0.163304979
 -23963.500000000   28.199749339    0.164132442
 -23962.000000000   27.952927586    0.164963878
 -23960.500000000   27.704855793    0.165799138
 -23959.000000000   27.455528344    0.166638056
 -23957.500000000   27.204939882    0.167480457
 -23956.000000000   26.953085326    0.168326149
 -23954.500000000   26.699959893    0.169174926
 -23953.000000000   26.445559117    0.170026568
 -23951.500000000   26.189878872    0.170880844
 -23950.000000000   25.932915392    0.171737505
 -23948.500000000   25.674665292    0.172596293
 -23947.000000000   25.415125587    0.173456932
 -23945.500000000   25.154293713    0.174319136
 -23944.000000000   24.892167546    0.175182605
 -23942.500000000   24.628745423    0.176047025
 -23941.000000000   24.364026159    0.176912071
 -23939.500000000   24.098009067    0.177777404
 -23938.000000000   23.830693978    0.178642674
 -23936.500000000   23.562081256    0.179507520
 -23935.000000000   23.292171816    0.180371568
 -23933.500000000   23.020967144    0.181234433
 -23932.000000000   22.748469307    0.182095720
 -23930.500000000   22.474680976    0.182955023
 -23929.000000000   22.199605438    0.183811927
 -23927.500000000   21.923246607    0.184666008
 -23926.000000000   21.645609043    0.185516831
 -23924.500000000   21.366697964    0.186363954
 -23923.000000000   21.086519256    0.187206927
 -23921.500000000   20.805079486    0.188045294
 -23920.000000000   20.522385910    0.188878589
 -23918.500000000   20.238446489    0.189706343
 -23917.000000000   19.953269890    0.190528079
 -23915.500000000   19.666865500    0.191343317
 -23914.000000000   19.379243429    0.192151572
 -23912.500000000   19.090414518    0.192952355
 -23911.000000000   18.800390345    0.193745175
 -23909.500000000   18.509183222    0.194529537
 -23908.000000000   18.216806209    0.195304947
 -23906.500000000   17.923273106    0.196070908
 -23905.000000000   17.628598457    0.196826925
 -23903.500000000   17.332797551    0.197572502
 -23902.000000000   17.035886417    0.198307146
 -23900.500000000   16.737881824    0.199030366
 -23899.000000000   16.438801276    0.199741673
 -23897.500000000   16.138663004    0.200440583
 -23896.000000000   15.837485963    0.201126618
 -23894.500000000   15.535289824    0.201799304
 -23893.000000000   15.232094961    0.202458172
 -23891.500000000   14.927922445    0.203102765
 -23890.000000000   14.622794030    0.203732630
 -23888.500000000   14.316732141    0.204347324
 -23887.000000000   14.009759860    0.204946415
 -23885.500000000   13.701900910    0.205529480
 -23884.000000000   13.393179637    0.206096110
 -23882.500000000   13.083620996    0.206645907
 -23881.000000000   12.773250526    0.207178485
 -23879.500000000   12.462094336    0.207693473
 -23878.000000000   12.150179078    0.208190517
 -23876.500000000   11.837531927    0.208669277
 -23875.000000000   11.524180553    0.209129427
 -23873.500000000   11.210153102    0.209570664
 -23872.000000000   10.895478163    0.209992698
 -23870.500000000   10.580184744    0.210395260
 -23869.000000000   10.264302243    0.210778102
 -23867.500000000    9.947860415    0.211140993
 -23866.000000000    9.630889344    0.211483726
 -23864.500000000    9.313419410    0.211806114
 -23863.000000000    8.995481255    0.212107995
 -23861.500000000    8.677105751    0.212389226
 -23860.000000000    8.358323962    0.212649691
 -23858.500000000    8.039167109    0.212889296
 -23857.000000000    7.719666537    0.213107975
 -23855.500000000    7.399853670    0.213305684
 -23854.000000000    7.079759979    0.213482406
 -23852.500000000    6.759416941    0.213638151
 -23851.000000000    6.438855997    0.213772955
 -23849.500000000    6.118108515    0.213886881
 -23848.000000000    5.797205747    0.213980020
 -23846.500000000    5.476178789    0.214052491
 -23845.000000000    5.155058537    0.214104438
 -23843.500000000    4.833875648    0.214136039
 -23842.000000000    4.512660494    0.214147494
 -23840.500000000    4.191443123    0.214139036
 -23839.000000000    3.870253213    0.214110925
 -23837.500000000    3.549120031    0.214063449
 -23836.000000000    3.228072389    0.213996927
 -23834.500000000    2.907138603    0.213911702
 -23833.000000000    2.586346446    0.213808151
 -23831.500000000    2.265723113    0.213686675
 -23830.000000000    1.945295169    0.213547705
 -23828.500000000    1.625088517    0.213391698
 -23827.000000000    1.305128350    0.213219141
 -23825.500000000    0.985439113    0.213030547
 -23824.000000000    0.666044460    0.212826453
 -23822.500000000    0.346967220    0.212607426
 -23821.000000000    0.028229353    0.212374056
 -23819.500000000   -0.290148085    0.212126959
 -23818.000000000   -0.608144980    0.211866774
 -23816.500000000   -0.925742194    0.211594165
 -23815.000000000   -1.242921604    0.211309816
 -23813.500000000   -1.559666128    0.211014437
 -23812.000000000   -1.875959763    0.210708755
 -23810.500000000   -2.191787616    0.210393519
 -23809.000000000   -2.507135927    0.210069496
 -23807.500000000   -2.821992104    0.209737472
 -23806.000000000   -3.136344743    0.209398248
 -23804.500000000   -3.450183656    0.209052642
 -23803.000000000   -3.763499893    0.208701485
 -23801.500000000   -4.076285759    0.208345623
 -23800.000000000   -4.388534837    0.207985911
 -23798.500000000   -4.700242000    0.207623216
 -23797.000000000   -5.011403430    0.207258413
 -23795.500000000   -5.322016626    0.206892385
 -23794.000000000   -5.632080417    0.206526020
 -23792.500000000   -5.941594965    0.206160212
 -23791.000000000   -6.250561777    0.205795854
 -23789.500000000   -6.558983699    0.205433842
 -23788.000000000   -6.866864925    0.205075073
 -23786.500000000   -7.174210985    0.204720437
 -23785.000000000   -7.481028748    0.204370824
 -23783.500000000   -7.787326410    0.204027116
 -23782.000000000   -8.093113484    0.203690185
 -23780.500000000   -8.398400787    0.203360897
 -23779.000000000   -8.703200424    0.203040104
 -23777.500000000   -9.007525767    0.202728644
 -23776.000000000   -9.311391435    0.202427341
 -23774.500000000   -9.614813271    0.202137000
 -23773.000000000   -9.917808309    0.201858407
 -23771.500000000  -10.220394749    0.201592327
 -23770.000000000  -10.522591919    0.201339502
 -23768.500000000  -10.824420241    0.201100648
 -23767.000000000  -11.125901193    0.200876454
 -23765.500000000  -11.427057263    0.200667579
 -23764.000000000  -11.727911905    0.200474653
 -23762.500000000  -12.028489494    0.200298271
 -23761.000000000  -12.328815271    0.200138994
 -23759.500000000  -12.628915291    0.199997347
 -23758.000000000  -12.928816369    0.199873814
 -23756.500000000  -13.228546015    0.199768843
 -23755.000000000  -13.528132381    0.199682836
 -23753.500000000  -13.827604186    0.199616153
 -23752.000000000  -14.126990659    0.199569108
 -23750.500000000  -14.426321464    0.199541969
 -23749.000000000  -14.725626629    0.199534955
 -23747.500000000  -15.024936476    0.199548235
 -23746.000000000  -15.324281541    0.199581926
 -23744.500000000  -15.623692494    0.199636094
 -23743.000000000  -15.923200068    0.199710750
 -23741.500000000  -16.222834968    0.199805850
 -23740.000000000  -16.522627793    0.199921295
 -23738.500000000  -16.822608947    0.200056926
 -23737.000000000  -17.122808558    0.200212530
 -23735.500000000  -17.423256386    0.200387832
 -23734.000000000  -17.723981738    0.200582500
 -23732.500000000  -18.025013374    0.200796141
 -23731.000000000  -18.326379422    0.201028302
 -23729.500000000  -18.628107284    0.201278469
 -23728.000000000  -18.930223546    0.201546068
 -23726.500000000  -19.232753886    0.201830463
 -23725.000000000  -19.535722986    0.202130959
 -23723.500000000  -19.839154437    0.202446799
 -23722.000000000  -20.143070648    0.202777167
 -23720.500000000  -20.447492764    0.203121186
 -23719.000000000  -20.752440567    0.203477923
 -23717.500000000  -21.057932396    0.203846384
 -23716.000000000  -21.363985057    0.204225519
 -23714.500000000  -21.670613739    0.204614223
 -23713.000000000  -21.977831931    0.205011335
 -23711.500000000  -22.285651342    0.205415643
 -23710.000000000  -22.594081825    0.205825881
 -23708.500000000  -22.903131293    0.206240735
 -23707.000000000  -23.212805658    0.206658844
 -23705.500000000  -23.523108749    0.207078800
 -23704.000000000  -23.834042257    0.207499153
 -23702.500000000  -24.145605663    0.207918412
 -23701.000000000  -24.457796183    0.208335049
 -23699.500000000  -24.770608715    0.208747498
 -23698.000000000  -25.084035786    0.209154165
 -23696.500000000  -25.398067506    0.209553424
 -23695.000000000  -25.712691528    0.209943624
 -23693.500000000  -26.027893013    0.210323094
 -23692.000000000  -26.343654600    0.210690142
 -23690.500000000  -26.659956377    0.211043063
 -23689.000000000  -26.976775869    0.211380141
 -23687.500000000  -27.294088018    0.211699653
 -23686.000000000  -27.611865183    0.211999875
 -23684.500000000  -27.930077136    0.212279083
 -23683.000000000  -28.248691068    0.212535562
 -23681.500000000  -28.567671604    0.212767607
 -23680.000000000  -28.886980827    0.212973530
 -23678.500000000  -29.206578298    0.213151662
 -23677.000000000  -29.526421096    0.213300363
 -23675.500000000  -29.846463863    0.213418020
 -23674.000000000  -30.166658848    0.213503061
 -23672.500000000  -30.486955969    0.213553950
 -23671.000000000  -30.807302877    0.213569200
 -23669.500000000  -31.127645032    0.213547377
 -23668.000000000  -31.447925781    0.213487102
 -23666.500000000  -31.768086452    0.213387058
 -23665.000000000  -32.088066445    0.213245997
 -23663.500000000  -32.407803345    0.213062743
 -23662.000000000  -32.727233029    0.212836200
 -23660.500000000  -33.046289790    0.212565351
 -23659.000000000  -33.364906467    0.212249273
 -23657.500000000  -33.683014577    0.211887132
 -23656.000000000  -34.000544464    0.211478196
 -23654.500000000  -34.317425448    0.211021832
 -23653.000000000  -34.633585984    0.210517520
 -23651.500000000  -34.948953826    0.209964848
 -23650.000000000  -35.263456200    0.209363523
 -23648.500000000  -35.577019982    0.208713373
 -23647.000000000  -35.889571882    0.208014350
 -23645.500000000  -36.201038634    0.207266535
 -23644.000000000  -36.511347193    0.206470138
 -23642.500000000  -36.820424930    0.205625508
 -23641.000000000  -37.128199840    0.204733129
 -23639.500000000  -37.434600751    0.203793624
 -23638.000000000  -37.739557529    0.202807759
 -23636.500000000  -38.043001299    0.201776444
 -23635.000000000  -38.344864659    0.200700732
 -23633.500000000  -38.645081893    0.199581822
 -23632.000000000  -38.943589195    0.198421058
 -23630.500000000  -39.240324884    0.197219931
 -23629.000000000  -39.535229622    0.195980075
 -23627.500000000  -39.828246629    0.194703266
 -23626.000000000  -40.119321900    0.193391423
 -23624.500000000  -40.408404408    0.192046604
 -23623.000000000  -40.695446317    0.190671001
 -23621.500000000  -40.980403181    0.189266940
 -23620.000000000  -41.263234133    0.187836873
 -23618.500000000  -41.543902083    0.186383376
 -23617.000000000  -41.822373889    0.184909139
 -23615.500000000  -42.098620531    0.183416966
 -23614.000000000  -42.372617270    0.181909761
 -23612.500000000  -42.644343797    0.180390525
 -23611.000000000  -42.913784371    0.178862345
 -23609.500000000  -43.180927940    0.177328385
 -23608.000000000  -43.445768250    0.175791876
 -23606.500000000  -43.708303936    0.174256105
 -23605.000000000  -43.968538599    0.172724403
 -23603.500000000  -44.226480860    0.171200133
 -23602.000000000  -44.482144404    0.169686676
 -23600.500000000  -44.735547989    0.168187419
 -23599.000000000  -44.986715449    0.166705737
 -23597.500000000  -45.235675662    0.165244979
 -23596.000000000  -45.482462505    0.163808455
 -23594.500000000  -45.727114771    0.162399414
 -23593.000000000  -45.969676076    0.161021029
 -23591.500000000  -46.210194727    0.159676379
 -23590.000000000  -46.448723567    0.158368432
 -23588.500000000  -46.685319794    0.157100022
 -23587.000000000  -46.920044748    0.155873834
 -23585.500000000  -47.152963667    0.154692381
 -23584.000000000  -47.384145421    0.153557983
 -23582.500000000  -47.613662202    0.152472751
 -23581.000000000  -47.841589199    0.151438563
 -23579.500000000  -48.068004230    0.150457045
 -23578.000000000  -48.292987350    0.149529549
 -23576.500000000  -48.516620423    0.148657135
 -23575.000000000  -48.738986675    0.147840550
 -23573.500000000  -48.960170201    0.147080209
 -23572.000000000  -49.180255461    0.146376175
 -23570.500000000  -49.399326735    0.145728145
 -23569.000000000  -49.617467561    0.145135430
 -23567.500000000  -49.834760143    0.144596939
 -23566.000000000  -50.051284744    0.144111167
 -23564.500000000  -50.267119046    0.143676184
 -23563.000000000  -50.482337512    0.143289620
 -23561.500000000  -50.697010716    0.142948661
 -23560.000000000  -50.911204674    0.142650043
 -23558.500000000  -51.124980162    0.142390045
 -23557.000000000  -51.338392040    0.142164495
 -23555.500000000  -51.551488569    0.141968771
 -23554.000000000  -51.764310743    0.141797809
 -23552.500000000  -51.976891637    0.141646114
 -23551.000000000  -52.189255772    0.141507780
 -23549.500000000  -52.401418514    0.141376508
 -23548.000000000  -52.613385502    0.141245637
 -23546.500000000  -52.825152136    0.141108177
 -23545.000000000  -53.036703104    0.140956848
 -23543.500000000  -53.248011989    0.140784129
 -23542.000000000  -53.459040947    0.140582316
 -23540.500000000  -53.669740476    0.140343581
 -23539.000000000  -53.880049293    0.140060053
 -23537.500000000  -54.089894318    0.139723895
 -23536.000000000  -54.299190808    0.139327404
 -23534.500000000  -54.507842625    0.138863113
 -23533.000000000  -54.715742682    0.138323910
 -23531.500000000  -54.922773577    0.137703173
 -23530.000000000  -55.128808426    0.136994913
 -23528.500000000  -55.333711942    0.136193937
 -23527.000000000  -55.537341751    0.135296025
 -23525.500000000  -55.739549999    0.134298123
 -23524.000000000  -55.940185263    0.133198562
 -23522.500000000  -56.139094796    0.131997286
 -23521.000000000  -56.336127135    0.130696110
 -23519.500000000  -56.531135115    0.129298995
 -23518.000000000  -56.723979308    0.127812350
 -23516.500000000  -56.914531939    0.126245357
 -23515.000000000  -57.102681303    0.124610326
 -23513.500000000  -57.288336740    0.122923072
 -23512.000000000  -57.471434204    0.121203332
 -23510.500000000  -57.651942462    0.119475203
 -23509.000000000  -57.829870000    0.117767625
 -23507.500000000  -58.005272659    0.116114888
 -23506.000000000  -58.178262072    0.114557186
 -23504.500000000  -58.349014959    0.113141208
 -23503.000000000  -58.517783336    0.111920770
 -23501.500000000  -58.684905706    0.110957490
 -23500.000000000  -58.850819303    0.110321516
