#! FIELDS energy b1.bias der_energy
#! SET min_energy -25000
#! SET max_energy -23500
#! SET nbins_energy  1001
#! SET periodic_energy false
 -25000.000000000 -102.439163419   -0.215330528
 -24998.500000000 -102.119258128   -0.211404098
 -24997.000000000 -101.804410203   -0.208560076
 -24995.500000000 -101.493114735   -0.206642903
 -24994.000000000 -101.184088274   -0.205512651
 -24992.500000000 -100.876246281   -0.205043844
 -24991.000000000 -100.568682297   -0.205124335
 -24989.500000000 -100.260648746   -0.205654260
 -24988.000000000  -99.951539253   -0.206545057
 -24986.500000000  -99.640872390   -0.207718540
 -24985.000000000  -99.328276771   -0.209106037
 -24983.500000000  -99.013477385   -0.210647586
 -24982.000000000  -98.696283116   -0.212291171
 -24980.500000000  -98.376575348   -0.213992026
 -24979.000000000  -98.054297595   -0.215711969
 -24977.500000000  -97.729446089   -0.217418794
 -24976.000000000  -97.402061255   -0.219085696
 -24974.500000000  -97.072220005   -0.220690738
 -24973.000000000  -96.740028814   -0.222216364
 -24971.500000000  -96.405617500   -0.223648932
 -24970.000000000  -96.069133670   -0.224978298
 -24968.500000000  -95.730737774   -0.226197418
 -24967.000000000  -95.390598731   -0.227301986
 -24965.500000000  -95.048890077   -0.228290101
 -24964.000000000  -94.705786587   -0.229161959
 -24962.500000000  -94.361461350   -0.229919568
 -24961.000000000  -94.016083248   -0.230566491
 -24959.500000000  -93.669814800   -0.231107606
 -24958.000000000  -93.322810361   -0.231548890
 -24956.500000000  -92.975214618   -0.231897223
 -24955.000000000  -92.627161376   -0.232160206
 -24953.500000000  -92.278772601   -0.232346000
 -24952.000000000  -91.930157688   -0.232463179
 -24950.500000000  -91.581412947   -0.232520597
 -24949.000000000  -91.232621271   -0.232527271
 -24947.500000000  -90.883851969   -0.232492276
 -24946.000000000  -90.535160755   -0.232424652
 -24944.500000000  -90.186589866   -0.232333317
 -24943.000000000  -89.838168290   -0.232227002
 -24941.500000000  -89.489912106   -0.232114184
 -24940.000000000  -89.141824900   -0.232003031
 -24938.500000000  -88.793898266   -0.231901360
 -24937.000000000  -88.446112360   -0.231816596
 -24935.500000000  -88.098436516   -0.231755742
 -24934.000000000  -87.750829895   -0.231725352
 -24932.500000000  -87.403242177   -0.231731512
 -24931.000000000  -87.055614272   -0.231779828
 -24929.500000000  -86.707879050   -0.231875413
 -24928.000000000  -86.359962083   -0.232022883
 -24926.500000000  -86.011782392   -0.232226356
 -24925.000000000  -85.663253194   -0.232489455
 -24923.500000000  -85.314282642   -0.232815310
 -24922.000000000  -84.964774555   -0.233206569
 -24920.500000000  -84.614629138   -0.233665407
 -24919.000000000  -84.263743680   -0.234193538
 -24917.500000000  -83.912013235   -0.234792233
 -24916.000000000  -83.559331275   -0.235462329
 -24914.500000000  -83.205590328   -0.236204253
 -24913.000000000  -82.850682580   -0.237018037
 -24911.500000000  -82.494500452   -0.237903340
 -24910.000000000  -82.136937143   -0.238859465
 -24908.500000000  -81.777887155   -0.239885382
 -24907.000000000  -81.417246768   -0.240979749
 -24905.500000000  -81.054914497   -0.242140931
 -24904.000000000  -80.690791512   -0.243367028
 -24902.500000000  -80.324782027   -0.244655888
 -24901.000000000  -79.956793652   -0.246005134
 -24899.500000000  -79.586737720   -0.247412185
 -24898.000000000  -79.214529573   -0.248874276
 -24896.500000000  -78.840088832   -0.250388478
 -24895.000000000  -78.463339617   -0.251951719
 -24893.500000000  -78.084210752   -0.253560803
 -24892.000000000  -77.702635934   -0.255212432
 -24890.500000000  -77.318553877   -0.256903218
 -24889.000000000  -76.931908425   -0.258629710
 -24887.500000000  -76.542648645   -0.260388403
 -24886.000000000  -76.150728884   -0.262175758
 -24884.500000000  -75.756108817   -0.263988218
 -24883.000000000  -75.358753458   -0.265822222
 -24881.500000000  -74.958633156   -0.267674218
 -24880.000000000  -74.555723571   -0.269540680
 -24878.500000000  -74.150005629   -0.271418117
 -24877.000000000  -73.741465456   -0.273303085
 -24875.500000000  -73.330094302   -0.275192200
 -24874.000000000  -72.915888440   -0.277082148
 -24872.500000000  -72.498849061   -0.278969692
 -24871.000000000  -72.078982143   -0.280851681
 -24869.500000000  -71.656298322   -0.282725062
 -24868.000000000  -71.230812739   -0.284586882
 -24866.500000000  -70.802544881   -0.286434295
 -24865.000000000  -70.371518422   -0.288264572
 -24863.500000000  -69.937761040   -0.290075101
 -24862.000000000  -69.501304240   -0.291863393
 -24860.500000000  -69.062183164   -0.293627086
 -24859.000000000  -68.620436401   -0.295363947
 -24857.500000000  -68.176105789   -0.297071878
 -24856.000000000  -67.729236217   -0.298748912
 -24854.500000000  -67.279875420   -0.300393217
 -24853.000000000  -66.828073780   -0.302003099
 -24851.500000000  -66.373884118   -0.303576997
 -24850.000000000  -65.917361494   -0.305113489
 -24848.500000000  -65.458563002   -0.306611285
 -24847.000000000  -64.997547566   -0.308069231
 -24845.500000000  -64.534375746   -0.309486305
 -24844.000000000  -64.069109537   -0.310861613
 -24842.500000000  -63.601812175   -0.312194391
 -24841.000000000  -63.132547951   -0.313484000
 -24839.500000000  -62.661382020   -0.314729923
 -24838.000000000  -62.188380224   -0.315931764
 -24836.500000000  -61.713608914   -0.317089239
 -24835.000000000  -61.237134777   -0.318202179
 -24833.500000000  -60.759024676   -0.319270523
 -24832.000000000  -60.279345487   -0.320294312
 -24830.500000000  -59.798163946   -0.321273690
 -24829.000000000  -59.315546506   -0.322208893
 -24827.500000000  -58.831559192   -0.323100250
 -24826.000000000  -58.346267472   -0.323948176
 -24824.500000000  -57.859736131   -0.324753168
 -24823.000000000  -57.372029149   -0.325515799
 -24821.500000000  -56.883209594   -0.326236713
 -24820.000000000  -56.393339512   -0.326916625
 -24818.500000000  -55.902479835   -0.327556308
 -24817.000000000  -55.410690286   -0.328156596
 -24815.500000000  -54.918029302   -0.328718374
 -24814.000000000  -54.424553953   -0.329242575
 -24812.500000000  -53.930319877   -0.329730176
 -24811.000000000  -53.435381219   -0.330182191
 -24809.500000000  -52.939790573   -0.330599670
 -24808.000000000  -52.443598939   -0.330983690
 -24806.500000000  -51.946855680   -0.331335356
 -24805.000000000  -51.449608488   -0.331655789
 -24803.500000000  -50.951903359   -0.331946130
 -24802.000000000  -50.453784568   -0.332207531
 -24800.500000000  -49.955294655   -0.332441152
 -24799.000000000  -49.456474419   -0.332648157
 -24797.500000000  -48.957362911   -0.332829710
 -24796.000000000  -48.457997436   -0.332986972
 -24794.500000000  -47.958413563   -0.333121098
 -24793.000000000  -47.458645137   -0.333233233
 -24791.500000000  -46.958724295   -0.333324507
 -24790.000000000  -46.458681488   -0.333396036
 -24788.500000000  -45.958545511   -0.333448916
 -24787.000000000  -45.458343527   -0.333484221
 -24785.500000000  -44.958101111   -0.333503000
 -24784.000000000  -44.457842279   -0.333506276
 -24782.500000000  -43.957589537   -0.333495044
 -24781.000000000  -43.457363921   -0.333470265
 -24779.500000000  -42.957185049   -0.333432871
 -24778.000000000  -42.457071169   -0.333383755
 -24776.500000000  -41.957039213   -0.333323778
 -24775.000000000  -41.457104855   -0.333253759
 -24773.500000000  -40.957282565   -0.333174481
 -24772.000000000  -40.457585669   -0.333086687
 -24770.500000000  -39.958026413   -0.332991075
 -24769.000000000  -39.458616021   -0.332888307
 -24767.500000000  -38.959364762   -0.332778997
 -24766.000000000  -38.460282013   -0.332663719
 -24764.500000000  -37.961376324   -0.332543003
 -24763.000000000  -37.462655481   -0.332417334
 -24761.500000000  -36.964126578   -0.332287154
 -24760.000000000  -36.465796076   -0.332152861
 -24758.500000000  -35.967669873   -0.332014810
 -24757.000000000  -35.469753370   -0.331873310
 -24755.500000000  -34.972051533   -0.331728630
 -24754.000000000  -34.474568958   -0.331580994
 -24752.500000000  -33.977309938   -0.331430584
 -24751.000000000  -33.480278522   -0.331277541
 -24749.500000000  -32.983478579   -0.331121967
 -24748.000000000  -32.486913858   -0.330963919
 -24746.500000000  -31.990588045   -0.330803422
 -24745.000000000  -31.494504826   -0.330640456
 -24743.500000000  -30.998667937   -0.330474970
 -24742.000000000  -30.503081221   -0.330306873
 -24740.500000000  -30.007748683   -0.330136043
 -24739.000000000  -29.512674536   -0.329962322
 -24737.500000000  -29.017863255   -0.329785522
 -24736.000000000  -28.523319618   -0.329605423
 -24734.500000000  -28.029048757   -0.329421778
 -24733.000000000  -27.535056195   -0.329234311
 -24731.500000000  -27.041347887   -0.329042719
 -24730.000000000  -26.547930263   -0.328846677
 -24728.500000000  -26.054810256   -0.328645835
 -24727.000000000  -25.561995341   -0.328439824
 -24725.500000000  -25.069493563   -0.328228253
 -24724.000000000  -24.577313567   -0.328010713
 -24722.500000000  -24.085464620   -0.327786780
 -24721.000000000  -23.593956642   -0.327556015
 -24719.500000000  -23.102800218   -0.327317964
 -24718.000000000  -22.612006624   -0.327072164
 -24716.500000000  -22.121587839   -0.326818140
 -24715.000000000  -21.631556559   -0.326555409
 -24713.500000000  -21.141926210   -0.326283483
 -24712.000000000  -20.652710955   -0.326001867
 -24710.500000000  -20.163925703   -0.325710063
 -24709.000000000  -19.675586109   -0.325407572
 -24707.500000000  -19.187708581   -0.325093893
 -24706.000000000  -18.700310275   -0.324768526
 -24704.500000000  -18.213409094   -0.324430976
 -24703.000000000  -17.727023686   -0.324080748
 -24701.500000000  -17.241173433   -0.323717356
 -24700.000000000  -16.755878443   -0.323340317
 -24698.500000000  -16.271159541   -0.322949160
 -24697.000000000  -15.787038254   -0.322543420
 -24695.500000000  -15.303536800   -0.322122643
 -24694.000000000  -14.820678066   -0.321686387
 -24692.500000000  -14.338485593   -0.321234224
 -24691.000000000  -13.856983556   -0.320765738
 -24689.500000000  -13.376196742   -0.320280527
 -24688.000000000  -12.896150528   -0.319778209
 -24686.500000000  -12.416870855   -0.319258413
 -24685.000000000  -11.938384204   -0.318720789
 -24683.500000000  -11.460717567   -0.318165007
 -24682.000000000  -10.983898421   -0.317590751
 -24680.500000000  -10.507954696   -0.316997730
 -24679.000000000  -10.032914750   -0.316385670
 -24677.500000000   -9.558807331   -0.315754321
 -24676.000000000   -9.085661548   -0.315103452
 -24674.500000000   -8.613506840   -0.314432855
 -24673.000000000   -8.142372941   -0.313742345
 -24671.500000000   -7.672289843   -0.313031761
 -24670.000000000   -7.203287766   -0.312300962
 -24668.500000000   -6.735397120   -0.311549835
 -24667.000000000   -6.268648472   -0.310778286
 -24665.500000000   -5.803072507   -0.309986248
 -24664.000000000   -5.338699994   -0.309173678
 -24662.500000000   -4.875561750   -0.308340555
 -24661.000000000   -4.413688604   -0.307486884
 -24659.500000000   -3.953111359   -0.306612693
 -24658.000000000   -3.493860760   -0.305718033
 -24656.500000000   -3.035967455   -0.304802983
 -24655.000000000   -2.579461959   -0.303867640
 -24653.500000000   -2.124374622   -0.302912127
 -24652.000000000   -1.670735590   -0.301936591
 -24650.500000000   -1.218574777   -0.300941200
 -24649.000000000   -0.767921822   -0.299926146
 -24647.500000000   -0.318806065   -0.298891641
 -24646.000000000    0.128743491   -0.297837920
 -24644.500000000    0.574698213   -0.296765238
 -24643.000000000    1.019029864   -0.295673873
 -24641.500000000    1.461710637   -0.294564119
 -24640.000000000    1.902713186   -0.293436294
 -24638.500000000    2.342010650   -0.292290731
 -24637.000000000    2.779576686   -0.291127783
 -24635.500000000    3.215385491   -0.289947820
 -24634.000000000    3.649411831   -0.288751229
 -24632.500000000    4.081631067   -0.287538414
 -24631.000000000    4.512019172   -0.286309794
 -24629.500000000    4.940552761   -0.285065800
 -24628.000000000    5.367209108   -0.283806881
 -24626.500000000    5.791966170   -0.282533496
 -24625.000000000    6.214802600   -0.281246119
 -24623.500000000    6.635697771   -0.279945232
 -24622.000000000    7.054631790   -0.278631331
 -24620.500000000    7.471585511   -0.277304921
 -24619.000000000    7.886540553   -0.275966513
 -24617.500000000    8.299479313   -0.274616631
 -24616.000000000    8.710384972   -0.273255802
 -24614.500000000    9.119241512   -0.271884561
 -24613.000000000    9.526033720   -0.270503450
 -24611.500000000    9.930747199   -0.269113014
 -24610.000000000   10.333368373   -0.267713801
 -24608.500000000   10.733884490   -0.266306364
 -24607.000000000   11.132283631   -0.264891258
 -24605.500000000   11.528554707   -0.263469037
 -24604.000000000   11.922687463   -0.262040258
 -24602.500000000   12.314672480   -0.260605476
 -24601.000000000   12.704501168   -0.259165246
 -24599.500000000   13.092165770   -0.257720120
 -24598.000000000   13.477659355   -0.256270647
 -24596.500000000   13.860975812   -0.254817374
 -24595.000000000   14.242109848   -0.253360842
 -24593.500000000   14.621056977   -0.251901588
 -24592.000000000   14.997813515   -0.250440142
 -24590.500000000   15.372376568   -0.248977028
 -24589.000000000   15.744744024   -0.247512764
 -24587.500000000   16.114914539   -0.246047858
 -24586.000000000   16.482887527   -0.244582811
 -24584.500000000   16.848663148   -0.243118115
 -24583.000000000   17.212242288   -0.241654250
 -24581.500000000   17.573626549   -0.240191688
 -24580.000000000   17.932818233   -0.238730889
 -24578.500000000   18.289820322   -0.237272302
 -24577.000000000   18.644636462   -0.235816363
 -24575.500000000   18.997270947   -0.234363497
 -24574.000000000   19.347728694   -0.232914114
 -24572.500000000   19.696015231   -0.231468614
 -24571.000000000   20.042136671   -0.230027380
 -24569.500000000   20.386099691   -0.228590783
 -24568.000000000   20.727911514   -0.227159177
 -24566.500000000   21.067579887   -0.225732903
 -24565.000000000   21.405113053   -0.224312288
 -24563.500000000   21.740519734   -0.222897641
 -24562.000000000   22.073809106   -0.221489257
 -24560.500000000   22.404990775   -0.220087414
 -24559.000000000   22.734074752   -0.218692377
 -24557.500000000   23.061071431   -0.217304390
 -24556.000000000   23.385991563   -0.215923685
 -24554.500000000   23.708846234   -0.214550475
 -24553.000000000   24.029646835   -0.213184958
 -24551.500000000   24.348405045   -0.211827315
 -24550.000000000   24.665132798   -0.210477709
 -24548.500000000   24.979842265   -0.209136289
 -24547.000000000   25.292545825   -0.207803187
 -24545.500000000   25.603256042   -0.206478517
 -24544.000000000   25.911985640   -0.205162377
 -24542.500000000   26.218747479   -0.203854850
 -24541.000000000   26.523554529   -0.202556002
 -24539.500000000   26.826419849   -0.201265883
 -24538.000000000   27.127356561   -0.199984529
 -24536.500000000   27.426377827   -0.198711957
 -24535.000000000   27.723496825   -0.197448171
 -24533.500000000   28.018726728   -0.196193160
 -24532.000000000   28.312080680   -0.194946898
 -24530.500000000   28.603571776   -0.193709343
 -24529.000000000   28.893213037   -0.192480441
 -24527.500000000   29.181017392   -0.191260123
 -24526.000000000   29.466997657   -0.190048306
 -24524.500000000   29.751166512   -0.188844894
 -24523.000000000   30.033536487   -0.187649779
 -24521.500000000   30.314119937   -0.186462840
 -24520.000000000   30.592929028   -0.185283944
 -24518.500000000   30.869975719   -0.184112947
 -24517.000000000   31.145271741   -0.182949693
 -24515.500000000   31.418828585   -0.181794015
 -24514.000000000   31.690657486   -0.180645738
 -24512.500000000   31.960769405   -0.179504674
 -24511.000000000   32.229175016   -0.178370628
 -24509.500000000   32.495884695   -0.177243396
 -24508.000000000   32.760908504   -0.176122765
 -24506.500000000   33.024256180   -0.175008514
 -24505.000000000   33.285937123   -0.173900416
 -24503.500000000   33.545960386   -0.172798236
 -24502.000000000   33.804334668   -0.171701733
 -24500.500000000   34.061068300   -0.170610660
 -24499.000000000   34.316169238   -0.169524766
 -24497.500000000   34.569645060   -0.168443795
 -24496.000000000   34.821502954   -0.167367485
 -24494.500000000   35.071749715   -0.166295573
 -24493.000000000   35.320391738   -0.165227790
 -24491.500000000   35.567435016   -0.164163868
 -24490.000000000   35.812885136   -0.163103534
 -24488.500000000   36.056747275   -0.162046514
 -24487.000000000   36.299026199   -0.160992534
 -24485.500000000   36.539726261   -0.159941320
 -24484.000000000   36.778851403   -0.158892595
 -24482.500000000   37.016405153   -0.157846085
 -24481.000000000   37.252390630   -0.156801518
 -24479.500000000   37.486810542   -0.155758620
 -24478.000000000   37.719667190   -0.154717122
 -24476.500000000   37.950962473   -0.153676756
 -24475.000000000   38.180697890   -0.152637256
 -24473.500000000   38.408874545   -0.151598363
 -24472.000000000   38.635493153   -0.150559817
 -24470.500000000   38.860554044   -0.149521366
 -24469.000000000   39.084057173   -0.148482760
 -24467.500000000   39.306002125   -0.147443756
 -24466.000000000   39.526388122   -0.146404114
 -24464.500000000   39.745214033   -0.145363603
 -24463.000000000   39.962478383   -0.144321996
 -24461.500000000   40.178179362   -0.143279072
 -24460.000000000   40.392314834   -0.142234618
 -24458.500000000   40.604882349   -0.141188428
 -24457.000000000   40.815879152   -0.140140304
 -24455.500000000   41.025302198   -0.139090054
 -24454.000000000   41.233148159   -0.138037494
 -24452.500000000   41.439413439   -0.136982452
 -24451.000000000   41.644094189   -0.135924759
 -24449.500000000   41.847186312   -0.134864259
 -24448.000000000   42.048685486   -0.133800802
 -24446.500000000   42.248587170   -0.132734249
 -24445.000000000   42.446886621   -0.131664471
 -24443.500000000   42.643578908   -0.130591345
 -24442.000000000   42.838658927   -0.129514761
 -24440.500000000   43.032121410   -0.128434616
 -24439.000000000   43.223960950   -0.127350820
 -24437.500000000   43.414172003   -0.126263290
 -24436.000000000   43.602748915   -0.125171953
 -24434.500000000   43.789685928   -0.124076748
 -24433.000000000   43.974977198   -0.122977623
 -24431.500000000   44.158616814   -0.121874535
 -24430.000000000   44.340598806   -0.120767453
 -24428.500000000   44.520917163   -0.119656354
 -24427.000000000   44.699565852   -0.118541226
 -24425.500000000   44.876538825   -0.117422067
 -24424.000000000   45.051830042   -0.116298886
 -24422.500000000   45.225433480   -0.115171698
 -24421.000000000   45.397343148   -0.114040532
 -24419.500000000   45.567553106   -0.112905425
 -24418.000000000   45.736057474   -0.111766421
 -24416.500000000   45.902850448   -0.110623577
 -24415.000000000   46.067926317   -0.109476957
 -24413.500000000   46.231279469   -0.108326635
 -24412.000000000   46.392904411   -0.107172693
 -24410.500000000   46.552795781   -0.106015221
 -24409.000000000   46.710948358   -0.104854319
 -24407.500000000   46.867357076   -0.103690094
 -24406.000000000   47.022017036   -0.102522661
 -24404.500000000   47.174923518   -0.101352144
 -24403.000000000   47.326071990   -0.100178672
 -24401.500000000   47.475458123   -0.099002382
 -24400.000000000   47.623077799   -0.097823419
 -24398.500000000   47.768927119   -0.096641934
 -24397.000000000   47.913002417   -0.095458083
 -24395.500000000   48.055300266   -0.094272029
 -24394.000000000   48.195817488   -0.093083942
 -24392.500000000   48.334551161   -0.091893994
 -24391.000000000   48.471498629   -0.090702365
 -24389.500000000   48.606657506   -0.089509237
 -24388.000000000   48.740025686   -0.088314800
 -24386.500000000   48.871601347   -0.087119245
 -24385.000000000   49.001382958   -0.085922766
 -24383.500000000   49.129369283   -0.084725563
 -24382.000000000   49.255559386   -0.083527837
 -24380.500000000   49.379952636   -0.082329793
 -24379.000000000   49.502548709   -0.081131636
 -24377.500000000   49.623347592   -0.079933575
 -24376.000000000   49.742349586   -0.078735819
 -24374.500000000   49.859555306   -0.077538579
 -24373.000000000   49.974965686   -0.076342066
 -24371.500000000   50.088581974   -0.075146492
 -24370.000000000   50.200405738   -0.073952069
 -24368.500000000   50.310438862   -0.072759008
 -24367.000000000   50.418683548   -0.071567520
 -24365.500000000   50.525142313   -0.070377814
 -24364.000000000   50.629817987   -0.069190099
 -24362.500000000   50.732713710   -0.068004581
 -24361.000000000   50.833832932   -0.066821465
 -24359.500000000   50.933179406   -0.065640951
 -24358.000000000   51.030757187   -0.064463240
 -24356.500000000   51.126570626   -0.063288528
 -24355.000000000   51.220624366   -0.062117006
 -24353.500000000   51.312923333   -0.060948863
 -24352.000000000   51.403472738   -0.059784286
 -24350.500000000   51.492278063   -0.058623453
 -24349.000000000   51.579345057   -0.057466540
 -24347.500000000   51.664679729   -0.056313719
 -24346.000000000   51.748288343   -0.055165156
 -24344.500000000   51.830177405   -0.054021009
 -24343.000000000   51.910353658   -0.052881435
 -24341.500000000   51.988824071   -0.051746581
 -24340.000000000   52.065595834   -0.050616591
 -24338.500000000   52.140676343   -0.049491599
 -24337.000000000   52.214073196   -0.048371736
 -24335.500000000   52.285794178   -0.047257124
 -24334.000000000   52.355847253   -0.046147879
 -24332.500000000   52.424240554   -0.045044110
 -24331.000000000   52.490982371   -0.043945917
 -24329.500000000   52.556081139   -0.042853394
 -24328.000000000   52.619545431   -0.041766628
 -24326.500000000   52.681383941   -0.040685696
 -24325.000000000   52.741605474   -0.039610670
 -24323.500000000   52.800218936   -0.038541612
 -24322.000000000   52.857233323   -0.037478577
 -24320.500000000   52.912657702   -0.036421611
 -24319.000000000   52.966501209   -0.035370752
 -24317.500000000   53.018773028   -0.034326031
 -24316.000000000   53.069482383   -0.033287470
 -24314.500000000   53.118638524   -0.032255082
 -24313.000000000   53.166250717   -0.031228872
 -24311.500000000   53.212328229   -0.030208839
 -24310.000000000   53.256880316   -0.029194970
 -24308.500000000   53.299916213   -0.028187248
 -24307.000000000   53.341445118   -0.027185643
 -24305.500000000   53.381476184   -0.026190122
 -24304.000000000   53.420018504   -0.025200640
 -24302.500000000   53.457081099   -0.024217147
 -24301.000000000   53.492672908   -0.023239582
 -24299.500000000   53.526802777   -0.022267880
 -24298.000000000   53.559479444   -0.021301966
 -24296.500000000   53.590711529   -0.020341758
 -24295.000000000   53.620507528   -0.019387167
 -24293.500000000   53.648875792   -0.018438097
 -24292.000000000   53.675824528   -0.017494445
 -24290.500000000   53.701361780   -0.016556100
 -24289.000000000   53.725495422   -0.015622945
 -24287.500000000   53.748233150   -0.014694859
 -24286.000000000   53.769582470   -0.013771712
 -24284.500000000   53.789550689   -0.012853369
 -24283.000000000   53.808144908   -0.011939689
 -24281.500000000   53.825372014   -0.011030526
 -24280.000000000   53.841238668   -0.010125728
 -24278.500000000   53.855751303   -0.009225139
 -24277.000000000   53.868916110   -0.008328599
 -24275.500000000   53.880739040   -0.007435941
 -24274.000000000   53.891225789   -0.006546995
 -24272.500000000   53.900381796   -0.005661589
 -24271.000000000   53.908212238   -0.004779546
 -24269.500000000   53.914722025   -0.003900684
 -24268.000000000   53.919915790   -0.003024821
 -24266.500000000   53.923797895   -0.002151771
 -24265.000000000   53.926372416   -0.001281345
 -24263.500000000   53.927643148   -0.000413354
 -24262.000000000   53.927613599    0.000452395
 -24260.500000000   53.926286987    0.001316095
 -24259.000000000   53.923666239    0.002177941
 -24257.500000000   53.919753993    0.003038128
 -24256.000000000   53.914552589    0.003896850
 -24254.500000000   53.908064077    0.004754304
 -24253.000000000   53.900290212    0.005610686
 -24251.500000000   53.891232458    0.006466189
 -24250.000000000   53.880891987    0.007321008
 -24248.500000000   53.869269679    0.008175336
 -24247.000000000   53.856366130    0.009029363
 -24245.500000000   53.842181647    0.009883278
 -24244.000000000   53.826716257    0.010737270
 -24242.500000000   53.809969708    0.011591521
 -24241.000000000   53.791941472    0.012446215
 -24239.500000000   53.772630754    0.013301528
 -24238.000000000   53.752036490    0.014157637
 -24236.500000000   53.730157358    0.015014713
 -24235.000000000   53.706991782    0.015872924
 -24233.500000000   53.682537938    0.016732431
 -24232.000000000   53.656793761    0.017593394
 -24230.500000000   53.629756951    0.018455967
 -24229.000000000   53.601424981    0.019320298
 -24227.500000000   53.571795107    0.020186529
 -24226.000000000   53.540864374    0.021054799
 -24224.500000000   53.508629623    0.021925240
 -24223.000000000   53.475087506    0.022797977
 -24221.500000000   53.440234486    0.023673128
 -24220.000000000   53.404066856    0.024550808
 -24218.500000000   53.366580744    0.025431122
 -24217.000000000   53.327772122    0.026314170
 -24215.500000000   53.287636821    0.027200043
 -24214.000000000   53.246170538    0.028088827
 -24212.500000000   53.203368847    0.028980598
 -24211.000000000   53.159227214    0.029875428
 -24209.500000000   53.113741003    0.030773378
 -24208.000000000   53.066905493    0.031674503
 -24206.500000000   53.018715883    0.032578850
 -24205.000000000   52.969167313    0.033486457
 -24203.500000000   52.918254868    0.034397355
 -24202.000000000   52.865973592    0.035311567
 -24200.500000000   52.812318504    0.036229106
 -24199.000000000   52.757284606    0.037149980
 -24197.500000000   52.700866897    0.038074186
 -24196.000000000   52.643060387    0.039001714
 -24194.500000000   52.583860105    0.039932544
 -24193.000000000   52.523261116    0.040866652
 -24191.500000000   52.461258530    0.041804000
 -24190.000000000   52.397847516    0.042744547
 -24188.500000000   52.333023316    0.043688240
 -24187.000000000   52.266781252    0.044635021
 -24185.500000000   52.199116742    0.045584823
 -24184.000000000   52.130025311    0.046537569
 -24182.500000000   52.059502603    0.047493178
 -24181.000000000   51.987544391    0.048451558
 -24179.500000000   51.914146591    0.049412613
 -24178.000000000   51.839305269    0.050376235
 -24176.500000000   51.763016657    0.051342314
 -24175.000000000   51.685277159    0.052310729
 -24173.500000000   51.606083366    0.053281354
 -24172.000000000   51.525432060    0.054254056
 -24170.500000000   51.443320230    0.055228695
 -24169.000000000   51.359745077    0.056205127
 -24167.500000000   51.274704027    0.057183200
 -24166.000000000   51.188194735    0.058162757
 -24164.500000000   51.100215097    0.059143634
 -24163.000000000   51.010763257    0.060125664
 -24161.500000000   50.919837613    0.061108676
 -24160.000000000   50.827436828    0.062092490
 -24158.500000000   50.733559833    0.063076926
 -24157.000000000   50.638205832    0.064061798
 -24155.500000000   50.541374315    0.065046917
 -24154.000000000   50.443065054    0.066032090
 -24152.500000000   50.343278116    0.067017121
 -24151.000000000   50.242013860    0.068001813
 -24149.500000000   50.139272949    0.068985963
 -24148.000000000   50.035056344    0.069969370
 -24146.500000000   49.929365314    0.070951828
 -24145.000000000   49.822201436    0.071933133
 -24143.500000000   49.713566596    0.072913076
 -24142.000000000   49.603462991    0.073891452
 -24140.500000000   49.491893127    0.074868052
 -24139.000000000   49.378859825    0.075842670
 -24137.500000000   49.264366213    0.076815097
 -24136.000000000   49.148415731    0.077785129
 -24134.500000000   49.031012126    0.078752561
 -24133.000000000   48.912159451    0.079717189
 -24131.500000000   48.791862062    0.080678813
 -24130.000000000   48.670124614    0.081637234
 -24128.500000000   48.546952059    0.082592257
 -24127.000000000   48.422349638    0.083543689
 -24125.500000000   48.296322881    0.084491342
 -24124.000000000   48.168877596    0.085435029
 -24122.500000000   48.040019867    0.086374571
 -24121.000000000   47.909756045    0.087309790
 -24119.500000000   47.778092742    0.088240517
 -24118.000000000   47.645036823    0.089166585
 -24116.500000000   47.510595397    0.090087834
 -24115.000000000   47.374775809    0.091004109
 -24113.500000000   47.237585630    0.091915263
 -24112.000000000   47.099032650    0.092821155
 -24110.500000000   46.959124864    0.093721650
 -24109.000000000   46.817870462    0.094616622
 -24107.500000000   46.675277820    0.095505950
 -24106.000000000   46.531355488    0.096389524
 -24104.500000000   46.386112177    0.097267240
 -24103.000000000   46.239556746    0.098139002
 -24101.500000000   46.091698190    0.099004725
 -24100.000000000   45.942545631    0.099864329
 -24098.500000000   45.792108296    0.100717748
 -24097.000000000   45.640395511    0.101564920
 -24095.500000000   45.487416684    0.102405796
 -24094.000000000   45.333181290    0.103240337
 -24092.500000000   45.177698858    0.104068510
 -24091.000000000   45.020978954    0.104890296
 -24089.500000000   44.863031169    0.105705683
 -24088.000000000   44.703865103    0.106514672
 -24086.500000000   44.543490347    0.107317272
 -24085.000000000   44.381916472    0.108113503
 -24083.500000000   44.219153008    0.108903396
 -24082.000000000   44.055209433    0.109686991
 -24080.500000000   43.890095157    0.110464341
 -24079.000000000   43.723819503    0.111235507
 -24077.500000000   43.556391693    0.112000561
 -24076.000000000   43.387820835    0.112759586
 -24074.500000000   43.218115902    0.113512677
 -24073.000000000   43.047285721    0.114259935
 -24071.500000000   42.875338955    0.115001476
 -24070.000000000   42.702284090    0.115737423
 -24068.500000000   42.528129418    0.116467910
 -24067.000000000   42.352883020    0.117193081
 -24065.500000000   42.176552757    0.117913089
 -24064.000000000   41.999146251    0.118628099
 -24062.500000000   41.820670873    0.119338282
 -24061.000000000   41.641133727    0.120043821
 -24059.500000000   41.460541638    0.120744905
 -24058.000000000   41.278901140    0.121441734
 -24056.500000000   41.096218461    0.122134515
 -24055.000000000   40.912499512    0.122823464
 -24053.500000000   40.727749873    0.123508805
 -24052.000000000   40.541974786    0.124190768
 -24050.500000000   40.355179140    0.124869591
 -24049.000000000   40.167367462    0.125545518
 -24047.500000000   39.978543908    0.126218801
 -24046.000000000   39.788712252    0.126889697
 -24044.500000000   39.597875880    0.127558467
 -24043.000000000   39.406037780    0.128225380
 -24041.500000000   39.213200534    0.128890707
 -24040.000000000   39.019366315    0.129554724
 -24038.500000000   38.824536876    0.130217713
 -24037.000000000   38.628713550    0.130879955
 -24035.500000000   38.431897242    0.131541737
 -24034.000000000   38.234088425    0.132203348
 -24032.500000000   38.035287140    0.132865076
 -24031.000000000   37.835492992    0.133527214
 -24029.500000000   37.634705148    0.134190052
 -24028.000000000   37.432922340    0.134853883
 -24026.500000000   37.230142858    0.135518997
 -24025.000000000   37.026364561    0.136185685
 -24023.500000000   36.821584872    0.136854235
 -24022.000000000   36.615800781    0.137524934
 -24020.500000000   36.409008854    0.138198064
 -24019.000000000   36.201205232    0.138873906
 -24017.500000000   35.992385641    0.139552735
 -24016.000000000   35.782545396    0.140234823
 -24014.500000000   35.571679409    0.140920436
 -24013.000000000   35.359782197    0.141609833
 -24011.500000000   35.146847892    0.142303268
 -24010.000000000   34.932870252    0.143000987
 -24008.500000000   34.717842668    0.143703230
 -24007.000000000   34.501758183    0.144410228
 -24005.500000000   34.284609498    0.145122200
 -24004.000000000   34.066388988    0.145839361
 -24002.500000000   33.847088721    0.146561911
 -24001.000000000   33.626700465    0.147290042
 -23999.500000000   33.405215714    0.148023935
 -23998.000000000   33.182625696    0.148763757
 -23996.500000000   32.958921400    0.149509665
 -23995.000000000   32.734093588    0.150261801
 -23993.500000000   32.508132817    0.151020296
 -23992.000000000   32.281029463    0.151785265
 -23990.500000000   32.052773735    0.152556809
 -23989.000000000   31.823355705    0.153335015
 -23987.500000000   31.592765324    0.154119953
 -23986.000000000   31.360992453    0.154911678
 -23984.500000000   31.128026878    0.155710229
 -23983.000000000   30.893858341    0.156515628
 -23981.500000000   30.658476567    0.157327880
 -23980.000000000   30.421871283    0.158146971
 -23978.500000000   30.184032249    0.158972871
 -23977.000000000   29.944949288    0.159805532
 -23975.500000000   29.704612307    0.160644885
 -23974.000000000   29.463011329    0.161490845
 -23972.500000000   29.220136521    0.162343307
 -23971.000000000   28.975978221    0.163202145
 -23969.500000000   28.730526970    0.164067215
 -23968.000000000   28.483773540    0.164938355
 -23966.500000000   28.235708961    0.165815380
 -23965.000000000   27.986324557    0.166698088
 -23963.500000000   27.735611969    0.167586253
 -23962.000000000   27.483563189    0.168479634
 -23960.500000000   27.230170591    0.169377966
 -23959.000000000   26.975426957    0.170280965
 -23957.500000000   26.719325513    0.171188328
 -23956.000000000   26.461859952    0.172099731
 -23954.500000000   26.203024470    0.173014831
 -23953.000000000   25.942813792    0.173933264
 -23951.500000000   25.681223203    0.174854647
 -23950.000000000   25.418248577    0.175778578
 -23948.500000000   25.153886404    0.176704637
 -23947.000000000   24.888133823    0.177632383
 -23945.500000000   24.620988642    0.178561357
 -23944.000000000   24.352449374    0.179491085
 -23942.500000000   24.082515258    0.180421071
 -23941.000000000   23.811186288    0.181350804
 -23939.500000000   23.538463236    0.182279756
 -23938.000000000   23.264347681    0.183207384
 -23936.500000000   22.988842027    0.184133126
 -23935.000000000   22.711949533    0.185056408
 -23933.500000000   22.433674327    0.185976641
 -23932.000000000   22.154021437    0.186893220
 -23930.500000000   21.872996802    0.187805530
 -23929.000000000   21.590607297    0.188712940
 -23927.500000000   21.306860751    0.189614811
 -23926.000000000   21.021765960    0.190510491
 -23924.500000000   20.735332706    0.191399317
 -23923.000000000   20.447571770    0.192280620
 -23921.500000000   20.158494948    0.193153719
 -23920.000000000   19.868115057    0.194017929
 -23918.500000000   19.576445953    0.194872555
 -23917.000000000   19.283502532    0.195716901
 -23915.500000000   18.989300743    0.196550261
 -23914.000000000   18.693857593    0.197371931
 -23912.500000000   18.397191150    0.198181201
 -23911.000000000   18.099320547    0.198977360
 -23909.500000000   17.800265979    0.199759700
 -23908.000000000   17.500048712    0.200527510
 -23906.500000000   17.198691069    0.201280083
 -23905.000000000   16.896216434    0.202016715
 -23903.500000000   16.592649244    0.202736707
 -23902.000000000   16.288014981    0.203439365
 -23900.500000000   15.982340161    0.204124001
 -23899.000000000   15.675652328    0.204789938
 -23897.500000000   15.367980032    0.205436505
 -23896.000000000   15.059352825    0.206063045
 -23894.500000000   14.749801236    0.206668909
 -23893.000000000   14.439356753    0.207253465
 -23891.500000000   14.128051806    0.207816092
 -23890.000000000   13.815919743    0.208356187
 -23888.500000000   13.502994803    0.208873164
 -23887.000000000   13.189312094    0.209366454
 -23885.500000000   12.874907559    0.209835508
 -23884.000000000   12.559817952    0.210279798
 -23882.500000000   12.244080801    0.210698817
 -23881.000000000   11.927734377    0.211092083
 -23879.500000000   11.610817658    0.211459137
 -23878.000000000   11.293370288    0.211799547
 -23876.500000000   10.975432542    0.212112906
 -23875.000000000   10.657045284    0.212398837
 -23873.500000000   10.338249920    0.212656990
 -23872.000000000   10.019088361    0.212887048
 -23870.500000000    9.699602967    0.213088724
 -23869.000000000    9.379836508    0.213261763
 -23867.500000000    9.059832109    0.213405943
 -23866.000000000    8.739633201    0.213521079
 -23864.500000000    8.419283469    0.213607020
 -23863.000000000    8.098826798    0.213663650
 -23861.500000000    7.778307214    0.213690893
 -23860.000000000    7.457768834    0.213688709
 -23858.500000000    7.137255803    0.213657097
 -23857.000000000    6.816812237    0.213596097
 -23855.500000000    6.496482166    0.213505789
 -23854.000000000    6.176309465    0.213386292
 -23852.500000000    5.856337802    0.213237770
 -23851.000000000    5.536610568    0.213060425
 -23849.500000000    5.217170816    0.212854504
 -23848.000000000    4.898061200    0.212620297
 -23846.500000000    4.579323903    0.212358136
 -23845.000000000    4.261000581    0.212068397
 -23843.500000000    3.943132292    0.211751500
 -23842.000000000    3.625759428    0.211407909
 -23840.500000000    3.308921658    0.211038131
 -23839.000000000    2.992657855    0.210642716
 -23837.500000000    2.677006030    0.210222261
 -23836.000000000    2.362003273    0.209777403
 -23834.500000000    2.047685682    0.209308825
 -23833.000000000    1.734088298    0.208817250
 -23831.500000000    1.421245045    0.208303447
 -23830.000000000    1.109188666    0.207768225
 -23828.500000000    0.797950656    0.207212434
 -23827.000000000    0.487561203    0.206636966
 -23825.500000000    0.178049130    0.206042754
 -23824.000000000   -0.130558170    0.205430766
 -23822.500000000   -0.438234786    0.204802014
 -23821.000000000   -0.744956353    0.204157543
 -23819.500000000   -1.050700098    0.203498437
 -23818.000000000   -1.355444903    0.202825811
 -23816.500000000   -1.659171348    0.202140819
 -23815.000000000   -1.961861768    0.201444644
 -23813.500000000   -2.263500295    0.200738499
 -23812.000000000   -2.564072904    0.200023630
 -23810.500000000   -2.863567459    0.199301308
 -23809.000000000   -3.161973751    0.198572831
 -23807.500000000   -3.459283536    0.197839521
 -23806.000000000   -3.755490570    0.197102722
 -23804.500000000   -4.050590640    0.196363799
 -23803.000000000   -4.344581597    0.195624136
 -23801.500000000   -4.637463378    0.194885132
 -23800.000000000   -4.929238030    0.194148201
 -23798.500000000   -5.219909730    0.193414768
 -23797.000000000   -5.509484801    0.192686269
 -23795.500000000   -5.797971725    0.191964146
 -23794.000000000   -6.085381149    0.191249845
 -23792.500000000   -6.371725895    0.190544816
 -23791.000000000   -6.657020956    0.189850506
 -23789.500000000   -6.941283497    0.189168363
 -23788.000000000   -7.224532848    0.188499825
 -23786.500000000   -7.506790490    0.187846323
 -23785.000000000   -7.788080045    0.187209277
 -23783.500000000   -8.068427253    0.186590093
 -23782.000000000   -8.347859948    0.185990158
 -23780.500000000   -8.626408037    0.185410842
 -23779.000000000   -8.904103457    0.184853490
 -23777.500000000   -9.180980149    0.184319421
 -23776.000000000   -9.457074008    0.183809927
 -23774.500000000   -9.732422847    0.183326266
 -23773.000000000  -10.007066336    0.182869662
 -23771.500000000  -10.281045956    0.182441302
 -23770.000000000  -10.554404938    0.182042332
 -23768.500000000  -10.827188197    0.181673851
 -23767.000000000  -11.099442265    0.181336916
 -23765.500000000  -11.371215221    0.181032531
 -23764.000000000  -11.642556611    0.180761649
 -23762.500000000  -11.913517369    0.180525166
 -23761.000000000  -12.184149729    0.180323921
 -23759.500000000  -12.454507139    0.180158690
 -23758.000000000  -12.724644163    0.180030186
 -23756.500000000  -12.994616386    0.179939057
 -23755.000000000  -13.264480312    0.179885880
 -23753.500000000  -13.534293255    0.179871159
 -23752.000000000  -13.804113234    0.179895326
 -23750.500000000  -14.073998856    0.179958736
 -23749.000000000  -14.344009202    0.180061664
 -23747.500000000  -14.614203705    0.180204305
 -23746.000000000  -14.884642031    0.180386771
 -23744.500000000  -15.155383947    0.180609089
 -23743.000000000  -15.426489196    0.180871198
 -23741.500000000  -15.698017365    0.181172951
 -23740.000000000  -15.970027753    0.181514109
 -23738.500000000  -16.242579231    0.181894342
 -23737.000000000  -16.515730107    0.182313228
 -23735.500000000  -16.789537987    0.182770253
 -23734.000000000  -17.064059632    0.183264806
 -23732.500000000  -17.339350818    0.183796182
 -23731.000000000  -17.615466191    0.184363581
 -23729.500000000  -17.892459126    0.184966107
 -23728.000000000  -18.170381581    0.185602768
 -23726.500000000  -18.449283954    0.186272475
 -23725.000000000  -18.729214939    0.186974046
 -23723.500000000  -19.010221385    0.187706201
 -23722.000000000  -19.292348150    0.188467569
 -23720.500000000  -19.575637967    0.189256684
 -23719.000000000  -19.860131298    0.190071987
 -23717.500000000  -20.145866201    0.190911832
 -23716.000000000  -20.432878196    0.191774480
 -23714.500000000  -20.721200131    0.192658107
 -23713.000000000  -21.010862054    0.193560806
 -23711.500000000  -21.301891090    0.194480584
 -23710.000000000  -21.594311314    0.195415373
 -23708.500000000  -21.888143642    0.196363025
 -23707.000000000  -22.183405712    0.197321320
 -23705.500000000  -22.480111780    0.198287968
 -23704.000000000  -22.778272616    0.199260613
 -23702.500000000  -23.077895410    0.200236837
 -23701.000000000  -23.378983681    0.201214165
 -23699.500000000  -23.681537191    0.202190066
 -23698.000000000  -23.985551876    0.203161963
 -23696.500000000  -24.291019769    0.204127235
 -23695.000000000  -24.597928941    0.205083224
 -23693.500000000  -24.906263452    0.206027236
 -23692.000000000  -25.216003301    0.206956553
 -23690.500000000  -25.527124393    0.207868434
 -23689.000000000  -25.839598509    0.208760126
 -23687.500000000  -26.153393296    0.209628866
 -23686.000000000  -26.468472249    0.210471889
 -23684.500000000  -26.784794723    0.211286435
 -23683.000000000  -27.102315942    0.212069758
 -23681.500000000  -27.420987022    0.212819131
 -23680.000000000  -27.740755008    0.213531852
 -23678.500000000  -28.061562918    0.214205255
 -23677.000000000  -28.383349802    0.214836717
 -23675.500000000  -28.706050810    0.215423662
 -23674.000000000  -29.029597271    0.215963574
 -23672.500000000  -29.353916790    0.216454003
 -23671.000000000  -29.678933348    0.216892570
 -23669.500000000  -30.004567421    0.217276982
 -23668.000000000  -30.330736110    0.217605032
 -23666.500000000  -30.657353280    0.217874613
 -23665.000000000  -30.984329714    0.218083726
 -23663.500000000  -31.311573279    0.218230484
 -23662.000000000  -31.638989104    0.218313123
 -23660.500000000  -31.966479770    0.218330010
 -23659.000000000  -32.293945508    0.218279649
 -23657.500000000  -32.621284417    0.218160693
 -23656.000000000  -32.948392687    0.217971944
 -23654.500000000  -33.275164834    0.217712369
 -23653.000000000  -33.601493945    0.217381100
 -23651.500000000  -33.927271939    0.216977446
 -23650.000000000  -34.252389831    0.216500894
 -23648.500000000  -34.576738009    0.215951123
 -23647.000000000  -34.900206520    0.215328000
 -23645.500000000  -35.222685365    0.214631596
 -23644.000000000  -35.544064800    0.213862182
 -23642.500000000  -35.864235644    0.213020239
 -23641.000000000  -36.183089596    0.212106460
 -23639.500000000  -36.500519557    0.211121754
 -23638.000000000  -36.816419954    0.210067248
 -23636.500000000  -37.130687071    0.208944291
 -23635.000000000  -37.443219382    0.207754454
 -23633.500000000  -37.753917887    0.206499533
 -23632.000000000  -38.062686444    0.205181546
 -23630.500000000  -38.369432111    0.203802737
 -23629.000000000  -38.674065474    0.202365571
 -23627.500000000  -38.976500982    0.200872730
 -23626.000000000  -39.276657275    0.199327118
 -23624.500000000  -39.574457505    0.197731849
 -23623.000000000  -39.869829653    0.196090246
 -23621.500000000  -40.162706836    0.194405834
 -23620.000000000  -40.453027607    0.192682333
 -23618.500000000  -40.740736241    0.190923651
 -23617.000000000  -41.025783011    0.189133876
 -23615.500000000  -41.308124448    0.187317263
 -23614.000000000  -41.587723584    0.185478224
 -23612.500000000  -41.864550183    0.183621318
 -23611.000000000  -42.138580947    0.181751235
 -23609.500000000  -42.409799701    0.179872782
 -23608.000000000  -42.678197562    0.177990870
 -23606.500000000  -42.943773076    0.176110490
 -23605.000000000  -43.206532330    0.174236706
 -23603.500000000  -43.466489044    0.172374624
 -23602.000000000  -43.723664622    0.170529381
 -23600.500000000  -43.978088179    0.168706118
 -23599.000000000  -44.229796530    0.166909960
 -23597.500000000  -44.478834152    0.165145989
 -23596.000000000  -44.725253103    0.163419226
 -23594.500000000  -44.969112900    0.161734598
 -23593.000000000  -45.210480370    0.160096913
 -23591.500000000  -45.449429448    0.158510838
 -23590.000000000  -45.686040936    0.156980861
 -23588.500000000  -45.920402227    0.155511270
 -23587.000000000  -46.152606970    0.154106118
 -23585.500000000  -46.382754702    0.152769197
 -23584.000000000  -46.610950429    0.151504001
 -23582.500000000  -46.837304158    0.150313700
 -23581.000000000  -47.061930389    0.149201107
 -23579.500000000  -47.284947552    0.148168645
 -23578.000000000  -47.506477399    0.147218318
 -23576.500000000  -47.726644356    0.146351677
 -23575.000000000  -47.945574817    0.145569793
 -23573.500000000  -48.163396400    0.144873223
 -23572.000000000  -48.380237160    0.144261985
 -23570.500000000  -48.596224755    0.143735528
 -23569.000000000  -48.811485573    0.143292707
 -23567.500000000  -49.026143823    0.142931758
 -23566.000000000  -49.240320590    0.142650275
 -23564.500000000  -49.454132859    0.142445193
 -23563.000000000  -49.667692508    0.142312767
 -23561.500000000  -49.881105281    0.142248562
 -23560.000000000  -50.094469749    0.142247443
 -23558.500000000  -50.307876243    0.142303566
 -23557.000000000  -50.521405802    0.142410379
 -23555.500000000  -50.735129108    0.142560627
 -23554.000000000  -50.949105436    0.142746360
 -23552.500000000  -51.163381627    0.142958950
 -23551.000000000  -51.377991084    0.143189114
 -23549.500000000  -51.592952811    0.143426943
 -23548.000000000  -51.808270509    0.143661946
 -23546.500000000  -52.023931728    0.143883091
 -23545.000000000  -52.239907106    0.144078870
 -23543.500000000  -52.456149701    0.144237363
 -23542.000000000  -52.672594433    0.144346322
 -23540.500000000  -52.889157659    0.144393261
 -23539.000000000  -53.105736900    0.144365567
 -23537.500000000  -53.322210729    0.144250616
 -23536.000000000  -53.538438870    0.144035918
 -23534.500000000  -53.754262498    0.143709264
 -23533.000000000  -53.969504798    0.143258903
 -23531.500000000  -54.183971790    0.142673735
 -23530.000000000  -54.397453463    0.141943522
 -23528.500000000  -54.609725241    0.141059124
 -23527.000000000  -54.820549827    0.140012763
 -23525.500000000  -55.029679447    0.138798301
 -23524.000000000  -55.236858554    0.137411563
 -23522.500000000  -55.441827012    0.135850668
 -23521.000000000  -55.644323826    0.134116412
 -23519.500000000  -55.844091445    0.132212667
 -23518.000000000  -56.040880710    0.130146824
 -23516.500000000  -56.234456489    0.127930275
 -23515.000000000  -56.424604051    0.125578924
 -23513.500000000  -56.611136257    0.123113752
 -23512.000000000  -56.793901621    0.120561417
 -23510.500000000  -56.972793305    0.117954908
 -23509.000000000  -57.147759138    0.115334244
 -23507.500000000  -57.318812715    0.112747224
 -23506.000000000  -57.486045672    0.110250243
 -23504.500000000  -57.649641215    0.107909150
 -23503.000000000  -57.809888995    0.105800183
 -23501.500000000  -57.967201429    0.104010961
 -23500.000000000  -58.122131556    0.102641547
