#! FIELDS energy b1.bias der_energy
#! SET min_energy -25000
#! SET max_energy -23500
#! SET nbins_energy  1001
#! SET periodic_energy false
 -25000.000000000 -102.470579186   -0.225905431
 -24998.500000000 -102.136142910   -0.220236436
 -24997.000000000 -101.809234631   -0.215838520
 -24995.500000000 -101.488076566   -0.212542711
 -24994.000000000 -101.171132070   -0.210196259
 -24992.500000000 -100.857082204   -0.208661442
 -24991.000000000 -100.544804050   -0.207814441
 -24989.500000000 -100.233350656   -0.207544282
 -24988.000000000  -99.921932525   -0.207751841
 -24986.500000000  -99.609900544   -0.208348912
 -24985.000000000  -99.296730270   -0.209257329
 -24983.500000000  -98.982007496   -0.210408150
 -24982.000000000  -98.665414994   -0.211740883
 -24980.500000000  -98.346720387   -0.213202772
 -24979.000000000  -98.025765057   -0.214748119
 -24977.500000000  -97.702454031   -0.216337660
 -24976.000000000  -97.376746777   -0.217937978
 -24974.500000000  -97.048648848   -0.219520954
 -24973.000000000  -96.718204320   -0.221063263
 -24971.500000000  -96.385488962   -0.222545895
 -24970.000000000  -96.050604094   -0.223953723
 -24968.500000000  -95.713671076   -0.225275088
 -24967.000000000  -95.374826391   -0.226501424
 -24965.500000000  -95.034217269   -0.227626911
 -24964.000000000  -94.691997818   -0.228648149
 -24962.500000000  -94.348325617   -0.229563861
 -24961.000000000  -94.003358739   -0.230374620
 -24959.500000000  -93.657253171   -0.231082597
 -24958.000000000  -93.310160591   -0.231691328
 -24956.500000000  -92.962226480   -0.232205506
 -24955.000000000  -92.613588537   -0.232630785
 -24953.500000000  -92.264375366   -0.232973606
 -24952.000000000  -91.914705423   -0.233241037
 -24950.500000000  -91.564686182   -0.233440628
 -24949.000000000  -91.214413511   -0.233580282
 -24947.500000000  -90.863971237   -0.233668137
 -24946.000000000  -90.513430867   -0.233712459
 -24944.500000000  -90.162851473   -0.233721552
 -24943.000000000  -89.812279694   -0.233703673
 -24941.500000000  -89.461749867   -0.233666959
 -24940.000000000  -89.111284254   -0.233619363
 -24938.500000000  -88.760893358   -0.233568599
 -24937.000000000  -88.410576323   -0.233522094
 -24935.500000000  -88.060321392   -0.233486948
 -24934.000000000  -87.710106425   -0.233469899
 -24932.500000000  -87.359899466   -0.233477296
 -24931.000000000  -87.009659337   -0.233515078
 -24929.500000000  -86.659336277   -0.233588754
 -24928.000000000  -86.308872587   -0.233703392
 -24926.500000000  -85.958203303   -0.233863612
 -24925.000000000  -85.607256871   -0.234073579
 -24923.500000000  -85.255955829   -0.234337005
 -24922.000000000  -84.904217489   -0.234657149
 -24920.500000000  -84.551954609   -0.235036822
 -24919.000000000  -84.199076064   -0.235478396
 -24917.500000000  -83.845487494   -0.235983810
 -24916.000000000  -83.491091945   -0.236554587
 -24914.500000000  -83.135790487   -0.237191842
 -24913.000000000  -82.779482813   -0.237896298
 -24911.500000000  -82.422067811   -0.238668305
 -24910.000000000  -82.063444122   -0.239507851
 -24908.500000000  -81.703510659   -0.240414584
 -24907.000000000  -81.342167108   -0.241387830
 -24905.500000000  -80.979314397   -0.242426610
 -24904.000000000  -80.614855139   -0.243529659
 -24902.500000000  -80.248694046   -0.244695448
 -24901.000000000  -79.880738311   -0.245922200
 -24899.500000000  -79.510897961   -0.247207915
 -24898.000000000  -79.139086185   -0.248550383
 -24896.500000000  -78.765219631   -0.249947207
 -24895.000000000  -78.389218668   -0.251395820
 -24893.500000000  -78.011007630   -0.252893508
 -24892.000000000  -77.630515028   -0.254437423
 -24890.500000000  -77.247673728   -0.256024602
 -24889.000000000  -76.862421116   -0.257651988
 -24887.500000000  -76.474699228   -0.259316442
 -24886.000000000  -76.084454856   -0.261014762
 -24884.500000000  -75.691639633   -0.262743698
 -24883.000000000  -75.296210096   -0.264499965
 -24881.500000000  -74.898127723   -0.266280261
 -24880.000000000  -74.497358952   -0.268081278
 -24878.500000000  -74.093875181   -0.269899713
 -24877.000000000  -73.687652744   -0.271732287
 -24875.500000000  -73.278672879   -0.273575746
 -24874.000000000  -72.866921669   -0.275426882
 -24872.500000000  -72.452389974   -0.277282537
 -24871.000000000  -72.035073347   -0.279139614
 -24869.500000000  -71.614971936   -0.280995085
 -24868.000000000  -71.192090373   -0.282845998
 -24866.500000000  -70.766437654   -0.284689489
 -24865.000000000  -70.338027007   -0.286522781
 -24863.500000000  -69.906875750   -0.288343197
 -24862.000000000  -69.473005144   -0.290148160
 -24860.500000000  -69.036440234   -0.291935199
 -24859.000000000  -68.597209690   -0.293701956
 -24857.500000000  -68.155345632   -0.295446185
 -24856.000000000  -67.710883463   -0.297165759
 -24854.500000000  -67.263861691   -0.298858666
 -24853.000000000  -66.814321744   -0.300523020
 -24851.500000000  -66.362307794   -0.302157053
 -24850.000000000  -65.907866570   -0.303759121
 -24848.500000000  -65.451047175   -0.305327704
 -24847.000000000  -64.991900900   -0.306861406
 -24845.500000000  -64.530481039   -0.308358950
 -24844.000000000  -64.066842708   -0.309819183
 -24842.500000000  -63.601042662   -0.311241073
 -24841.000000000  -63.133139119   -0.312623705
 -24839.500000000  -62.663191576   -0.313966282
 -24838.000000000  -62.191260643   -0.315268120
 -24836.500000000  -61.717407872   -0.316528649
 -24835.000000000  -61.241695585   -0.317747406
 -24833.500000000  -60.764186720   -0.318924035
 -24832.000000000  -60.284944670   -0.320058285
 -24830.500000000  -59.804033132   -0.321150002
 -24829.000000000  -59.321515960   -0.322199129
 -24827.500000000  -58.837457024   -0.323205701
 -24826.000000000  -58.351920074   -0.324169842
 -24824.500000000  -57.864968611   -0.325091760
 -24823.000000000  -57.376665763   -0.325971743
 -24821.500000000  -56.887074167   -0.326810157
 -24820.000000000  -56.396255859   -0.327607439
 -24818.500000000  -55.904272167   -0.328364092
 -24817.000000000  -55.411183613   -0.329080686
 -24815.500000000  -54.917049824   -0.329757849
 -24814.000000000  -54.421929442   -0.330396262
 -24812.500000000  -53.925880048   -0.330996659
 -24811.000000000  -53.428958086   -0.331559819
 -24809.500000000  -52.931218799   -0.332086564
 -24808.000000000  -52.432716171   -0.332577754
 -24806.500000000  -51.933502868   -0.333034283
 -24805.000000000  -51.433630193   -0.333457073
 -24803.500000000  -50.933148045   -0.333847073
 -24802.000000000  -50.432104882   -0.334205255
 -24800.500000000  -49.930547693   -0.334532608
 -24799.000000000  -49.428521972   -0.334830134
 -24797.500000000  -48.926071698   -0.335098847
 -24796.000000000  -48.423239326   -0.335339769
 -24794.500000000  -47.920065775   -0.335553924
 -24793.000000000  -47.416590426   -0.335742337
 -24791.500000000  -46.912851124   -0.335906031
 -24790.000000000  -46.408884183   -0.336046023
 -24788.500000000  -45.904724400   -0.336163322
 -24787.000000000  -45.400405066   -0.336258924
 -24785.500000000  -44.895957987   -0.336333812
 -24784.000000000  -44.391413505   -0.336388952
 -24782.500000000  -43.886800529   -0.336425294
 -24781.000000000  -43.382146558   -0.336443763
 -24779.500000000  -42.877477722   -0.336445264
 -24778.000000000  -42.372818810   -0.336430675
 -24776.500000000  -41.868193314   -0.336400849
 -24775.000000000  -41.363623469   -0.336356609
 -24773.500000000  -40.859130296   -0.336298750
 -24772.000000000  -40.354733648   -0.336228034
 -24770.500000000  -39.850452258   -0.336145191
 -24769.000000000  -39.346303789   -0.336050919
 -24767.500000000  -38.842304884   -0.335945880
 -24766.000000000  -38.338471219   -0.335830701
 -24764.500000000  -37.834817555   -0.335705974
 -24763.000000000  -37.331357794   -0.335572253
 -24761.500000000  -36.828105034   -0.335430056
 -24760.000000000  -36.325071623   -0.335279864
 -24758.500000000  -35.822269216   -0.335122121
 -24757.000000000  -35.319708834   -0.334957231
 -24755.500000000  -34.817400913   -0.334785562
 -24754.000000000  -34.315355369   -0.334607447
 -24752.500000000  -33.813581648   -0.334423178
 -24751.000000000  -33.312088784   -0.334233012
 -24749.500000000  -32.810885452   -0.334037169
 -24748.000000000  -32.309980024   -0.333835834
 -24746.500000000  -31.809380622   -0.333629155
 -24745.000000000  -31.309095171   -0.333417249
 -24743.500000000  -30.809131449   -0.333200194
 -24742.000000000  -30.309497137   -0.332978039
 -24740.500000000  -29.810199872   -0.332750800
 -24739.000000000  -29.311247288   -0.332518459
 -24737.500000000  -28.812647068   -0.332280972
 -24736.000000000  -28.314406983   -0.332038262
 -24734.500000000  -27.816534942   -0.331790228
 -24733.000000000  -27.319039027   -0.331536738
 -24731.500000000  -26.821927532   -0.331277638
 -24730.000000000  -26.325209009   -0.331012746
 -24728.500000000  -25.828892291   -0.330741860
 -24727.000000000  -25.332986537   -0.330464755
 -24725.500000000  -24.837501258   -0.330181185
 -24724.000000000  -24.342446347   -0.329890885
 -24722.500000000  -23.847832109   -0.329593573
 -24721.000000000  -23.353669283   -0.329288950
 -24719.500000000  -22.859969070   -0.328976702
 -24718.000000000  -22.366743152   -0.328656502
 -24716.500000000  -21.874003710   -0.328328010
 -24715.000000000  -21.381763444   -0.327990875
 -24713.500000000  -20.890035587   -0.327644737
 -24712.000000000  -20.398833918   -0.327289229
 -24710.500000000  -19.908172773   -0.326923976
 -24709.000000000  -19.418067053   -0.326548598
 -24707.500000000  -18.928532234   -0.326162711
 -24706.000000000  -18.439584369   -0.325765929
 -24704.500000000  -17.951240089   -0.325357864
 -24703.000000000  -17.463516611   -0.324938129
 -24701.500000000  -16.976431730   -0.324506337
 -24700.000000000  -16.490003820   -0.324062105
 -24698.500000000  -16.004251826   -0.323605052
 -24697.000000000  -15.519195262   -0.323134802
 -24695.500000000  -15.034854201   -0.322650988
 -24694.000000000  -14.551249263   -0.322153245
 -24692.500000000  -14.068401606   -0.321641221
 -24691.000000000  -13.586332914   -0.321114570
 -24689.500000000  -13.105065377   -0.320572958
 -24688.000000000  -12.624621682   -0.320016061
 -24686.500000000  -12.145024993   -0.319443567
 -24685.000000000  -11.666298930   -0.318855178
 -24683.500000000  -11.188467551   -0.318250608
 -24682.000000000  -10.711555332   -0.317629587
 -24680.500000000  -10.235587144   -0.316991859
 -24679.000000000   -9.760588229   -0.316337184
 -24677.500000000   -9.286584177   -0.315665340
 -24676.000000000   -8.813600898   -0.314976119
 -24674.500000000   -8.341664602   -0.314269333
 -24673.000000000   -7.870801767   -0.313544811
 -24671.500000000   -7.401039113   -0.312802401
 -24670.000000000   -6.932403575   -0.312041969
 -24668.500000000   -6.464922274   -0.311263401
 -24667.000000000   -5.998622488   -0.310466602
 -24665.500000000   -5.533531623   -0.309651496
 -24664.000000000   -5.069677182   -0.308818029
 -24662.500000000   -4.607086736   -0.307966164
 -24661.000000000   -4.145787896   -0.307095888
 -24659.500000000   -3.685808277   -0.306207204
 -24658.000000000   -3.227175475   -0.305300139
 -24656.500000000   -2.769917030   -0.304374737
 -24655.000000000   -2.314060401   -0.303431064
 -24653.500000000   -1.859632930   -0.302469207
 -24652.000000000   -1.406661820   -0.301489270
 -24650.500000000   -0.955174098   -0.300491379
 -24649.000000000   -0.505196589   -0.299475678
 -24647.500000000   -0.056755888   -0.298442331
 -24646.000000000    0.390121671   -0.297391521
 -24644.500000000    0.835410043   -0.296323449
 -24643.000000000    1.279083498   -0.295238335
 -24641.500000000    1.721116647   -0.294136416
 -24640.000000000    2.161484472   -0.293017947
 -24638.500000000    2.600162348   -0.291883199
 -24637.000000000    3.037126073   -0.290732460
 -24635.500000000    3.472351886   -0.289566035
 -24634.000000000    3.905816493   -0.288384241
 -24632.500000000    4.337497092   -0.287187414
 -24631.000000000    4.767371392   -0.285975902
 -24629.500000000    5.195417636   -0.284750066
 -24628.000000000    5.621614617   -0.283510282
 -24626.500000000    6.045941701   -0.282256937
 -24625.000000000    6.468378846   -0.280990429
 -24623.500000000    6.888906612   -0.279711169
 -24622.000000000    7.307506187   -0.278419578
 -24620.500000000    7.724159394   -0.277116084
 -24619.000000000    8.138848708   -0.275801128
 -24617.500000000    8.551557269   -0.274475155
 -24616.000000000    8.962268894   -0.273138622
 -24614.500000000    9.370968086   -0.271791990
 -24613.000000000    9.777640046   -0.270435725
 -24611.500000000   10.182270681   -0.269070301
 -24610.000000000   10.584846610   -0.267696196
 -24608.500000000   10.985355170   -0.266313891
 -24607.000000000   11.383784425   -0.264923870
 -24605.500000000   11.780123165   -0.263526620
 -24604.000000000   12.174360914   -0.262122629
 -24602.500000000   12.566487928   -0.260712388
 -24601.000000000   12.956495197   -0.259296385
 -24599.500000000   13.344374448   -0.257875111
 -24598.000000000   13.730118137   -0.256449052
 -24596.500000000   14.113719455   -0.255018695
 -24595.000000000   14.495172316   -0.253584524
 -24593.500000000   14.874471360   -0.252147019
 -24592.000000000   15.251611944   -0.250706656
 -24590.500000000   15.626590137   -0.249263908
 -24589.000000000   15.999402710   -0.247819241
 -24587.500000000   16.370047132   -0.246373117
 -24586.000000000   16.738521559   -0.244925989
 -24584.500000000   17.104824823   -0.243478307
 -24583.000000000   17.468956422   -0.242030509
 -24581.500000000   17.830916508   -0.240583029
 -24580.000000000   18.190705878   -0.239136289
 -24578.500000000   18.548325954   -0.237690705
 -24577.000000000   18.903778775   -0.236246683
 -24575.500000000   19.257066980   -0.234804616
 -24574.000000000   19.608193792   -0.233364889
 -24572.500000000   19.957163005   -0.231927877
 -24571.000000000   20.303978963   -0.230493942
 -24569.500000000   20.648646546   -0.229063435
 -24568.000000000   20.991171152   -0.227636695
 -24566.500000000   21.331558679   -0.226214049
 -24565.000000000   21.669815503   -0.224795810
 -24563.500000000   22.005948464   -0.223382281
 -24562.000000000   22.339964844   -0.221973749
 -24560.500000000   22.671872346   -0.220570488
 -24559.000000000   23.001679076   -0.219172761
 -24557.500000000   23.329393520   -0.217780814
 -24556.000000000   23.655024526   -0.216394882
 -24554.500000000   23.978581283   -0.215015183
 -24553.000000000   24.300073296   -0.213641924
 -24551.500000000   24.619510370   -0.212275294
 -24550.000000000   24.936902583   -0.210915472
 -24548.500000000   25.252260271   -0.209562620
 -24547.000000000   25.565594001   -0.208216885
 -24545.500000000   25.876914552   -0.206878402
 -24544.000000000   26.186232892   -0.205547290
 -24542.500000000   26.493560159   -0.204223654
 -24541.000000000   26.798907638   -0.202907586
 -24539.500000000   27.102286739   -0.201599162
 -24538.000000000   27.403708978   -0.200298445
 -24536.500000000   27.703185954   -0.199005486
 -24535.000000000   28.000729331   -0.197720318
 -24533.500000000   28.296350814   -0.196442963
 -24532.000000000   28.590062132   -0.195173432
 -24530.500000000   28.881875018   -0.193911718
 -24529.000000000   29.171801187   -0.192657805
 -24527.500000000   29.459852319   -0.191411663
 -24526.000000000   29.746040039   -0.190173249
 -24524.500000000   30.030375902   -0.188942508
 -24523.000000000   30.312871368   -0.187719376
 -24521.500000000   30.593537794   -0.186503773
 -24520.000000000   30.872386408   -0.185295611
 -24518.500000000   31.149428298   -0.184094791
 -24517.000000000   31.424674396   -0.182901202
 -24515.500000000   31.698135460   -0.181714724
 -24514.000000000   31.969822060   -0.180535228
 -24512.500000000   32.239744564   -0.179362573
 -24511.000000000   32.507913126   -0.178196612
 -24509.500000000   32.774337669   -0.177037188
 -24508.000000000   33.039027876   -0.175884136
 -24506.500000000   33.301993178   -0.174737284
 -24505.000000000   33.563242739   -0.173596452
 -24503.500000000   33.822785450   -0.172461452
 -24502.000000000   34.080629916   -0.171332093
 -24500.500000000   34.336784449   -0.170208175
 -24499.000000000   34.591257058   -0.169089492
 -24497.500000000   34.844055440   -0.167975837
 -24496.000000000   35.095186974   -0.166866994
 -24494.500000000   35.344658718   -0.165762745
 -24493.000000000   35.592477394   -0.164662867
 -24491.500000000   35.838649392   -0.163567136
 -24490.000000000   36.083180761   -0.162475323
 -24488.500000000   36.326077205   -0.161387198
 -24487.000000000   36.567344082   -0.160302527
 -24485.500000000   36.806986398   -0.159221078
 -24484.000000000   37.045008809   -0.158142615
 -24482.500000000   37.281415618   -0.157066902
 -24481.000000000   37.516210773   -0.155993704
 -24479.500000000   37.749397871   -0.154922786
 -24478.000000000   37.980980153   -0.153853912
 -24476.500000000   38.210960513   -0.152786850
 -24475.000000000   38.439341491   -0.151721366
 -24473.500000000   38.666125285   -0.150657231
 -24472.000000000   38.891313746   -0.149594218
 -24470.500000000   39.114908388   -0.148532101
 -24469.000000000   39.336910386   -0.147470658
 -24467.500000000   39.557320589   -0.146409670
 -24466.000000000   39.776139517   -0.145348924
 -24464.500000000   39.993367375   -0.144288208
 -24463.000000000   40.209004053   -0.143227316
 -24461.500000000   40.423049135   -0.142166047
 -24460.000000000   40.635501908   -0.141104206
 -24458.500000000   40.846361371   -0.140041601
 -24457.000000000   41.055626237   -0.138978047
 -24455.500000000   41.263294948   -0.137913366
 -24454.000000000   41.469365685   -0.136847385
 -24452.500000000   41.673836369   -0.135779937
 -24451.000000000   41.876704683   -0.134710863
 -24449.500000000   42.077968070   -0.133640011
 -24448.000000000   42.277623755   -0.132567235
 -24446.500000000   42.475668746   -0.131492398
 -24445.000000000   42.672099852   -0.130415368
 -24443.500000000   42.866913692   -0.129336023
 -24442.000000000   43.060106705   -0.128254248
 -24440.500000000   43.251675166   -0.127169936
 -24439.000000000   43.441615194   -0.126082987
 -24437.500000000   43.629922765   -0.124993312
 -24436.000000000   43.816593726   -0.123900828
 -24434.500000000   44.001623808   -0.122805461
 -24433.000000000   44.185008635   -0.121707145
 -24431.500000000   44.366743740   -0.120605823
 -24430.000000000   44.546824575   -0.119501446
 -24428.500000000   44.725246529   -0.118393973
 -24427.000000000   44.902004932   -0.117283375
 -24425.500000000   45.077095077   -0.116169626
 -24424.000000000   45.250512227   -0.115052712
 -24422.500000000   45.422251629   -0.113932628
 -24421.000000000   45.592308527   -0.112809375
 -24419.500000000   45.760678174   -0.111682963
 -24418.000000000   45.927355845   -0.110553411
 -24416.500000000   46.092336850   -0.109420746
 -24415.000000000   46.255616543   -0.108285002
 -24413.500000000   46.417190339   -0.107146223
 -24412.000000000   46.577053719   -0.106004458
 -24410.500000000   46.735202248   -0.104859765
 -24409.000000000   46.891631584   -0.103712211
 -24407.500000000   47.046337486   -0.102561867
 -24406.000000000   47.199315831   -0.101408814
 -24404.500000000   47.350562618   -0.100253139
 -24403.000000000   47.500073984   -0.099094935
 -24401.500000000   47.647846209   -0.097934302
 -24400.000000000   47.793875730   -0.096771347
 -24398.500000000   47.938159146   -0.095606183
 -24397.000000000   48.080693231   -0.094438926
 -24395.500000000   48.221474941   -0.093269703
 -24394.000000000   48.360501421   -0.092098641
 -24392.500000000   48.497770013   -0.090925876
 -24391.000000000   48.633278266   -0.089751546
 -24389.500000000   48.767023942   -0.088575796
 -24388.000000000   48.899005020   -0.087398774
 -24386.500000000   49.029219704   -0.086220632
 -24385.000000000   49.157666432   -0.085041525
 -24383.500000000   49.284343876   -0.083861613
 -24382.000000000   49.409250950   -0.082681059
 -24380.500000000   49.532386814   -0.081500027
 -24379.000000000   49.653750877   -0.080318687
 -24377.500000000   49.773342804   -0.079137207
 -24376.000000000   49.891162514   -0.077955760
 -24374.500000000   50.007210186   -0.076774519
 -24373.000000000   50.121486262   -0.075593660
 -24371.500000000   50.233991446   -0.074413359
 -24370.000000000   50.344726707   -0.073233792
 -24368.500000000   50.453693280   -0.072055137
 -24367.000000000   50.560892664   -0.070877571
 -24365.500000000   50.666326627   -0.069701271
 -24364.000000000   50.769997199   -0.068526414
 -24362.500000000   50.871906678   -0.067353175
 -24361.000000000   50.972057621   -0.066181730
 -24359.500000000   51.070452850   -0.065012251
 -24358.000000000   51.167095443   -0.063844911
 -24356.500000000   51.261988737   -0.062679879
 -24355.000000000   51.355136318   -0.061517323
 -24353.500000000   51.446542026   -0.060357408
 -24352.000000000   51.536209943   -0.059200296
 -24350.500000000   51.624144395   -0.058046147
 -24349.000000000   51.710349943   -0.056895116
 -24347.500000000   51.794831379   -0.055747356
 -24346.000000000   51.877593722   -0.054603017
 -24344.500000000   51.958642211   -0.053462242
 -24343.000000000   52.037982300   -0.052325172
 -24341.500000000   52.115619647   -0.051191943
 -24340.000000000   52.191560114   -0.050062686
 -24338.500000000   52.265809755   -0.048937529
 -24337.000000000   52.338374812   -0.047816593
 -24335.500000000   52.409261702   -0.046699993
 -24334.000000000   52.478477014   -0.045587841
 -24332.500000000   52.546027501   -0.044480242
 -24331.000000000   52.611920066   -0.043377296
 -24329.500000000   52.676161761   -0.042279096
 -24328.000000000   52.738759771   -0.041185730
 -24326.500000000   52.799721409   -0.040097280
 -24325.000000000   52.859054107   -0.039013821
 -24323.500000000   52.916765402   -0.037935422
 -24322.000000000   52.972862933   -0.036862145
 -24320.500000000   53.027354426   -0.035794047
 -24319.000000000   53.080247688   -0.034731177
 -24317.500000000   53.131550594   -0.033673579
 -24316.000000000   53.181271078   -0.032621287
 -24314.500000000   53.229417125   -0.031574332
 -24313.000000000   53.275996755   -0.030532737
 -24311.500000000   53.321018023   -0.029496517
 -24310.000000000   53.364488998   -0.028465681
 -24308.500000000   53.406417759   -0.027440232
 -24307.000000000   53.446812385   -0.026420166
 -24305.500000000   53.485680942   -0.025405471
 -24304.000000000   53.523031475   -0.024396130
 -24302.500000000   53.558871998   -0.023392119
 -24301.000000000   53.593210483   -0.022393407
 -24299.500000000   53.626054851   -0.021399957
 -24298.000000000   53.657412962   -0.020411724
 -24296.500000000   53.687292606   -0.019428659
 -24295.000000000   53.715701495   -0.018450706
 -24293.500000000   53.742647250   -0.017477803
 -24292.000000000   53.768137395   -0.016509881
 -24290.500000000   53.792179348   -0.015546867
 -24289.000000000   53.814780410   -0.014588680
 -24287.500000000   53.835947760   -0.013635237
 -24286.000000000   53.855688446   -0.012686445
 -24284.500000000   53.874009373   -0.011742210
 -24283.000000000   53.890917302   -0.010802430
 -24281.500000000   53.906418839   -0.009867001
 -24280.000000000   53.920520425   -0.008935812
 -24278.500000000   53.933228337   -0.008008748
 -24277.000000000   53.944548672   -0.007085691
 -24275.500000000   53.954487350   -0.006166517
 -24274.000000000   53.963050103   -0.005251101
 -24272.500000000   53.970242467   -0.004339312
 -24271.000000000   53.976069784   -0.003431016
 -24269.500000000   53.980537193   -0.002526077
 -24268.000000000   53.983649623   -0.001624355
 -24266.500000000   53.985411795   -0.000725708
 -24265.000000000   53.985828214    0.000170007
 -24263.500000000   53.984903165    0.001062939
 -24262.000000000   53.982640715    0.001953235
 -24260.500000000   53.979044704    0.002841045
 -24259.000000000   53.974118748    0.003726520
 -24257.500000000   53.967866235    0.004609814
 -24256.000000000   53.960290322    0.005491078
 -24254.500000000   53.951393937    0.006370468
 -24253.000000000   53.941179779    0.007248136
 -24251.500000000   53.929650312    0.008124238
 -24250.000000000   53.916807771    0.008998926
 -24248.500000000   53.902654162    0.009872355
 -24247.000000000   53.887191260    0.010744676
 -24245.500000000   53.870420613    0.011616041
 -24244.000000000   53.852343541    0.012486600
 -24242.500000000   53.832961143    0.013356501
 -24241.000000000   53.812274293    0.014225892
 -24239.500000000   53.790283650    0.015094916
 -24238.000000000   53.766989656    0.015963717
 -24236.500000000   53.742392541    0.016832434
 -24235.000000000   53.716492327    0.017701204
 -24233.500000000   53.689288836    0.018570160
 -24232.000000000   53.660781689    0.019439434
 -24230.500000000   53.630970313    0.020309152
 -24229.000000000   53.599853950    0.021179437
 -24227.500000000   53.567431657    0.022050410
 -24226.000000000   53.533702318    0.022922185
 -24224.500000000   53.498664644    0.023794874
 -24223.000000000   53.462317186    0.024668582
 -24221.500000000   53.424658336    0.025543412
 -24220.000000000   53.385686340    0.026419460
 -24218.500000000   53.345399301    0.027296818
 -24217.000000000   53.303795188    0.028175572
 -24215.500000000   53.260871845    0.029055804
 -24214.000000000   53.216626999    0.029937589
 -24212.500000000   53.171058266    0.030820997
 -24211.000000000   53.124163164    0.031706092
 -24209.500000000   53.075939117    0.032592933
 -24208.000000000   53.026383466    0.033481572
 -24206.500000000   52.975493479    0.034372055
 -24205.000000000   52.923266360    0.035264421
 -24203.500000000   52.869699256    0.036158706
 -24202.000000000   52.814789268    0.037054937
 -24200.500000000   52.758533462    0.037953134
 -24199.000000000   52.700928875    0.038853313
 -24197.500000000   52.641972528    0.039755481
 -24196.000000000   52.581661435    0.040659642
 -24194.500000000   52.519992610    0.041565789
 -24193.000000000   52.456963078    0.042473914
 -24191.500000000   52.392569889    0.043383997
 -24190.000000000   52.326810120    0.044296015
 -24188.500000000   52.259680890    0.045209939
 -24187.000000000   52.191179367    0.046125732
 -24185.500000000   52.121302781    0.047043351
 -24184.000000000   52.050048426    0.047962747
 -24182.500000000   51.977413678    0.048883866
 -24181.000000000   51.903395998    0.049806646
 -24179.500000000   51.827992943    0.050731021
 -24178.000000000   51.751202173    0.051656919
 -24176.500000000   51.673021465    0.052584260
 -24175.000000000   51.593448713    0.053512962
 -24173.500000000   51.512481943    0.054442935
 -24172.000000000   51.430119320    0.055374085
 -24170.500000000   51.346359150    0.056306313
 -24169.000000000   51.261199895    0.057239514
 -24167.500000000   51.174640177    0.058173579
 -24166.000000000   51.086678782    0.059108396
 -24164.500000000   50.997314671    0.060043847
 -24163.000000000   50.906546985    0.060979810
 -24161.500000000   50.814375049    0.061916158
 -24160.000000000   50.720798380    0.062852765
 -24158.500000000   50.625816692    0.063789496
 -24157.000000000   50.529429899    0.064726216
 -24155.500000000   50.431638119    0.065662786
 -24154.000000000   50.332441684    0.066599066
 -24152.500000000   50.231841137    0.067534912
 -24151.000000000   50.129837237    0.068470178
 -24149.500000000   50.026430965    0.069404717
 -24148.000000000   49.921623524    0.070338380
 -24146.500000000   49.815416339    0.071271016
 -24145.000000000   49.707811065    0.072202474
 -24143.500000000   49.598809581    0.073132603
 -24142.000000000   49.488413997    0.074061250
 -24140.500000000   49.376626648    0.074988263
 -24139.000000000   49.263450102    0.075913489
 -24137.500000000   49.148887150    0.076836777
 -24136.000000000   49.032940814    0.077757977
 -24134.500000000   48.915614339    0.078676938
 -24133.000000000   48.796911194    0.079593512
 -24131.500000000   48.676835069    0.080507553
 -24130.000000000   48.555389874    0.081418916
 -24128.500000000   48.432579731    0.082327459
 -24127.000000000   48.308408976    0.083233043
 -24125.500000000   48.182882151    0.084135530
 -24124.000000000   48.056004001    0.085034788
 -24122.500000000   47.927779468    0.085930686
 -24121.000000000   47.798213686    0.086823099
 -24119.500000000   47.667311976    0.087711904
 -24118.000000000   47.535079838    0.088596984
 -24116.500000000   47.401522944    0.089478226
 -24115.000000000   47.266647134    0.090355521
 -24113.500000000   47.130458406    0.091228767
 -24112.000000000   46.992962907    0.092097866
 -24110.500000000   46.854166927    0.092962727
 -24109.000000000   46.714076890    0.093823262
 -24107.500000000   46.572699343    0.094679393
 -24106.000000000   46.430040949    0.095531046
 -24104.500000000   46.286108478    0.096378153
 -24103.000000000   46.140908792    0.097220655
 -24101.500000000   45.994448841    0.098058498
 -24100.000000000   45.846735649    0.098891637
 -24098.500000000   45.697776304    0.099720031
 -24097.000000000   45.547577945    0.100543649
 -24095.500000000   45.396147755    0.101362469
 -24094.000000000   45.243492946    0.102176473
 -24092.500000000   45.089620748    0.102985653
 -24091.000000000   44.934538398    0.103790009
 -24089.500000000   44.778253128    0.104589549
 -24088.000000000   44.620772151    0.105384288
 -24086.500000000   44.462102652    0.106174251
 -24085.000000000   44.302251771    0.106959469
 -24083.500000000   44.141226597    0.107739983
 -24082.000000000   43.979034149    0.108515842
 -24080.500000000   43.815681369    0.109287104
 -24079.000000000   43.651175104    0.110053832
 -24077.500000000   43.485522101    0.110816102
 -24076.000000000   43.318728985    0.111573996
 -24074.500000000   43.150802257    0.112327602
 -24073.000000000   42.981748274    0.113077020
 -24071.500000000   42.811573239    0.113822356
 -24070.000000000   42.640283190    0.114563724
 -24068.500000000   42.467883991    0.115301245
 -24067.000000000   42.294381312    0.116035051
 -24065.500000000   42.119780627    0.116765278
 -24064.000000000   41.944087197    0.117492070
 -24062.500000000   41.767306060    0.118215579
 -24061.000000000   41.589442022    0.118935964
 -24059.500000000   41.410499646    0.119653391
 -24058.000000000   41.230483241    0.120368032
 -24056.500000000   41.049396854    0.121080065
 -24055.000000000   40.867244260    0.121789673
 -24053.500000000   40.684028951    0.122497049
 -24052.000000000   40.499754132    0.123202386
 -24050.500000000   40.314422710    0.123905887
 -24049.000000000   40.128037287    0.124607756
 -24047.500000000   39.940600153    0.125308204
 -24046.000000000   39.752113280    0.126007444
 -24044.500000000   39.562578314    0.126705696
 -24043.000000000   39.371996574    0.127403181
 -24041.500000000   39.180369042    0.128100123
 -24040.000000000   38.987696362    0.128796750
 -24038.500000000   38.793978835    0.129493291
 -24037.000000000   38.599216416    0.130189978
 -24035.500000000   38.403408712    0.130887043
 -24034.000000000   38.206554980    0.131584720
 -24032.500000000   38.008654128    0.132283244
 -24031.000000000   37.809704708    0.132982848
 -24029.500000000   37.609704925    0.133683767
 -24028.000000000   37.408652633    0.134386234
 -24026.500000000   37.206545334    0.135090480
 -24025.000000000   37.003380190    0.135796734
 -24023.500000000   36.799154013    0.136505225
 -24022.000000000   36.593863283    0.137216178
 -24020.500000000   36.387504139    0.137929812
 -24019.000000000   36.180072397    0.138646346
 -24017.500000000   35.971563545    0.139365993
 -24016.000000000   35.761972758    0.140088960
 -24014.500000000   35.551294903    0.140815451
 -24013.000000000   35.339524545    0.141545662
 -24011.500000000   35.126655961    0.142279784
 -24010.000000000   34.912683145    0.143018000
 -24008.500000000   34.697599824    0.143760487
 -24007.000000000   34.481399465    0.144507412
 -24005.500000000   34.264075288    0.145258936
 -24004.000000000   34.045620283    0.146015208
 -24002.500000000   33.826027219    0.146776371
 -24001.000000000   33.605288659    0.147542556
 -23999.500000000   33.383396980    0.148313883
 -23998.000000000   33.160344382    0.149090464
 -23996.500000000   32.936122910    0.149872397
 -23995.000000000   32.710724470    0.150659770
 -23993.500000000   32.484140843    0.151452657
 -23992.000000000   32.256363711    0.152251120
 -23990.500000000   32.027384670    0.153055210
 -23989.000000000   31.797195251    0.153864961
 -23987.500000000   31.565786944    0.154680397
 -23986.000000000   31.333151215    0.155501524
 -23984.500000000   31.099279528    0.156328337
 -23983.000000000   30.864163370    0.157160814
 -23981.500000000   30.627794271    0.157998919
 -23980.000000000   30.390163826    0.158842598
 -23978.500000000   30.151263721    0.159691785
 -23977.000000000   29.911085758    0.160546396
 -23975.500000000   29.669621872    0.161406329
 -23974.000000000   29.426864166    0.162271470
 -23972.500000000   29.182804926    0.163141683
 -23971.000000000   28.937436654    0.164016821
 -23969.500000000   28.690752086    0.164896714
 -23968.000000000   28.442744224    0.165781180
 -23966.500000000   28.193406360    0.166670017
 -23965.000000000   27.942732097    0.167563006
 -23963.500000000   27.690715383    0.168459912
 -23962.000000000   27.437350528    0.169360482
 -23960.500000000   27.182632240    0.170264445
 -23959.000000000   26.926555641    0.171171513
 -23957.500000000   26.669116299    0.172081383
 -23956.000000000   26.410310251    0.172993732
 -23954.500000000   26.150134031    0.173908222
 -23953.000000000   25.888584692    0.174824497
 -23951.500000000   25.625659832    0.175742186
 -23950.000000000   25.361357621    0.176660900
 -23948.500000000   25.095676822    0.177580235
 -23947.000000000   24.828616816    0.178499770
 -23945.500000000   24.560177628    0.179419071
 -23944.000000000   24.290359945    0.180337687
 -23942.500000000   24.019165142    0.181255152
 -23941.000000000   23.746595304    0.182170987
 -23939.500000000   23.472653243    0.183084698
 -23938.000000000   23.197342525    0.183995779
 -23936.500000000   22.920667482    0.184903709
 -23935.000000000   22.642633239    0.185807957
 -23933.500000000   22.363245724    0.186707979
 -23932.000000000   22.082511693    0.187603219
 -23930.500000000   21.800438739    0.188493114
 -23929.000000000   21.517035313    0.189377086
 -23927.500000000   21.232310735    0.190254551
 -23926.000000000   20.946275208    0.191124918
 -23924.500000000   20.658939832    0.191987584
 -23923.000000000   20.370316610    0.192841942
 -23921.500000000   20.080418465    0.193687380
 -23920.000000000   19.789259242    0.194523276
 -23918.500000000   19.496853718    0.195349009
 -23917.000000000   19.203217609    0.196163952
 -23915.500000000   18.908367573    0.196967473
 -23914.000000000   18.612321214    0.197758943
 -23912.500000000   18.315097084    0.198537729
 -23911.000000000   18.016714684    0.199303200
 -23909.500000000   17.717194459    0.200054723
 -23908.000000000   17.416557802    0.200791671
 -23906.500000000   17.114827046    0.201513418
 -23905.000000000   16.812025458    0.202219344
 -23903.500000000   16.508177233    0.202908832
 -23902.000000000   16.203307487    0.203581272
 -23900.500000000   15.897442242    0.204236063
 -23899.000000000   15.590608419    0.204872611
 -23897.500000000   15.282833822    0.205490333
 -23896.000000000   14.974147121    0.206088654
 -23894.500000000   14.664577841    0.206667014
 -23893.000000000   14.354156336    0.207224864
 -23891.500000000   14.042913773    0.207761669
 -23890.000000000   13.730882110    0.208276912
 -23888.500000000   13.418094071    0.208770087
 -23887.000000000   13.104583124    0.209240711
 -23885.500000000   12.790383447    0.209688316
 -23884.000000000   12.475529908    0.210112455
 -23882.500000000   12.160058030    0.210512700
 -23881.000000000   11.844003958    0.210888647
 -23879.500000000   11.527404430    0.211239913
 -23878.000000000   11.210296739    0.211566141
 -23876.500000000   10.892718695    0.211866995
 -23875.000000000   10.574708593    0.212142170
 -23873.500000000   10.256305166    0.212391384
 -23872.000000000    9.937547549    0.212614384
 -23870.500000000    9.618475233    0.212810946
 -23869.000000000    9.299128027    0.212980876
 -23867.500000000    8.979546005    0.213124009
 -23866.000000000    8.659769465    0.213240213
 -23864.500000000    8.339838880    0.213329389
 -23863.000000000    8.019794848    0.213391467
 -23861.500000000    7.699678044    0.213426416
 -23860.000000000    7.379529165    0.213434236
 -23858.500000000    7.059388884    0.213414962
 -23857.000000000    6.739297790    0.213368667
 -23855.500000000    6.419296340    0.213295458
 -23854.000000000    6.099424800    0.213195481
 -23852.500000000    5.779723192    0.213068916
 -23851.000000000    5.460231236    0.212915984
 -23849.500000000    5.140988296    0.212736942
 -23848.000000000    4.822033318    0.212532086
 -23846.500000000    4.503404779    0.212301750
 -23845.000000000    4.185140622    0.212046307
 -23843.500000000    3.867278204    0.211766170
 -23842.000000000    3.549854233    0.211461790
 -23840.500000000    3.232904713    0.211133655
 -23839.000000000    2.916464882    0.210782295
 -23837.500000000    2.600569159    0.210408276
 -23836.000000000    2.285251080    0.210012205
 -23834.500000000    1.970543247    0.209594726
 -23833.000000000    1.656477266    0.209156519
 -23831.500000000    1.343083693    0.208698305
 -23830.000000000    1.030391977    0.208220839
 -23828.500000000    0.718430405    0.207724914
 -23827.000000000    0.407226051    0.207211357
 -23825.500000000    0.096804718    0.206681032
 -23824.000000000   -0.212809110    0.206134836
 -23822.500000000   -0.521592320    0.205573700
 -23821.000000000   -0.829523219    0.204998585
 -23819.500000000   -1.136581583    0.204410487
 -23818.000000000   -1.442748699    0.203810429
 -23816.500000000   -1.748007415    0.203199465
 -23815.000000000   -2.052342180    0.202578676
 -23813.500000000   -2.355739084    0.201949169
 -23812.000000000   -2.658185895    0.201312078
 -23810.500000000   -2.959672102    0.200668557
 -23809.000000000   -3.260188940    0.200019785
 -23807.500000000   -3.559729431    0.199366961
 -23806.000000000   -3.858288405    0.198711301
 -23804.500000000   -4.155862531    0.198054038
 -23803.000000000   -4.452450342    0.197396422
 -23801.500000000   -4.748052253    0.196739715
 -23800.000000000   -5.042670578    0.196085189
 -23798.500000000   -5.336309550    0.195434126
 -23797.000000000   -5.628975331    0.194787815
 -23795.500000000   -5.920676017    0.194147549
 -23794.000000000   -6.211421649    0.193514625
 -23792.500000000   -6.501224212    0.192890340
 -23791.000000000   -6.790097634    0.192275987
 -23789.500000000   -7.078057783    0.191672856
 -23788.000000000   -7.365122455    0.191082230
 -23786.500000000   -7.651311364    0.190505384
 -23785.000000000   -7.936646127    0.189943578
 -23783.500000000   -8.221150243    0.189398061
 -23782.000000000   -8.504849068    0.188870062
 -23780.500000000   -8.787769792    0.188360792
 -23779.000000000   -9.069941404    0.187871441
 -23777.500000000   -9.351394656    0.187403171
 -23776.000000000   -9.632162028    0.186957121
 -23774.500000000   -9.912277681    0.186534394
 -23773.000000000  -10.191777410    0.186136066
 -23771.500000000  -10.470698597    0.185763174
 -23770.000000000  -10.749080150    0.185416717
 -23768.500000000  -11.026962448    0.185097656
 -23767.000000000  -11.304387274    0.184806905
 -23765.500000000  -11.581397753    0.184545334
 -23764.000000000  -11.858038277    0.184313764
 -23762.500000000  -12.134354431    0.184112965
 -23761.000000000  -12.410392915    0.183943652
 -23759.500000000  -12.686201463    0.183806487
 -23758.000000000  -12.961828752    0.183702071
 -23756.500000000  -13.237324321    0.183630943
 -23755.000000000  -13.512738467    0.183593583
 -23753.500000000  -13.788122159    0.183590401
 -23752.000000000  -14.063526932    0.183621742
 -23750.500000000  -14.339004785    0.183687881
 -23749.000000000  -14.614608078    0.183789023
 -23747.500000000  -14.890389420    0.183925295
 -23746.000000000  -15.166401559    0.184096755
 -23744.500000000  -15.442697269    0.184303380
 -23743.000000000  -15.719329232    0.184545069
 -23741.500000000  -15.996349919    0.184821643
 -23740.000000000  -16.273811473    0.185132840
 -23738.500000000  -16.551765582    0.185478318
 -23737.000000000  -16.830263357    0.185857651
 -23735.500000000  -17.109355208    0.186270328
 -23734.000000000  -17.389090717    0.186715754
 -23732.500000000  -17.669518507    0.187193250
 -23731.000000000  -17.950686119    0.187702049
 -23729.500000000  -18.232639881    0.188241300
 -23728.000000000  -18.515424779    0.188810067
 -23726.500000000  -18.799084329    0.189407326
 -23725.000000000  -19.083660450    0.190031970
 -23723.500000000  -19.369193335    0.190682806
 -23722.000000000  -19.655721326    0.191358558
 -23720.500000000  -19.943280787    0.192057866
 -23719.000000000  -20.231905985    0.192779292
 -23717.500000000  -20.521628961    0.193521312
 -23716.000000000  -20.812479418    0.194282327
 -23714.500000000  -21.104484602    0.195060661
 -23713.000000000  -21.397669187    0.195854563
 -23711.500000000  -21.692055165    0.196662209
 -23710.000000000  -21.987661739    0.197481705
 -23708.500000000  -22.284505224    0.198311090
 -23707.000000000  -22.582598942    0.199148339
 -23705.500000000  -22.881953131    0.199991367
 -23704.000000000  -23.182574860    0.200838029
 -23702.500000000  -23.484467936    0.201686127
 -23701.000000000  -23.787632837    0.202533415
 -23699.500000000  -24.092066631    0.203377599
 -23698.000000000  -24.397762915    0.204216343
 -23696.500000000  -24.704711756    0.205047277
 -23695.000000000  -25.012899637    0.205867994
 -23693.500000000  -25.322309416    0.206676066
 -23692.000000000  -25.632920285    0.207469037
 -23690.500000000  -25.944707743    0.208244439
 -23689.000000000  -26.257643578    0.208999792
 -23687.500000000  -26.571695850    0.209732608
 -23686.000000000  -26.886828892    0.210440405
 -23684.500000000  -27.203003315    0.211120704
 -23683.000000000  -27.520176023    0.211771041
 -23681.500000000  -27.838300237    0.212388974
 -23680.000000000  -28.157325532    0.212972083
 -23678.500000000  -28.477197881    0.213517985
 -23677.000000000  -28.797859712    0.214024337
 -23675.500000000  -29.119249969    0.214488843
 -23674.000000000  -29.441304195    0.214909259
 -23672.500000000  -29.763954611    0.215283406
 -23671.000000000  -30.087130221    0.215609172
 -23669.500000000  -30.410756918    0.215884522
 -23668.000000000  -30.734757601    0.216107502
 -23666.500000000  -31.059052307    0.216276252
 -23665.000000000  -31.383558356    0.216389006
 -23663.500000000  -31.708190497    0.216444107
 -23662.000000000  -32.032861076    0.216440008
 -23660.500000000  -32.357480204    0.216375280
 -23659.000000000  -32.681955950    0.216248624
 -23657.500000000  -33.006194526    0.216058871
 -23656.000000000  -33.330100499    0.215804993
 -23654.500000000  -33.653577000    0.215486108
 -23653.000000000  -33.976525953    0.215101487
 -23651.500000000  -34.298848306    0.214650559
 -23650.000000000  -34.620444270    0.214132917
 -23648.500000000  -34.941213578    0.213548325
 -23647.000000000  -35.261055736    0.212896721
 -23645.500000000  -35.579870290    0.212178222
 -23644.000000000  -35.897557104    0.211393132
 -23642.500000000  -36.214016633    0.210541940
 -23641.000000000  -36.529150211    0.209625327
 -23639.500000000  -36.842860339    0.208644170
 -23638.000000000  -37.155050982    0.207599541
 -23636.500000000  -37.465627860    0.206492713
 -23635.000000000  -37.774498754    0.205325157
 -23633.500000000  -38.081573801    0.204098547
 -23632.000000000  -38.386765801    0.202814756
 -23630.500000000  -38.689990514    0.201475860
 -23629.000000000  -38.991166960    0.200084130
 -23627.500000000  -39.290217720    0.198642038
 -23626.000000000  -39.587069222    0.197152248
 -23624.500000000  -39.881652039    0.195617614
 -23623.000000000  -40.173901161    0.194041177
 -23621.500000000  -40.463756276    0.192426157
 -23620.000000000  -40.751162034    0.190775948
 -23618.500000000  -41.036068304    0.189094112
 -23617.000000000  -41.318430414    0.187384369
 -23615.500000000  -41.598209389    0.185650588
 -23614.000000000  -41.875372161    0.183896777
 -23612.500000000  -42.149891771    0.182127072
 -23611.000000000  -42.421747556    0.180345728
 -23609.500000000  -42.690925309    0.178557097
 -23608.000000000  -42.957417426    0.176765625
 -23606.500000000  -43.221223022    0.174975828
 -23605.000000000  -43.482348034    0.173192281
 -23603.500000000  -43.740805294    0.171419595
 -23602.000000000  -43.996614570    0.169662408
 -23600.500000000  -44.249802585    0.167925354
 -23599.000000000  -44.500403008    0.166213052
 -23597.500000000  -44.748456407    0.164530081
 -23596.000000000  -44.994010175    0.162880956
 -23594.500000000  -45.237118415    0.161270108
 -23593.000000000  -45.477841800    0.159701859
 -23591.500000000  -45.716247388    0.158180397
 -23590.000000000  -45.952408401    0.156709749
 -23588.500000000  -46.186403968    0.155293759
 -23587.000000000  -46.418318826    0.153936056
 -23585.500000000  -46.648242980    0.152640031
 -23584.000000000  -46.876271324    0.151408806
 -23582.500000000  -47.102503217    0.150245210
 -23581.000000000  -47.327042025    0.149151747
 -23579.500000000  -47.549994607    0.148130571
 -23578.000000000  -47.771470776    0.147183457
 -23576.500000000  -47.991582701    0.146311774
 -23575.000000000  -48.210444287    0.145516455
 -23573.500000000  -48.428170495    0.144797977
 -23572.000000000  -48.644876641    0.144156328
 -23570.500000000  -48.860677645    0.143590990
 -23569.000000000  -49.075687251    0.143100911
 -23567.500000000  -49.290017214    0.142684485
 -23566.000000000  -49.503776453    0.142339534
 -23564.500000000  -49.717070181    0.142063292
 -23563.000000000  -49.929999009    0.141852388
 -23561.500000000  -50.142658032    0.141702837
 -23560.000000000  -50.355135901    0.141610029
 -23558.500000000  -50.567513885    0.141568731
 -23557.000000000  -50.779864930    0.141573082
 -23555.500000000  -50.992252723    0.141616597
 -23554.000000000  -51.204730768    0.141692185
 -23552.500000000  -51.417341479    0.141792155
 -23551.000000000  -51.630115304    0.141908247
 -23549.500000000  -51.843069885    0.142031653
 -23548.000000000  -52.056209273    0.142153063
 -23546.500000000  -52.269523197    0.142262704
 -23545.000000000  -52.482986415    0.142350395
 -23543.500000000  -52.696558149    0.142405613
 -23542.000000000  -52.910181626    0.142417568
 -23540.500000000  -53.123783735    0.142375286
 -23539.000000000  -53.337274836    0.142267711
 -23537.500000000  -53.550548705    0.142083816
 -23536.000000000  -53.763482681    0.141812728
 -23534.500000000  -53.975937997    0.141443872
 -23533.000000000  -54.187760344    0.140967129
 -23531.500000000  -54.398780682    0.140373010
 -23530.000000000  -54.608816337    0.139652853
 -23528.500000000  -54.817672393    0.138799041
 -23527.000000000  -55.025143435    0.137805233
 -23525.500000000  -55.231015663    0.136666631
 -23524.000000000  -55.435069410    0.135380263
 -23522.500000000  -55.637082112    0.133945294
 -23521.000000000  -55.836831764    0.132363364
 -23519.500000000  -56.034100913    0.130638962
 -23518.000000000  -56.228681221    0.128779824
 -23516.500000000  -56.420378659    0.126797369
 -23515.000000000  -56.609019379    0.124707169
 -23513.500000000  -56.794456322    0.122529455
 -23512.000000000  -56.976576614    0.120289672
 -23510.500000000  -57.155309817    0.118019061
 -23509.000000000  -57.330637105    0.115755303
 -23507.500000000  -57.502601419    0.113543194
 -23506.000000000  -57.671318692    0.111435384
 -23504.500000000  -57.836990208    0.109493163
 -23503.000000000  -57.999916186    0.107787297
 -23501.500000000  -58.160510662    0.106398935
 -23500.000000000  -58.319317781    0.105420568
