#! FIELDS energy ff dff_energy
#! SET normalisation     1.0000000000
#! SET min_energy -25000
#! SET max_energy -23500
#! SET nbins_energy  1000
#! SET periodic_energy false
 -25000.0000000000             inf    0.0000000000
 -24998.5000000000             inf    0.0000000000
 -24997.0000000000             inf    0.0000000000
 -24995.5000000000             inf    0.0000000000
 -24994.0000000000             inf    0.0000000000
 -24992.5000000000             inf    0.0000000000
 -24991.0000000000             inf    0.0000000000
 -24989.5000000000             inf    0.0000000000
 -24988.0000000000             inf    0.0000000000
 -24986.5000000000             inf    0.0000000000
 -24985.0000000000             inf    0.0000000000
 -24983.5000000000             inf    0.0000000000
 -24982.0000000000             inf    0.0000000000
 -24980.5000000000             inf    0.0000000000
 -24979.0000000000             inf    0.0000000000
 -24977.5000000000             inf    0.0000000000
 -24976.0000000000             inf    0.0000000000
 -24974.5000000000             inf    0.0000000000
 -24973.0000000000             inf    0.0000000000
 -24971.5000000000             inf    0.0000000000
 -24970.0000000000             inf    0.0000000000
 -24968.5000000000             inf    0.0000000000
 -24967.0000000000             inf    0.0000000000
 -24965.5000000000             inf    0.0000000000
 -24964.0000000000             inf    0.0000000000
 -24962.5000000000             inf    0.0000000000
 -24961.0000000000             inf    0.0000000000
 -24959.5000000000             inf    0.0000000000
 -24958.0000000000             inf    0.0000000000
 -24956.5000000000             inf    0.0000000000
 -24955.0000000000             inf    0.0000000000
 -24953.5000000000             inf    0.0000000000
 -24952.0000000000             inf    0.0000000000
 -24950.5000000000             inf    0.0000000000
 -24949.0000000000             inf    0.0000000000
 -24947.5000000000             inf    0.0000000000
 -24946.0000000000             inf    0.0000000000
 -24944.5000000000             inf    0.0000000000
 -24943.0000000000             inf    0.0000000000
 -24941.5000000000             inf    0.0000000000
 -24940.0000000000             inf    0.0000000000
 -24938.5000000000             inf    0.0000000000
 -24937.0000000000             inf    0.0000000000
 -24935.5000000000             inf    0.0000000000
 -24934.0000000000             inf    0.0000000000
 -24932.5000000000             inf    0.0000000000
 -24931.0000000000             inf    0.0000000000
 -24929.5000000000             inf    0.0000000000
 -24928.0000000000             inf    0.0000000000
 -24926.5000000000             inf    0.0000000000
 -24925.0000000000             inf    0.0000000000
 -24923.5000000000             inf    0.0000000000
 -24922.0000000000             inf    0.0000000000
 -24920.5000000000             inf    0.0000000000
 -24919.0000000000             inf    0.0000000000
 -24917.5000000000             inf    0.0000000000
 -24916.0000000000             inf    0.0000000000
 -24914.5000000000             inf    0.0000000000
 -24913.0000000000             inf    0.0000000000
 -24911.5000000000             inf    0.0000000000
 -24910.0000000000             inf    0.0000000000
 -24908.5000000000             inf    0.0000000000
 -24907.0000000000             inf    0.0000000000
 -24905.5000000000             inf    0.0000000000
 -24904.0000000000             inf    0.0000000000
 -24902.5000000000             inf    0.0000000000
 -24901.0000000000             inf    0.0000000000
 -24899.5000000000             inf    0.0000000000
 -24898.0000000000             inf    0.0000000000
 -24896.5000000000             inf    0.0000000000
 -24895.0000000000             inf    0.0000000000
 -24893.5000000000             inf    0.0000000000
 -24892.0000000000             inf    0.0000000000
 -24890.5000000000             inf    0.0000000000
 -24889.0000000000             inf    0.0000000000
 -24887.5000000000             inf    0.0000000000
 -24886.0000000000             inf    0.0000000000
 -24884.5000000000             inf    0.0000000000
 -24883.0000000000             inf    0.0000000000
 -24881.5000000000             inf    0.0000000000
 -24880.0000000000             inf    0.0000000000
 -24878.5000000000             inf    0.0000000000
 -24877.0000000000             inf    0.0000000000
 -24875.5000000000             inf    0.0000000000
 -24874.0000000000             inf    0.0000000000
 -24872.5000000000             inf    0.0000000000
 -24871.0000000000             inf    0.0000000000
 -24869.5000000000             inf    0.0000000000
 -24868.0000000000             inf    0.0000000000
 -24866.5000000000             inf    0.0000000000
 -24865.0000000000             inf    0.0000000000
 -24863.5000000000             inf    0.0000000000
 -24862.0000000000             inf    0.0000000000
 -24860.5000000000             inf    0.0000000000
 -24859.0000000000             inf    0.0000000000
 -24857.5000000000             inf    0.0000000000
 -24856.0000000000             inf    0.0000000000
 -24854.5000000000             inf    0.0000000000
 -24853.0000000000             inf    0.0000000000
 -24851.5000000000             inf    0.0000000000
 -24850.0000000000             inf    0.0000000000
 -24848.5000000000             inf    0.0000000000
 -24847.0000000000             inf    0.0000000000
 -24845.5000000000             inf    0.0000000000
 -24844.0000000000             inf    0.0000000000
 -24842.5000000000             inf    0.0000000000
 -24841.0000000000             inf    0.0000000000
 -24839.5000000000             inf    0.0000000000
 -24838.0000000000             inf    0.0000000000
 -24836.5000000000             inf    0.0000000000
 -24835.0000000000             inf    0.0000000000
 -24833.5000000000             inf    0.0000000000
 -24832.0000000000             inf    0.0000000000
 -24830.5000000000             inf    0.0000000000
 -24829.0000000000             inf    0.0000000000
 -24827.5000000000             inf    0.0000000000
 -24826.0000000000             inf    0.0000000000
 -24824.5000000000             inf    0.0000000000
 -24823.0000000000             inf    0.0000000000
 -24821.5000000000             inf    0.0000000000
 -24820.0000000000             inf    0.0000000000
 -24818.5000000000             inf    0.0000000000
 -24817.0000000000             inf    0.0000000000
 -24815.5000000000             inf    0.0000000000
 -24814.0000000000             inf    0.0000000000
 -24812.5000000000             inf    0.0000000000
 -24811.0000000000             inf    0.0000000000
 -24809.5000000000             inf    0.0000000000
 -24808.0000000000   67.7051171895   -0.2668187787
 -24806.5000000000   67.3065727001   -0.2645738739
 -24805.0000000000   64.6715121852   -0.2642256888
 -24803.5000000000   64.2768560108   -0.2619825438
 -24802.0000000000   63.8855645537   -0.2597393990
 -24800.5000000000   62.4270155660   -0.2597127906
 -24799.0000000000   62.0391246059   -0.2574751574
 -24797.5000000000   61.6545900902   -0.2552375315
 -24796.0000000000   61.2734120078   -0.2529999129
 -24794.5000000000   60.8955903479   -0.2507623016
 -24793.0000000000   60.5211250995   -0.2485246975
 -24791.5000000000   60.1500162517   -0.2462871007
 -24790.0000000000   59.7822637938   -0.2440495111
 -24788.5000000000   59.4178677149   -0.2418119287
 -24787.0000000000   58.7048386778   -0.2420295804
 -24785.5000000000   58.3434545533   -0.2398159535
 -24784.0000000000   57.9853907132   -0.2376025348
 -24782.5000000000   57.6306468442   -0.2353893255
 -24781.0000000000   57.2792226316   -0.2331763266
 -24779.5000000000   56.7228326778   -0.2328831632
 -24778.0000000000   56.3751492835   -0.2306947724
 -24776.5000000000   56.0307481307   -0.2285068416
 -24775.0000000000   55.5412766021   -0.2278908007
 -24773.5000000000   55.2010639754   -0.2257261530
 -24772.0000000000   54.6291857744   -0.2261914906
 -24770.5000000000   54.1878244963   -0.2252271656
 -24769.0000000000   53.7538382292   -0.2242073222
 -24767.5000000000   53.4190967784   -0.2221148249
 -24766.0000000000   53.0063688694   -0.2209882443
 -24764.5000000000   52.5355785320   -0.2206331078
 -24763.0000000000   52.2061666172   -0.2185830276
 -24761.5000000000   51.8798287059   -0.2165344341
 -24760.0000000000   51.5565625786   -0.2144873131
 -24758.5000000000   51.2363660379   -0.2124416494
 -24757.0000000000   50.8737415267   -0.2110582539
 -24755.5000000000   50.4791957334   -0.2102206302
 -24754.0000000000   50.1653703529   -0.2082135059
 -24752.5000000000   49.7895660284   -0.2072394521
 -24751.0000000000   49.4502366855   -0.2057391310
 -24749.5000000000   49.1169270861   -0.2042066730
 -24748.0000000000   48.8120877591   -0.2022461193
 -24746.5000000000   48.4880332741   -0.2006799724
 -24745.0000000000   48.1884742817   -0.1987323841
 -24743.5000000000   47.8716897435   -0.1971546759
 -24742.0000000000   47.5587422375   -0.1955676847
 -24740.5000000000   47.2668342458   -0.1936433619
 -24739.0000000000   46.9623590705   -0.1920263282
 -24737.5000000000   46.6757538543   -0.1901143604
 -24736.0000000000   46.3788468118   -0.1884773663
 -24734.5000000000   46.0503247179   -0.1875778400
 -24733.0000000000   45.7487834378   -0.1861722748
 -24731.5000000000   45.4603119187   -0.1845470025
 -24730.0000000000   45.1296455053   -0.1839289250
 -24728.5000000000   44.8466101442   -0.1823136760
 -24727.0000000000   44.5507424387   -0.1810589933
 -24725.5000000000   44.2656347806   -0.1796251135
 -24724.0000000000   43.9975198962   -0.1778621229
 -24722.5000000000   43.7190282920   -0.1764144894
 -24721.0000000000   43.4383479036   -0.1750951545
 -24719.5000000000   43.1715454568   -0.1735034474
 -24718.0000000000   42.9022569588   -0.1720447172
 -24716.5000000000   42.6406922287   -0.1704617749
 -24715.0000000000   42.3677632901   -0.1692415998
 -24713.5000000000   42.0945171411   -0.1681080386
 -24712.0000000000   41.8359488303   -0.1666594273
 -24710.5000000000   41.5762557640   -0.1653135694
 -24709.0000000000   41.3261600991   -0.1637808492
 -24707.5000000000   41.0724469736   -0.1624230934
 -24706.0000000000   40.8121097765   -0.1613233530
 -24704.5000000000   40.5631818711   -0.1599779089
 -24703.0000000000   40.3193720908   -0.1585606801
 -24701.5000000000   40.0753242608   -0.1572239370
 -24700.0000000000   39.8270078103   -0.1560885368
 -24698.5000000000   39.5875643943   -0.1547651200
 -24697.0000000000   39.3484941775   -0.1535060060
 -24695.5000000000   39.1042823094   -0.1524783981
 -24694.0000000000   38.8645312523   -0.1513910207
 -24692.5000000000   38.6352629388   -0.1500539609
 -24691.0000000000   38.4005282212   -0.1489634620
 -24689.5000000000   38.1723777255   -0.1477399198
 -24688.0000000000   37.9435922810   -0.1466112965
 -24686.5000000000   37.7196128948   -0.1454031128
 -24685.0000000000   37.4927093318   -0.1443637580
 -24683.5000000000   37.2749709180   -0.1430991524
 -24682.0000000000   37.0548048386   -0.1419885771
 -24680.5000000000   36.8408293027   -0.1407456117
 -24679.0000000000   36.6288049006   -0.1395106128
 -24677.5000000000   36.4178639128   -0.1383128133
 -24676.0000000000   36.2078798986   -0.1371552434
 -24674.5000000000   35.9990906253   -0.1360303423
 -24673.0000000000   35.7905101003   -0.1349707022
 -24671.5000000000   35.5854216882   -0.1338617377
 -24670.0000000000   35.3821234738   -0.1327615427
 -24668.5000000000   35.1819730879   -0.1316209990
 -24667.0000000000   34.9836081336   -0.1304880481
 -24665.5000000000   34.7835030001   -0.1294906871
 -24664.0000000000   34.5873636051   -0.1284190212
 -24662.5000000000   34.3940374707   -0.1273145720
 -24661.0000000000   34.1994680917   -0.1263279321
 -24659.5000000000   34.0094293234   -0.1252413748
 -24658.0000000000   33.8210864677   -0.1241610405
 -24656.5000000000   33.6330786650   -0.1231378564
 -24655.0000000000   33.4471384155   -0.1221050052
 -24653.5000000000   33.2616448496   -0.1211242589
 -24652.0000000000   33.0792892532   -0.1200904429
 -24650.5000000000   32.8982317778   -0.1190747591
 -24649.0000000000   32.7183700555   -0.1180800146
 -24647.5000000000   32.5391646680   -0.1171276098
 -24646.0000000000   32.3630515027   -0.1161191692
 -24644.5000000000   32.1867387796   -0.1151864029
 -24643.0000000000   32.0119559599   -0.1142587581
 -24641.5000000000   31.8400186484   -0.1132817945
 -24640.0000000000   31.6698582175   -0.1122985298
 -24638.5000000000   31.5012010185   -0.1113195256
 -24637.0000000000   31.3326734583   -0.1104014925
 -24635.5000000000   31.1669236147   -0.1094329026
 -24634.0000000000   31.0022423832   -0.1084851409
 -24632.5000000000   30.8398442014   -0.1075061899
 -24631.0000000000   30.6773788736   -0.1065956700
 -24629.5000000000   30.5169236590   -0.1056641743
 -24628.0000000000   30.3584358408   -0.1047128223
 -24626.5000000000   30.2008879403   -0.1037857381
 -24625.0000000000   30.0442937618   -0.1028819857
 -24623.5000000000   29.8893846807   -0.1019687474
 -24622.0000000000   29.7362580754   -0.1010418834
 -24620.5000000000   29.5848260381   -0.1001044064
 -24619.0000000000   29.4338260051   -0.0992122611
 -24617.5000000000   29.2851828367   -0.0982790881
 -24616.0000000000   29.1374399662   -0.0973700110
 -24614.5000000000   28.9913447807   -0.0964509086
 -24613.0000000000   28.8466781278   -0.0955316043
 -24611.5000000000   28.7029467377   -0.0946342779
 -24610.0000000000   28.5612598251   -0.0937076556
 -24608.5000000000   28.4204458808   -0.0928057515
 -24607.0000000000   28.2814247781   -0.0918855794
 -24605.5000000000   28.1439146483   -0.0909602202
 -24604.0000000000   28.0074255159   -0.0900525115
 -24602.5000000000   27.8716786534   -0.0891755390
 -24601.0000000000   27.7381637552   -0.0882583403
 -24599.5000000000   27.6057912487   -0.0873529191
 -24598.0000000000   27.4752119814   -0.0864279144
 -24596.5000000000   27.3458686591   -0.0855101306
 -24595.0000000000   27.2172981080   -0.0846220219
 -24593.5000000000   27.0906145253   -0.0837092905
 -24592.0000000000   26.9650941675   -0.0828072895
 -24590.5000000000   26.8413636107   -0.0818851843
 -24589.0000000000   26.7186227632   -0.0809825653
 -24587.5000000000   26.5973877811   -0.0800738052
 -24586.0000000000   26.4774018719   -0.0791717158
 -24584.5000000000   26.3586579814   -0.0782766589
 -24583.0000000000   26.2414021488   -0.0773763192
 -24581.5000000000   26.1258612058   -0.0764591893
 -24580.0000000000   26.0112430622   -0.0755655350
 -24578.5000000000   25.8978798039   -0.0746785280
 -24577.0000000000   25.7863394506   -0.0737689614
 -24575.5000000000   25.6761612166   -0.0728605726
 -24574.0000000000   25.5669074014   -0.0719761706
 -24572.5000000000   25.4592352397   -0.0710815189
 -24571.0000000000   25.3532012828   -0.0701736865
 -24569.5000000000   25.2483521450   -0.0692765047
 -24568.0000000000   25.1449828720   -0.0683743570
 -24566.5000000000   25.0426698160   -0.0674897655
 -24565.0000000000   24.9418170328   -0.0666011687
 -24563.5000000000   24.8422550334   -0.0657175768
 -24562.0000000000   24.7439925389   -0.0648385661
 -24560.5000000000   24.6469753236   -0.0639669622
 -24559.0000000000   24.5515786401   -0.0630823610
 -24557.5000000000   24.4575488313   -0.0621984839
 -24556.0000000000   24.3646220925   -0.0613296321
 -24554.5000000000   24.2731843960   -0.0604545652
 -24553.0000000000   24.1828557443   -0.0595941028
 -24551.5000000000   24.0939494037   -0.0587307041
 -24550.0000000000   24.0062437521   -0.0578765829
 -24548.5000000000   23.9197875893   -0.0570288095
 -24547.0000000000   23.8346692970   -0.0561822411
 -24545.5000000000   23.7507348209   -0.0553453511
 -24544.0000000000   23.6682016953   -0.0545055400
 -24542.5000000000   23.5868974792   -0.0536723575
 -24541.0000000000   23.5067867678   -0.0528475557
 -24539.5000000000   23.4280568913   -0.0520201249
 -24538.0000000000   23.3505388003   -0.0511994375
 -24536.5000000000   23.2741943965   -0.0503873430
 -24535.0000000000   23.1991464601   -0.0495763873
 -24533.5000000000   23.1251809417   -0.0487786103
 -24532.0000000000   23.0523614024   -0.0479899230
 -24530.5000000000   22.9808775808   -0.0471988136
 -24529.0000000000   22.9104728652   -0.0464198487
 -24527.5000000000   22.8412395370   -0.0456471916
 -24526.0000000000   22.7732574869   -0.0448756109
 -24524.5000000000   22.7064281656   -0.0441104503
 -24523.0000000000   22.6406752163   -0.0433557508
 -24521.5000000000   22.5759658571   -0.0426129554
 -24520.0000000000   22.5125872549   -0.0418642705
 -24518.5000000000   22.4501732847   -0.0411311466
 -24517.0000000000   22.3888815344   -0.0404035287
 -24515.5000000000   22.3287620924   -0.0396777712
 -24514.0000000000   22.2697036308   -0.0389600124
 -24512.5000000000   22.2117396045   -0.0382476204
 -24511.0000000000   22.1548213990   -0.0375429392
 -24509.5000000000   22.0989368291   -0.0368460709
 -24508.0000000000   22.0440727208   -0.0361571652
 -24506.5000000000   21.9902382841   -0.0354750041
 -24505.0000000000   21.9374821603   -0.0347959285
 -24503.5000000000   21.8857216757   -0.0341243877
 -24502.0000000000   21.8349666334   -0.0334591117
 -24500.5000000000   21.7851493453   -0.0328036239
 -24499.0000000000   21.7363294792   -0.0321535164
 -24497.5000000000   21.6885167074   -0.0315075040
 -24496.0000000000   21.6417222122   -0.0308642104
 -24494.5000000000   21.5958378573   -0.0302297828
 -24493.0000000000   21.5509165953   -0.0296001790
 -24491.5000000000   21.5069532225   -0.0289750709
 -24490.0000000000   21.4639248843   -0.0283552521
 -24488.5000000000   21.4218551469   -0.0277385553
 -24487.0000000000   21.3806402024   -0.0271309584
 -24485.5000000000   21.3403365362   -0.0265282187
 -24484.0000000000   21.3009794225   -0.0259274095
 -24482.5000000000   21.2625215193   -0.0253309794
 -24481.0000000000   21.2249555152   -0.0247387867
 -24479.5000000000   21.1882585106   -0.0241517094
 -24478.0000000000   21.1524389201   -0.0235686184
 -24476.5000000000   21.1174767428   -0.0229902497
 -24475.0000000000   21.0834250265   -0.0224125911
 -24473.5000000000   21.0502080906   -0.0218400552
 -24472.0000000000   21.0178478662   -0.0212706812
 -24470.5000000000   20.9863533345   -0.0207033723
 -24469.0000000000   20.9556944673   -0.0201396328
 -24467.5000000000   20.9259075839   -0.0195765940
 -24466.0000000000   20.8969054731   -0.0190195740
 -24464.5000000000   20.8687666681   -0.0184629496
 -24463.0000000000   20.8414898643   -0.0179064045
 -24461.5000000000   20.8150327633   -0.0173523724
 -24460.0000000000   20.7894059536   -0.0167997860
 -24458.5000000000   20.7646070808   -0.0162484617
 -24457.0000000000   20.7406478723   -0.0156972958
 -24455.5000000000   20.7174740679   -0.0151496368
 -24454.0000000000   20.6951346987   -0.0146019067
 -24452.5000000000   20.6736442432   -0.0140548727
 -24451.0000000000   20.6529601003   -0.0135069894
 -24449.5000000000   20.6331247983   -0.0129593401
 -24448.0000000000   20.6140847641   -0.0124112816
 -24446.5000000000   20.5958796639   -0.0118621159
 -24445.0000000000   20.5784986447   -0.0113143464
 -24443.5000000000   20.5619008293   -0.0107666339
 -24442.0000000000   20.5461639837   -0.0102156738
 -24440.5000000000   20.5312543102   -0.0096637091
 -24439.0000000000   20.5171224101   -0.0091140772
 -24437.5000000000   20.5038541913   -0.0085608124
 -24436.0000000000   20.4914294158   -0.0080052973
 -24434.5000000000   20.4798265978   -0.0074490252
 -24433.0000000000   20.4690462180   -0.0068919791
 -24431.5000000000   20.4591417290   -0.0063323798
 -24430.0000000000   20.4500649256   -0.0057696733
 -24428.5000000000   20.4418208236   -0.0052056898
 -24427.0000000000   20.4343990024   -0.0046412533
 -24425.5000000000   20.4278637721   -0.0040719729
 -24424.0000000000   20.4221846706   -0.0035019497
 -24422.5000000000   20.4173501802   -0.0029283020
 -24421.0000000000   20.4133774728   -0.0023520111
 -24419.5000000000   20.4102838889   -0.0017738835
 -24418.0000000000   20.4080599148   -0.0011909099
 -24416.5000000000   20.4067387527   -0.0006067001
 -24415.0000000000   20.4062832607   -0.0000181823
 -24413.5000000000   20.4067123383    0.0005737542
 -24412.0000000000   20.4080073522    0.0011691293
 -24410.5000000000   20.4102223178    0.0017679135
 -24409.0000000000   20.4133507559    0.0023694486
 -24407.5000000000   20.4173469371    0.0029756006
 -24406.0000000000   20.4222555209    0.0035853972
 -24404.5000000000   20.4280939271    0.0041997816
 -24403.0000000000   20.4348567979    0.0048180301
 -24401.5000000000   20.4425489931    0.0054384227
 -24400.0000000000   20.4512009407    0.0060628569
 -24398.5000000000   20.4607675294    0.0066932763
 -24397.0000000000   20.4713085583    0.0073260399
 -24395.5000000000   20.4827889692    0.0079640557
 -24394.0000000000   20.4952302625    0.0086063461
 -24392.5000000000   20.5086249217    0.0092539160
 -24391.0000000000   20.5230075875    0.0099048952
 -24389.5000000000   20.5383435546    0.0105602801
 -24388.0000000000   20.5546915280    0.0112200733
 -24386.5000000000   20.5720325370    0.0118843875
 -24385.0000000000   20.5903481556    0.0125531534
 -24383.5000000000   20.6096959757    0.0132263605
 -24382.0000000000   20.6300439558    0.0139050294
 -24380.5000000000   20.6514265937    0.0145873104
 -24379.0000000000   20.6738776955    0.0152714087
 -24377.5000000000   20.6973314696    0.0159621714
 -24376.0000000000   20.7218102539    0.0166585572
 -24374.5000000000   20.7474081735    0.0173547715
 -24373.0000000000   20.7739839514    0.0180605876
 -24371.5000000000   20.8016501073    0.0187690036
 -24370.0000000000   20.8303680342    0.0194829688
 -24368.5000000000   20.8601321652    0.0202032508
 -24367.0000000000   20.8910080559    0.0209259363
 -24365.5000000000   20.9229875384    0.0216519413
 -24364.0000000000   20.9560296459    0.0223842755
 -24362.5000000000   20.9901879088    0.0231198083
 -24361.0000000000   21.0254381933    0.0238604289
 -24359.5000000000   21.0618453052    0.0246022494
 -24358.0000000000   21.0993865566    0.0253470473
 -24356.5000000000   21.1380029341    0.0260988631
 -24355.0000000000   21.1777486303    0.0268521794
 -24353.5000000000   21.2186130140    0.0276122276
 -24352.0000000000   21.2606526973    0.0283735729
 -24350.5000000000   21.3038831932    0.0291353994
 -24349.0000000000   21.3482136963    0.0299036268
 -24347.5000000000   21.3936832348    0.0306759256
 -24346.0000000000   21.4403286343    0.0314500885
 -24344.5000000000   21.4881887392    0.0322237899
 -24343.0000000000   21.5371616092    0.0330034423
 -24341.5000000000   21.5873235450    0.0337843466
 -24340.0000000000   21.6387289350    0.0345631500
 -24338.5000000000   21.6912909733    0.0353452115
 -24337.0000000000   21.7449387481    0.0361348310
 -24335.5000000000   21.7998646244    0.0369201677
 -24334.0000000000   21.8559156650    0.0377104571
 -24332.5000000000   21.9131908264    0.0384995567
 -24331.0000000000   21.9716150758    0.0392918801
 -24329.5000000000   22.0313044514    0.0400802233
 -24328.0000000000   22.0920645716    0.0408761243
 -24326.5000000000   22.1540969882    0.0416672302
 -24325.0000000000   22.2172386364    0.0424630626
 -24323.5000000000   22.2815740315    0.0432582935
 -24322.0000000000   22.3471246139    0.0440513559
 -24320.5000000000   22.4138838203    0.0448422897
 -24319.0000000000   22.4818545877    0.0456306077
 -24317.5000000000   22.5510493157    0.0464151754
 -24316.0000000000   22.6213825694    0.0472006578
 -24314.5000000000   22.6928933024    0.0479843334
 -24313.0000000000   22.7655338145    0.0487685568
 -24311.5000000000   22.8393496101    0.0495502376
 -24310.0000000000   22.9144847881    0.0503206085
 -24308.5000000000   22.9906771675    0.0510942546
 -24307.0000000000   23.0679799651    0.0518676471
 -24305.5000000000   23.1466008946    0.0526284410
 -24304.0000000000   23.2262043835    0.0533951816
 -24302.5000000000   23.3069571126    0.0541579139
 -24301.0000000000   23.3889332027    0.0549119066
 -24299.5000000000   23.4720128036    0.0556633890
 -24298.0000000000   23.5563054229    0.0564056804
 -24296.5000000000   23.6415973262    0.0571502090
 -24295.0000000000   23.7280091420    0.0578854667
 -24293.5000000000   23.8155790032    0.0586166986
 -24292.0000000000   23.9043467747    0.0593374874
 -24290.5000000000   23.9940356551    0.0600625256
 -24289.0000000000   24.0850127209    0.0607711612
 -24287.5000000000   24.1770583701    0.0614749010
 -24286.0000000000   24.2699882914    0.0621832976
 -24284.5000000000   24.3639454897    0.0628881193
 -24283.0000000000   24.4589576975    0.0635873926
 -24281.5000000000   24.5552511394    0.0642685132
 -24280.0000000000   24.6523323287    0.0649575191
 -24278.5000000000   24.7505288914    0.0656365253
 -24277.0000000000   24.8495801724    0.0663190514
 -24275.5000000000   24.9499955548    0.0669776922
 -24274.0000000000   25.0512779095    0.0676384590
 -24272.5000000000   25.1534171788    0.0683015738
 -24271.0000000000   25.2566907691    0.0689522119
 -24269.5000000000   25.3610914979    0.0695905356
 -24268.0000000000   25.4663480136    0.0702304426
 -24266.5000000000   25.5724911695    0.0708703742
 -24265.0000000000   25.6794896960    0.0715116869
 -24263.5000000000   25.7878189995    0.0721296788
 -24262.0000000000   25.8967150703    0.0727637961
 -24260.5000000000   26.0067905302    0.0733824715
 -24259.0000000000   26.1176881790    0.0740040223
 -24257.5000000000   26.2295379249    0.0746219370
 -24256.0000000000   26.3425662688    0.0752246602
 -24254.5000000000   26.4561312964    0.0758449028
 -24253.0000000000   26.5709610529    0.0764460033
 -24251.5000000000   26.6864368540    0.0770593187
 -24250.0000000000   26.8027816783    0.0776739281
 -24248.5000000000   26.9203455070    0.0782724602
 -24247.0000000000   27.0393462849    0.0788442395
 -24245.5000000000   27.1584594993    0.0794554276
 -24244.0000000000   27.2787466780    0.0800538098
 -24242.5000000000   27.3995422695    0.0806725802
 -24241.0000000000   27.5214426324    0.0812826722
 -24239.5000000000   27.6449733546    0.0818585584
 -24238.0000000000   27.7687758837    0.0824671273
 -24236.5000000000   27.8937868344    0.0830630129
 -24235.0000000000   28.0191380220    0.0836888300
 -24233.5000000000   28.1460456366    0.0842860106
 -24232.0000000000   28.2736796962    0.0848949751
 -24230.5000000000   28.4024664474    0.0854954933
 -24229.0000000000   28.5324031660    0.0860879671
 -24227.5000000000   28.6630585971    0.0866934797
 -24226.0000000000   28.7939547584    0.0873351148
 -24224.5000000000   28.9267916824    0.0879321619
 -24223.0000000000   29.0608456319    0.0885192607
 -24221.5000000000   29.1946519009    0.0891657062
 -24220.0000000000   29.3294290322    0.0898142853
 -24218.5000000000   29.4664914783    0.0904036037
 -24217.0000000000   29.6037644810    0.0910304686
 -24215.5000000000   29.7411214945    0.0917009848
 -24214.0000000000   29.8801457414    0.0923416648
 -24212.5000000000   30.0196563596    0.0930067125
 -24211.0000000000   30.1613946529    0.0936159433
 -24209.5000000000   30.3035742403    0.0942508417
 -24208.0000000000   30.4469107648    0.0948782826
 -24206.5000000000   30.5914745325    0.0954949965
 -24205.0000000000   30.7374215713    0.0960931080
 -24203.5000000000   30.8827043141    0.0967647185
 -24202.0000000000   31.0288152443    0.0974420158
 -24200.5000000000   31.1772690184    0.0980559480
 -24199.0000000000   31.3255830923    0.0987168612
 -24197.5000000000   31.4763940394    0.0993063331
 -24196.0000000000   31.6271170836    0.0999373786
 -24194.5000000000   31.7796513651    0.1005253461
 -24193.0000000000   31.9334106991    0.1010943670
 -24191.5000000000   32.0875575658    0.1016798447
 -24190.0000000000   32.2436041346    0.1022143303
 -24188.5000000000   32.3989574396    0.1028084210
 -24187.0000000000   32.5555729162    0.1033758069
 -24185.5000000000   32.7138067349    0.1038991731
 -24184.0000000000   32.8712021956    0.1044824193
 -24182.5000000000   33.0298803834    0.1050321332
 -24181.0000000000   33.1901833969    0.1055310299
 -24179.5000000000   33.3501231451    0.1060615512
 -24178.0000000000   33.5129646860    0.1064819916
 -24176.5000000000   33.6774625263    0.1068422377
 -24175.0000000000   33.8400018623    0.1072927737
 -24173.5000000000   34.0050611109    0.1076407582
 -24172.0000000000   34.1708825681    0.1079579714
 -24170.5000000000   34.3352477232    0.1083341126
 -24169.0000000000   34.5002138278    0.1086798603
 -24167.5000000000   34.6674874706    0.1089204049
 -24166.0000000000   34.8377636424    0.1090229156
 -24164.5000000000   35.0021801884    0.1093530050
 -24163.0000000000   35.1715835475    0.1094561176
 -24161.5000000000   35.3407914495    0.1095440792
 -24160.0000000000   35.5074736342    0.1097102010
 -24158.5000000000   35.6751139025    0.1098062108
 -24157.0000000000   35.8422689638    0.1098891708
 -24155.5000000000   36.0104883150    0.1098912207
 -24154.0000000000   36.1796917706    0.1098113799
 -24152.5000000000   36.3497588314    0.1096501599
 -24151.0000000000   36.5197905145    0.1094416009
 -24149.5000000000   36.6868985605    0.1093040687
 -24148.0000000000   36.8549091356    0.1090755685
 -24146.5000000000   37.0228500777    0.1087940255
 -24145.0000000000   37.1937754258    0.1083267240
 -24143.5000000000   37.3631385574    0.1078608678
 -24142.0000000000   37.5296551181    0.1074501920
 -24140.5000000000   37.6919497403    0.1071537438
 -24139.0000000000   37.8579123064    0.1066378403
 -24137.5000000000   38.0217559644    0.1061430941
 -24136.0000000000   38.1835792374    0.1056672145
 -24134.5000000000   38.3448822379    0.1051471781
 -24133.0000000000   38.5022928936    0.1047275076
 -24131.5000000000   38.6655278454    0.1039909892
 -24130.0000000000   38.8282538577    0.1032091702
 -24128.5000000000   38.9844206738    0.1026440936
 -24127.0000000000   39.1399338819    0.1020473502
 -24125.5000000000   39.2946618686    0.1014262127
 -24124.0000000000   39.4504573866    0.1007004907
 -24122.5000000000   39.6052634322    0.0999626318
 -24121.0000000000   39.7614362317    0.0991120756
 -24119.5000000000   39.9096949230    0.0985653274
 -24118.0000000000   40.0620312000    0.0977960391
 -24116.5000000000   40.2134358759    0.0970287446
 -24115.0000000000   40.3611233062    0.0963937420
 -24113.5000000000   40.5109026250    0.0956373517
 -24112.0000000000   40.6539990727    0.0951605824
 -24110.5000000000   40.8079593597    0.0941707423
 -24109.0000000000   40.9549834094    0.0934823068
 -24107.5000000000   41.0949276294    0.0931145184
 -24106.0000000000   41.2376603201    0.0926222441
 -24104.5000000000   41.3798830256    0.0921618070
 -24103.0000000000   41.5215678024    0.0917401454
 -24101.5000000000   41.6590194934    0.0915354856
 -24100.0000000000   41.8077624890    0.0908323129
 -24098.5000000000   41.9519203853    0.0903697654
 -24097.0000000000   42.0916189757    0.0901528243
 -24095.5000000000   42.2311541717    0.0899884662
 -24094.0000000000   42.3662039211    0.0900861149
 -24092.5000000000   42.5062721727    0.0900080255
 -24091.0000000000   42.6414371811    0.0902206331
 -24089.5000000000   42.7818305026    0.0902564882
 -24088.0000000000   42.9330927713    0.0898544317
 -24086.5000000000   43.0681891941    0.0902828149
 -24085.0000000000   43.2039673742    0.0907635079
 -24083.5000000000   43.3640354954    0.0901966937
 -24082.0000000000   43.5060228730    0.0905580957
 -24080.5000000000   43.6423927510    0.0912765627
 -24079.0000000000   43.7865337893    0.0917349298
 -24077.5000000000   43.9381901522    0.0919447878
 -24076.0000000000   44.0767910618    0.0928639431
 -24074.5000000000   44.2168044012    0.0938279348
 -24073.0000000000   44.3657150381    0.0944954957
 -24071.5000000000   44.5318246428    0.0944899318
 -24070.0000000000   44.6744392996    0.0956692871
 -24068.5000000000   44.8274823984    0.0964960059
 -24067.0000000000   44.9824946578    0.0973563192
 -24065.5000000000   45.1387059044    0.0982820707
 -24064.0000000000   45.2964329545    0.0992625174
 -24062.5000000000   45.4464114759    0.1007136814
 -24061.0000000000   45.5985883326    0.1021935124
 -24059.5000000000   45.7530059867    0.1037012901
 -24058.0000000000   45.9097058102    0.1052362820
 -24056.5000000000   46.0809010664    0.1062799128
 -24055.0000000000   46.2415309420    0.1078972151
 -24053.5000000000   46.4046044207    0.1095379352
 -24052.0000000000   46.5836199209    0.1106418816
 -24050.5000000000   46.7655603907    0.1117565356
 -24049.0000000000   46.9345215905    0.1135279955
 -24047.5000000000   47.1061530385    0.1153167783
 -24046.0000000000   47.2965110764    0.1164799612
 -24044.5000000000   47.4726225606    0.1183377045
 -24043.0000000000   47.6515311430    0.1202093540
 -24041.5000000000   47.8332573628    0.1220944842
 -24040.0000000000   48.0178211262    0.1239926761
 -24038.5000000000   48.2052417159    0.1259035179
 -24037.0000000000   48.3955378022    0.1278266047
 -24035.5000000000   48.5887274538    0.1297615396
 -24034.0000000000   48.8095148522    0.1308180494
 -24032.5000000000   49.0072428660    0.1328207508
 -24031.0000000000   49.2079813803    0.1348320040
 -24029.5000000000   49.4423005764    0.1357991185
 -24028.0000000000   49.6475578886    0.1378782020
 -24026.5000000000   49.8559378570    0.1399626347
 -24025.0000000000   50.0674483907    0.1420522638
 -24023.5000000000   50.2820971718    0.1441469399
 -24022.0000000000   50.4998916605    0.1462465163
 -24020.5000000000   50.7208390992    0.1483508497
 -24019.0000000000   50.9449465179    0.1504597997
 -24017.5000000000   51.1722207380    0.1525732290
 -24016.0000000000   51.4026683774    0.1546910034
 -24014.5000000000   51.6362958551    0.1568129918
 -24013.0000000000   51.8731093957    0.1589390663
 -24011.5000000000   52.1131150344    0.1610691019
 -24010.0000000000   52.3563186211    0.1632029770
 -24008.5000000000   52.6027258256    0.1653405726
 -24007.0000000000   52.8523421414    0.1674817731
 -24005.5000000000   53.1051728909    0.1696264657
 -24004.0000000000   53.3612232295    0.1717745405
 -24002.5000000000   53.6204981501    0.1739258908
 -24001.0000000000   53.8830024874    0.1760804124
 -23999.5000000000   54.2489722880    0.1758273079
 -23998.0000000000   54.5143969284    0.1780722127
 -23996.5000000000   54.7831889260    0.1803171174
 -23995.0000000000   55.0553482808    0.1825620222
 -23993.5000000000   55.3308749926    0.1848069270
 -23992.0000000000   55.6097690617    0.1870518317
 -23990.5000000000   55.8920304878    0.1892967365
 -23989.0000000000   56.1776592712    0.1915416413
 -23987.5000000000   56.4666554117    0.1937865460
 -23986.0000000000   56.7590189093    0.1960314508
 -23984.5000000000   57.0547497641    0.1982763556
 -23983.0000000000   57.3538479760    0.2005212603
 -23981.5000000000   57.6563135451    0.2027661651
 -23980.0000000000   57.9621464713    0.2050110699
 -23978.5000000000   58.2713467547    0.2072559746
 -23977.0000000000   58.5839143952    0.2095008794
 -23975.5000000000   58.8998493929    0.2117457842
 -23974.0000000000   59.2191517478    0.2139906889
 -23972.5000000000   59.5418214597    0.2162355937
 -23971.0000000000   59.8678585289    0.2184804985
 -23969.5000000000   60.1972629552    0.2207254032
 -23968.0000000000   60.5300347386    0.2229703080
 -23966.5000000000   60.8661738792    0.2252152128
 -23965.0000000000   61.2056803769    0.2274601175
 -23963.5000000000   61.5485542318    0.2297050223
 -23962.0000000000   61.8947954439    0.2319499271
 -23960.5000000000   62.2444040130    0.2341948318
 -23959.0000000000   62.5973799394    0.2364397366
 -23957.5000000000   62.9537232229    0.2386846414
 -23956.0000000000   63.3134338635    0.2409295461
 -23954.5000000000   63.6765118613    0.2431744509
 -23953.0000000000   64.0429572162    0.2454193557
 -23951.5000000000   64.4127699283    0.2476642604
 -23950.0000000000   64.7859499976    0.2499091652
 -23948.5000000000   65.1624974240    0.2521540700
 -23947.0000000000   65.5424122075    0.2543989747
 -23945.5000000000   65.9256943482    0.2566438795
 -23944.0000000000   66.3123438461    0.2588887843
 -23942.5000000000   66.7023607011    0.2611336890
 -23941.0000000000   67.0957449132    0.2633785938
 -23939.5000000000             inf    0.0000000000
 -23938.0000000000             inf    0.0000000000
 -23936.5000000000             inf    0.0000000000
 -23935.0000000000             inf    0.0000000000
 -23933.5000000000             inf    0.0000000000
 -23932.0000000000             inf    0.0000000000
 -23930.5000000000             inf    0.0000000000
 -23929.0000000000             inf    0.0000000000
 -23927.5000000000             inf    0.0000000000
 -23926.0000000000             inf    0.0000000000
 -23924.5000000000             inf    0.0000000000
 -23923.0000000000             inf    0.0000000000
 -23921.5000000000             inf    0.0000000000
 -23920.0000000000             inf    0.0000000000
 -23918.5000000000             inf    0.0000000000
 -23917.0000000000             inf    0.0000000000
 -23915.5000000000             inf    0.0000000000
 -23914.0000000000             inf    0.0000000000
 -23912.5000000000             inf    0.0000000000
 -23911.0000000000             inf    0.0000000000
 -23909.5000000000             inf    0.0000000000
 -23908.0000000000             inf    0.0000000000
 -23906.5000000000             inf    0.0000000000
 -23905.0000000000             inf    0.0000000000
 -23903.5000000000             inf    0.0000000000
 -23902.0000000000             inf    0.0000000000
 -23900.5000000000             inf    0.0000000000
 -23899.0000000000             inf    0.0000000000
 -23897.5000000000             inf    0.0000000000
 -23896.0000000000             inf    0.0000000000
 -23894.5000000000             inf    0.0000000000
 -23893.0000000000             inf    0.0000000000
 -23891.5000000000             inf    0.0000000000
 -23890.0000000000             inf    0.0000000000
 -23888.5000000000             inf    0.0000000000
 -23887.0000000000             inf    0.0000000000
 -23885.5000000000             inf    0.0000000000
 -23884.0000000000             inf    0.0000000000
 -23882.5000000000             inf    0.0000000000
 -23881.0000000000             inf    0.0000000000
 -23879.5000000000             inf    0.0000000000
 -23878.0000000000             inf    0.0000000000
 -23876.5000000000             inf    0.0000000000
 -23875.0000000000             inf    0.0000000000
 -23873.5000000000             inf    0.0000000000
 -23872.0000000000             inf    0.0000000000
 -23870.5000000000             inf    0.0000000000
 -23869.0000000000             inf    0.0000000000
 -23867.5000000000             inf    0.0000000000
 -23866.0000000000             inf    0.0000000000
 -23864.5000000000             inf    0.0000000000
 -23863.0000000000             inf    0.0000000000
 -23861.5000000000             inf    0.0000000000
 -23860.0000000000             inf    0.0000000000
 -23858.5000000000             inf    0.0000000000
 -23857.0000000000             inf    0.0000000000
 -23855.5000000000             inf    0.0000000000
 -23854.0000000000             inf    0.0000000000
 -23852.5000000000             inf    0.0000000000
 -23851.0000000000             inf    0.0000000000
 -23849.5000000000             inf    0.0000000000
 -23848.0000000000             inf    0.0000000000
 -23846.5000000000             inf    0.0000000000
 -23845.0000000000             inf    0.0000000000
 -23843.5000000000             inf    0.0000000000
 -23842.0000000000             inf    0.0000000000
 -23840.5000000000             inf    0.0000000000
 -23839.0000000000             inf    0.0000000000
 -23837.5000000000             inf    0.0000000000
 -23836.0000000000             inf    0.0000000000
 -23834.5000000000             inf    0.0000000000
 -23833.0000000000             inf    0.0000000000
 -23831.5000000000             inf    0.0000000000
 -23830.0000000000             inf    0.0000000000
 -23828.5000000000             inf    0.0000000000
 -23827.0000000000             inf    0.0000000000
 -23825.5000000000             inf    0.0000000000
 -23824.0000000000             inf    0.0000000000
 -23822.5000000000             inf    0.0000000000
 -23821.0000000000             inf    0.0000000000
 -23819.5000000000             inf    0.0000000000
 -23818.0000000000             inf    0.0000000000
 -23816.5000000000             inf    0.0000000000
 -23815.0000000000             inf    0.0000000000
 -23813.5000000000             inf    0.0000000000
 -23812.0000000000             inf    0.0000000000
 -23810.5000000000             inf    0.0000000000
 -23809.0000000000             inf    0.0000000000
 -23807.5000000000             inf    0.0000000000
 -23806.0000000000             inf    0.0000000000
 -23804.5000000000             inf    0.0000000000
 -23803.0000000000             inf    0.0000000000
 -23801.5000000000             inf    0.0000000000
 -23800.0000000000             inf    0.0000000000
 -23798.5000000000             inf    0.0000000000
 -23797.0000000000             inf    0.0000000000
 -23795.5000000000             inf    0.0000000000
 -23794.0000000000             inf    0.0000000000
 -23792.5000000000             inf    0.0000000000
 -23791.0000000000             inf    0.0000000000
 -23789.5000000000             inf    0.0000000000
 -23788.0000000000             inf    0.0000000000
 -23786.5000000000             inf    0.0000000000
 -23785.0000000000             inf    0.0000000000
 -23783.5000000000             inf    0.0000000000
 -23782.0000000000             inf    0.0000000000
 -23780.5000000000             inf    0.0000000000
 -23779.0000000000             inf    0.0000000000
 -23777.5000000000             inf    0.0000000000
 -23776.0000000000             inf    0.0000000000
 -23774.5000000000             inf    0.0000000000
 -23773.0000000000             inf    0.0000000000
 -23771.5000000000             inf    0.0000000000
 -23770.0000000000             inf    0.0000000000
 -23768.5000000000             inf    0.0000000000
 -23767.0000000000             inf    0.0000000000
 -23765.5000000000             inf    0.0000000000
 -23764.0000000000             inf    0.0000000000
 -23762.5000000000             inf    0.0000000000
 -23761.0000000000             inf    0.0000000000
 -23759.5000000000             inf    0.0000000000
 -23758.0000000000             inf    0.0000000000
 -23756.5000000000             inf    0.0000000000
 -23755.0000000000             inf    0.0000000000
 -23753.5000000000             inf    0.0000000000
 -23752.0000000000             inf    0.0000000000
 -23750.5000000000             inf    0.0000000000
 -23749.0000000000             inf    0.0000000000
 -23747.5000000000             inf    0.0000000000
 -23746.0000000000             inf    0.0000000000
 -23744.5000000000             inf    0.0000000000
 -23743.0000000000             inf    0.0000000000
 -23741.5000000000             inf    0.0000000000
 -23740.0000000000             inf    0.0000000000
 -23738.5000000000             inf    0.0000000000
 -23737.0000000000             inf    0.0000000000
 -23735.5000000000             inf    0.0000000000
 -23734.0000000000             inf    0.0000000000
 -23732.5000000000             inf    0.0000000000
 -23731.0000000000             inf    0.0000000000
 -23729.5000000000             inf    0.0000000000
 -23728.0000000000             inf    0.0000000000
 -23726.5000000000             inf    0.0000000000
 -23725.0000000000             inf    0.0000000000
 -23723.5000000000             inf    0.0000000000
 -23722.0000000000             inf    0.0000000000
 -23720.5000000000             inf    0.0000000000
 -23719.0000000000             inf    0.0000000000
 -23717.5000000000             inf    0.0000000000
 -23716.0000000000             inf    0.0000000000
 -23714.5000000000             inf    0.0000000000
 -23713.0000000000             inf    0.0000000000
 -23711.5000000000             inf    0.0000000000
 -23710.0000000000             inf    0.0000000000
 -23708.5000000000             inf    0.0000000000
 -23707.0000000000             inf    0.0000000000
 -23705.5000000000             inf    0.0000000000
 -23704.0000000000             inf    0.0000000000
 -23702.5000000000             inf    0.0000000000
 -23701.0000000000             inf    0.0000000000
 -23699.5000000000             inf    0.0000000000
 -23698.0000000000             inf    0.0000000000
 -23696.5000000000             inf    0.0000000000
 -23695.0000000000             inf    0.0000000000
 -23693.5000000000             inf    0.0000000000
 -23692.0000000000             inf    0.0000000000
 -23690.5000000000             inf    0.0000000000
 -23689.0000000000             inf    0.0000000000
 -23687.5000000000             inf    0.0000000000
 -23686.0000000000             inf    0.0000000000
 -23684.5000000000             inf    0.0000000000
 -23683.0000000000             inf    0.0000000000
 -23681.5000000000             inf    0.0000000000
 -23680.0000000000             inf    0.0000000000
 -23678.5000000000             inf    0.0000000000
 -23677.0000000000             inf    0.0000000000
 -23675.5000000000             inf    0.0000000000
 -23674.0000000000             inf    0.0000000000
 -23672.5000000000             inf    0.0000000000
 -23671.0000000000             inf    0.0000000000
 -23669.5000000000             inf    0.0000000000
 -23668.0000000000             inf    0.0000000000
 -23666.5000000000             inf    0.0000000000
 -23665.0000000000             inf    0.0000000000
 -23663.5000000000             inf    0.0000000000
 -23662.0000000000             inf    0.0000000000
 -23660.5000000000             inf    0.0000000000
 -23659.0000000000             inf    0.0000000000
 -23657.5000000000             inf    0.0000000000
 -23656.0000000000             inf    0.0000000000
 -23654.5000000000             inf    0.0000000000
 -23653.0000000000             inf    0.0000000000
 -23651.5000000000             inf    0.0000000000
 -23650.0000000000             inf    0.0000000000
 -23648.5000000000             inf    0.0000000000
 -23647.0000000000             inf    0.0000000000
 -23645.5000000000             inf    0.0000000000
 -23644.0000000000             inf    0.0000000000
 -23642.5000000000             inf    0.0000000000
 -23641.0000000000             inf    0.0000000000
 -23639.5000000000             inf    0.0000000000
 -23638.0000000000             inf    0.0000000000
 -23636.5000000000             inf    0.0000000000
 -23635.0000000000             inf    0.0000000000
 -23633.5000000000             inf    0.0000000000
 -23632.0000000000             inf    0.0000000000
 -23630.5000000000             inf    0.0000000000
 -23629.0000000000             inf    0.0000000000
 -23627.5000000000             inf    0.0000000000
 -23626.0000000000             inf    0.0000000000
 -23624.5000000000             inf    0.0000000000
 -23623.0000000000             inf    0.0000000000
 -23621.5000000000             inf    0.0000000000
 -23620.0000000000             inf    0.0000000000
 -23618.5000000000             inf    0.0000000000
 -23617.0000000000             inf    0.0000000000
 -23615.5000000000             inf    0.0000000000
 -23614.0000000000             inf    0.0000000000
 -23612.5000000000             inf    0.0000000000
 -23611.0000000000             inf    0.0000000000
 -23609.5000000000             inf    0.0000000000
 -23608.0000000000             inf    0.0000000000
 -23606.5000000000             inf    0.0000000000
 -23605.0000000000             inf    0.0000000000
 -23603.5000000000             inf    0.0000000000
 -23602.0000000000             inf    0.0000000000
 -23600.5000000000             inf    0.0000000000
 -23599.0000000000             inf    0.0000000000
 -23597.5000000000             inf    0.0000000000
 -23596.0000000000             inf    0.0000000000
 -23594.5000000000             inf    0.0000000000
 -23593.0000000000             inf    0.0000000000
 -23591.5000000000             inf    0.0000000000
 -23590.0000000000             inf    0.0000000000
 -23588.5000000000             inf    0.0000000000
 -23587.0000000000             inf    0.0000000000
 -23585.5000000000             inf    0.0000000000
 -23584.0000000000             inf    0.0000000000
 -23582.5000000000             inf    0.0000000000
 -23581.0000000000             inf    0.0000000000
 -23579.5000000000             inf    0.0000000000
 -23578.0000000000             inf    0.0000000000
 -23576.5000000000             inf    0.0000000000
 -23575.0000000000             inf    0.0000000000
 -23573.5000000000             inf    0.0000000000
 -23572.0000000000             inf    0.0000000000
 -23570.5000000000             inf    0.0000000000
 -23569.0000000000             inf    0.0000000000
 -23567.5000000000             inf    0.0000000000
 -23566.0000000000             inf    0.0000000000
 -23564.5000000000             inf    0.0000000000
 -23563.0000000000             inf    0.0000000000
 -23561.5000000000             inf    0.0000000000
 -23560.0000000000             inf    0.0000000000
 -23558.5000000000             inf    0.0000000000
 -23557.0000000000             inf    0.0000000000
 -23555.5000000000             inf    0.0000000000
 -23554.0000000000             inf    0.0000000000
 -23552.5000000000             inf    0.0000000000
 -23551.0000000000             inf    0.0000000000
 -23549.5000000000             inf    0.0000000000
 -23548.0000000000             inf    0.0000000000
 -23546.5000000000             inf    0.0000000000
 -23545.0000000000             inf    0.0000000000
 -23543.5000000000             inf    0.0000000000
 -23542.0000000000             inf    0.0000000000
 -23540.5000000000             inf    0.0000000000
 -23539.0000000000             inf    0.0000000000
 -23537.5000000000             inf    0.0000000000
 -23536.0000000000             inf    0.0000000000
 -23534.5000000000             inf    0.0000000000
 -23533.0000000000             inf    0.0000000000
 -23531.5000000000             inf    0.0000000000
 -23530.0000000000             inf    0.0000000000
 -23528.5000000000             inf    0.0000000000
 -23527.0000000000             inf    0.0000000000
 -23525.5000000000             inf    0.0000000000
 -23524.0000000000             inf    0.0000000000
 -23522.5000000000             inf    0.0000000000
 -23521.0000000000             inf    0.0000000000
 -23519.5000000000             inf    0.0000000000
 -23518.0000000000             inf    0.0000000000
 -23516.5000000000             inf    0.0000000000
 -23515.0000000000             inf    0.0000000000
 -23513.5000000000             inf    0.0000000000
 -23512.0000000000             inf    0.0000000000
 -23510.5000000000             inf    0.0000000000
 -23509.0000000000             inf    0.0000000000
 -23507.5000000000             inf    0.0000000000
 -23506.0000000000             inf    0.0000000000
 -23504.5000000000             inf    0.0000000000
 -23503.0000000000             inf    0.0000000000
 -23501.5000000000             inf    0.0000000000
 -23500.0000000000             inf    0.0000000000
