#! FIELDS energy hh dhh_energy
#! SET normalisation  1000.0000000000
#! SET min_energy -25000
#! SET max_energy -23500
#! SET nbins_energy  1000
#! SET periodic_energy false
 -25000.0000000000    0.0000000000    0.0000000000
 -24998.5000000000    0.0000000000    0.0000000000
 -24997.0000000000    0.0000000000    0.0000000000
 -24995.5000000000    0.0000000000    0.0000000000
 -24994.0000000000    0.0000000000    0.0000000000
 -24992.5000000000    0.0000000000    0.0000000000
 -24991.0000000000    0.0000000000    0.0000000000
 -24989.5000000000    0.0000000000    0.0000000000
 -24988.0000000000    0.0000000000    0.0000000000
 -24986.5000000000    0.0000000000    0.0000000000
 -24985.0000000000    0.0000000000    0.0000000000
 -24983.5000000000    0.0000000000    0.0000000000
 -24982.0000000000    0.0000000000    0.0000000000
 -24980.5000000000    0.0000000000    0.0000000000
 -24979.0000000000    0.0000000000    0.0000000000
 -24977.5000000000    0.0000000000    0.0000000000
 -24976.0000000000    0.0000000000    0.0000000000
 -24974.5000000000    0.0000000000    0.0000000000
 -24973.0000000000    0.0000000000    0.0000000000
 -24971.5000000000    0.0000000000    0.0000000000
 -24970.0000000000    0.0000000000    0.0000000000
 -24968.5000000000    0.0000000000    0.0000000000
 -24967.0000000000    0.0000000000    0.0000000000
 -24965.5000000000    0.0000000000    0.0000000000
 -24964.0000000000    0.0000000000    0.0000000000
 -24962.5000000000    0.0000000000    0.0000000000
 -24961.0000000000    0.0000000000    0.0000000000
 -24959.5000000000    0.0000000000    0.0000000000
 -24958.0000000000    0.0000000000    0.0000000000
 -24956.5000000000    0.0000000000    0.0000000000
 -24955.0000000000    0.0000000000    0.0000000000
 -24953.5000000000    0.0000000000    0.0000000000
 -24952.0000000000    0.0000000000    0.0000000000
 -24950.5000000000    0.0000000000    0.0000000000
 -24949.0000000000    0.0000000000    0.0000000000
 -24947.5000000000    0.0000000000    0.0000000000
 -24946.0000000000    0.0000000000    0.0000000000
 -24944.5000000000    0.0000000000    0.0000000000
 -24943.0000000000    0.0000000000    0.0000000000
 -24941.5000000000    0.0000000000    0.0000000000
 -24940.0000000000    0.0000000000    0.0000000000
 -24938.5000000000    0.0000000000    0.0000000000
 -24937.0000000000    0.0000000000    0.0000000000
 -24935.5000000000    0.0000000000    0.0000000000
 -24934.0000000000    0.0000000000    0.0000000000
 -24932.5000000000    0.0000000000    0.0000000000
 -24931.0000000000    0.0000000000    0.0000000000
 -24929.5000000000    0.0000000000    0.0000000000
 -24928.0000000000    0.0000000000    0.0000000000
 -24926.5000000000    0.0000000000    0.0000000000
 -24925.0000000000    0.0000000000    0.0000000000
 -24923.5000000000    0.0000000000    0.0000000000
 -24922.0000000000    0.0000000000    0.0000000000
 -24920.5000000000    0.0000000000    0.0000000000
 -24919.0000000000    0.0000000000    0.0000000000
 -24917.5000000000    0.0000000000    0.0000000000
 -24916.0000000000    0.0000000000    0.0000000000
 -24914.5000000000    0.0000000000    0.0000000000
 -24913.0000000000    0.0000000000    0.0000000000
 -24911.5000000000    0.0000000000    0.0000000000
 -24910.0000000000    0.0000000000    0.0000000000
 -24908.5000000000    0.0000000000    0.0000000000
 -24907.0000000000    0.0000000000    0.0000000000
 -24905.5000000000    0.0000000000    0.0000000000
 -24904.0000000000    0.0000000000    0.0000000000
 -24902.5000000000    0.0000000000    0.0000000000
 -24901.0000000000    0.0000000000    0.0000000000
 -24899.5000000000    0.0000000000    0.0000000000
 -24898.0000000000    0.0000000000    0.0000000000
 -24896.5000000000    0.0000000000    0.0000000000
 -24895.0000000000    0.0000000000    0.0000000000
 -24893.5000000000    0.0000000000    0.0000000000
 -24892.0000000000    0.0000000000    0.0000000000
 -24890.5000000000    0.0000000000    0.0000000000
 -24889.0000000000    0.0000000000    0.0000000000
 -24887.5000000000    0.0000000000    0.0000000000
 -24886.0000000000    0.0000000000    0.0000000000
 -24884.5000000000    0.0000000000    0.0000000000
 -24883.0000000000    0.0000000000    0.0000000000
 -24881.5000000000    0.0000000000    0.0000000000
 -24880.0000000000    0.0000000000    0.0000000000
 -24878.5000000000    0.0000000000    0.0000000000
 -24877.0000000000    0.0000000000    0.0000000000
 -24875.5000000000    0.0000000000    0.0000000000
 -24874.0000000000    0.0000000000    0.0000000000
 -24872.5000000000    0.0000000000    0.0000000000
 -24871.0000000000    0.0000000000    0.0000000000
 -24869.5000000000    0.0000000000    0.0000000000
 -24868.0000000000    0.0000000000    0.0000000000
 -24866.5000000000    0.0000000000    0.0000000000
 -24865.0000000000    0.0000000000    0.0000000000
 -24863.5000000000    0.0000000000    0.0000000000
 -24862.0000000000    0.0000000000    0.0000000000
 -24860.5000000000    0.0000000000    0.0000000000
 -24859.0000000000    0.0000000000    0.0000000000
 -24857.5000000000    0.0000000000    0.0000000000
 -24856.0000000000    0.0000000000    0.0000000000
 -24854.5000000000    0.0000000000    0.0000000000
 -24853.0000000000    0.0000000000    0.0000000000
 -24851.5000000000    0.0000000000    0.0000000000
 -24850.0000000000    0.0000000000    0.0000000000
 -24848.5000000000    0.0000000000    0.0000000000
 -24847.0000000000    0.0000000000    0.0000000000
 -24845.5000000000    0.0000000000    0.0000000000
 -24844.0000000000    0.0000000000    0.0000000000
 -24842.5000000000    0.0000000000    0.0000000000
 -24841.0000000000    0.0000000000    0.0000000000
 -24839.5000000000    0.0000000000    0.0000000000
 -24838.0000000000    0.0000000000    0.0000000000
 -24836.5000000000    0.0000000000    0.0000000000
 -24835.0000000000    0.0000000000    0.0000000000
 -24833.5000000000    0.0000000000    0.0000000000
 -24832.0000000000    0.0000000000    0.0000000000
 -24830.5000000000    0.0000000000    0.0000000000
 -24829.0000000000    0.0000000000    0.0000000000
 -24827.5000000000    0.0000000000    0.0000000000
 -24826.0000000000    0.0000000000    0.0000000000
 -24824.5000000000    0.0000000000    0.0000000000
 -24823.0000000000    0.0000000000    0.0000000000
 -24821.5000000000    0.0000000000    0.0000000000
 -24820.0000000000    0.0000000000    0.0000000000
 -24818.5000000000    0.0000000000    0.0000000000
 -24817.0000000000    0.0000000000    0.0000000000
 -24815.5000000000    0.0000000000    0.0000000000
 -24814.0000000000    0.0000000000    0.0000000000
 -24812.5000000000    0.0000000000    0.0000000000
 -24811.0000000000    0.0000000000    0.0000000000
 -24809.5000000000    0.0000000000    0.0000000000
 -24808.0000000000    0.0000000138    0.0000000010
 -24806.5000000000    0.0000000154    0.0000000011
 -24805.0000000000    0.0000000311    0.0000000022
 -24803.5000000000    0.0000000346    0.0000000024
 -24802.0000000000    0.0000000384    0.0000000027
 -24800.5000000000    0.0000000567    0.0000000039
 -24799.0000000000    0.0000000629    0.0000000043
 -24797.5000000000    0.0000000697    0.0000000048
 -24796.0000000000    0.0000000772    0.0000000052
 -24794.5000000000    0.0000000854    0.0000000057
 -24793.0000000000    0.0000000944    0.0000000063
 -24791.5000000000    0.0000001043    0.0000000069
 -24790.0000000000    0.0000001150    0.0000000075
 -24788.5000000000    0.0000001268    0.0000000082
 -24787.0000000000    0.0000001534    0.0000000099
 -24785.5000000000    0.0000001690    0.0000000108
 -24784.0000000000    0.0000001859    0.0000000118
 -24782.5000000000    0.0000002044    0.0000000129
 -24781.0000000000    0.0000002246    0.0000000140
 -24779.5000000000    0.0000002606    0.0000000162
 -24778.0000000000    0.0000002859    0.0000000176
 -24776.5000000000    0.0000003135    0.0000000191
 -24775.0000000000    0.0000003573    0.0000000218
 -24773.5000000000    0.0000003913    0.0000000236
 -24772.0000000000    0.0000004560    0.0000000276
 -24770.5000000000    0.0000005131    0.0000000309
 -24769.0000000000    0.0000005762    0.0000000345
 -24767.5000000000    0.0000006301    0.0000000374
 -24766.0000000000    0.0000007036    0.0000000416
 -24764.5000000000    0.0000007979    0.0000000471
 -24763.0000000000    0.0000008713    0.0000000509
 -24761.5000000000    0.0000009507    0.0000000550
 -24760.0000000000    0.0000010365    0.0000000594
 -24758.5000000000    0.0000011292    0.0000000641
 -24757.0000000000    0.0000012441    0.0000000702
 -24755.5000000000    0.0000013824    0.0000000777
 -24754.0000000000    0.0000015034    0.0000000837
 -24752.5000000000    0.0000016622    0.0000000921
 -24751.0000000000    0.0000018200    0.0000001001
 -24749.5000000000    0.0000019896    0.0000001086
 -24748.0000000000    0.0000021585    0.0000001167
 -24746.5000000000    0.0000023538    0.0000001262
 -24745.0000000000    0.0000025500    0.0000001354
 -24743.5000000000    0.0000027753    0.0000001462
 -24742.0000000000    0.0000030174    0.0000001577
 -24740.5000000000    0.0000032622    0.0000001688
 -24739.0000000000    0.0000035388    0.0000001816
 -24737.5000000000    0.0000038205    0.0000001941
 -24736.0000000000    0.0000041361    0.0000002084
 -24734.5000000000    0.0000045157    0.0000002264
 -24733.0000000000    0.0000048947    0.0000002436
 -24731.5000000000    0.0000052870    0.0000002608
 -24730.0000000000    0.0000057755    0.0000002839
 -24728.5000000000    0.0000062293    0.0000003035
 -24727.0000000000    0.0000067419    0.0000003263
 -24725.5000000000    0.0000072758    0.0000003493
 -24724.0000000000    0.0000078163    0.0000003716
 -24722.5000000000    0.0000084203    0.0000003970
 -24721.0000000000    0.0000090762    0.0000004248
 -24719.5000000000    0.0000097471    0.0000004520
 -24718.0000000000    0.0000104745    0.0000004816
 -24716.5000000000    0.0000112329    0.0000005118
 -24715.0000000000    0.0000120830    0.0000005466
 -24713.5000000000    0.0000129984    0.0000005840
 -24712.0000000000    0.0000139285    0.0000006204
 -24710.5000000000    0.0000149296    0.0000006596
 -24709.0000000000    0.0000159616    0.0000006987
 -24707.5000000000    0.0000170815    0.0000007415
 -24706.0000000000    0.0000183124    0.0000007896
 -24704.5000000000    0.0000195722    0.0000008369
 -24703.0000000000    0.0000208901    0.0000008853
 -24701.5000000000    0.0000222981    0.0000009370
 -24700.0000000000    0.0000238282    0.0000009941
 -24698.5000000000    0.0000254030    0.0000010508
 -24697.0000000000    0.0000270791    0.0000011110
 -24695.5000000000    0.0000289056    0.0000011780
 -24694.0000000000    0.0000308184    0.0000012470
 -24692.5000000000    0.0000327659    0.0000013141
 -24691.0000000000    0.0000348875    0.0000013890
 -24689.5000000000    0.0000370810    0.0000014642
 -24688.0000000000    0.0000394192    0.0000015446
 -24686.5000000000    0.0000418511    0.0000016264
 -24685.0000000000    0.0000444677    0.0000017158
 -24683.5000000000    0.0000471323    0.0000018026
 -24682.0000000000    0.0000499889    0.0000018971
 -24680.5000000000    0.0000529311    0.0000019911
 -24679.0000000000    0.0000560172    0.0000020887
 -24677.5000000000    0.0000592661    0.0000021909
 -24676.0000000000    0.0000626874    0.0000022980
 -24674.5000000000    0.0000662851    0.0000024099
 -24673.0000000000    0.0000700852    0.0000025282
 -24671.5000000000    0.0000740342    0.0000026488
 -24670.0000000000    0.0000781682    0.0000027737
 -24668.5000000000    0.0000824636    0.0000029010
 -24667.0000000000    0.0000869536    0.0000030326
 -24665.5000000000    0.0000917307    0.0000031747
 -24664.0000000000    0.0000966677    0.0000033179
 -24662.5000000000    0.0001017939    0.0000034638
 -24661.0000000000    0.0001072275    0.0000036204
 -24659.5000000000    0.0001128145    0.0000037763
 -24658.0000000000    0.0001186388    0.0000039370
 -24656.5000000000    0.0001247527    0.0000041058
 -24655.0000000000    0.0001311091    0.0000042788
 -24653.5000000000    0.0001377729    0.0000044601
 -24652.0000000000    0.0001446541    0.0000046429
 -24650.5000000000    0.0001518263    0.0000048319
 -24649.0000000000    0.0001593032    0.0000050275
 -24647.5000000000    0.0001671189    0.0000052316
 -24646.0000000000    0.0001751733    0.0000054366
 -24644.5000000000    0.0001836257    0.0000056531
 -24643.0000000000    0.0001924072    0.0000058758
 -24641.5000000000    0.0002014553    0.0000060995
 -24640.0000000000    0.0002108289    0.0000063279
 -24638.5000000000    0.0002205499    0.0000065619
 -24637.0000000000    0.0002307112    0.0000068076
 -24635.5000000000    0.0002411616    0.0000070536
 -24634.0000000000    0.0002520133    0.0000073071
 -24632.5000000000    0.0002631927    0.0000075624
 -24631.0000000000    0.0002748729    0.0000078311
 -24629.5000000000    0.0002869173    0.0000081028
 -24628.0000000000    0.0002993320    0.0000083773
 -24626.5000000000    0.0003122054    0.0000086603
 -24625.0000000000    0.0003255495    0.0000089518
 -24623.5000000000    0.0003393111    0.0000092474
 -24622.0000000000    0.0003534860    0.0000095461
 -24620.5000000000    0.0003680863    0.0000098482
 -24619.0000000000    0.0003832454    0.0000101624
 -24617.5000000000    0.0003987775    0.0000104748
 -24616.0000000000    0.0004148393    0.0000107959
 -24614.5000000000    0.0004313580    0.0000111198
 -24613.0000000000    0.0004483632    0.0000114480
 -24611.5000000000    0.0004659223    0.0000117846
 -24610.0000000000    0.0004839047    0.0000121196
 -24608.5000000000    0.0005024638    0.0000124633
 -24607.0000000000    0.0005214847    0.0000128068
 -24605.5000000000    0.0005410072    0.0000131525
 -24604.0000000000    0.0005611074    0.0000135050
 -24602.5000000000    0.0005818389    0.0000138676
 -24601.0000000000    0.0006029766    0.0000142236
 -24599.5000000000    0.0006246914    0.0000145847
 -24598.0000000000    0.0006468782    0.0000149427
 -24596.5000000000    0.0006696317    0.0000153041
 -24595.0000000000    0.0006930424    0.0000156746
 -24593.5000000000    0.0007169098    0.0000160395
 -24592.0000000000    0.0007413688    0.0000164080
 -24590.5000000000    0.0007662955    0.0000167708
 -24589.0000000000    0.0007918508    0.0000171391
 -24587.5000000000    0.0008179292    0.0000175049
 -24586.0000000000    0.0008445843    0.0000178717
 -24584.5000000000    0.0008718187    0.0000182395
 -24583.0000000000    0.0008995735    0.0000186036
 -24581.5000000000    0.0009277864    0.0000189597
 -24580.0000000000    0.0009566482    0.0000193210
 -24578.5000000000    0.0009860771    0.0000196816
 -24577.0000000000    0.0010159162    0.0000200302
 -24575.5000000000    0.0010462773    0.0000203748
 -24574.0000000000    0.0010772796    0.0000207239
 -24572.5000000000    0.0011087316    0.0000210638
 -24571.0000000000    0.0011406024    0.0000213925
 -24569.5000000000    0.0011730179    0.0000217192
 -24568.0000000000    0.0012058775    0.0000220369
 -24566.5000000000    0.0012393077    0.0000223548
 -24565.0000000000    0.0012731677    0.0000226632
 -24563.5000000000    0.0013075016    0.0000229656
 -24562.0000000000    0.0013422952    0.0000232613
 -24560.5000000000    0.0013775560    0.0000235515
 -24559.0000000000    0.0014131310    0.0000238256
 -24557.5000000000    0.0014490951    0.0000240896
 -24556.0000000000    0.0014855366    0.0000243505
 -24554.5000000000    0.0015222884    0.0000245968
 -24553.0000000000    0.0015594872    0.0000248392
 -24551.5000000000    0.0015969878    0.0000250680
 -24550.0000000000    0.0016348654    0.0000252894
 -24548.5000000000    0.0016730826    0.0000255015
 -24547.0000000000    0.0017115810    0.0000257010
 -24545.5000000000    0.0017504114    0.0000258925
 -24544.0000000000    0.0017894524    0.0000260684
 -24542.5000000000    0.0018287634    0.0000262338
 -24541.0000000000    0.0018683418    0.0000263897
 -24539.5000000000    0.0019080726    0.0000265289
 -24538.0000000000    0.0019480172    0.0000266570
 -24536.5000000000    0.0019881742    0.0000267750
 -24535.0000000000    0.0020284561    0.0000268778
 -24533.5000000000    0.0020689554    0.0000269733
 -24532.0000000000    0.0021096171    0.0000270587
 -24530.5000000000    0.0021503101    0.0000271260
 -24529.0000000000    0.0021911561    0.0000271851
 -24527.5000000000    0.0022320789    0.0000272318
 -24526.0000000000    0.0022730058    0.0000272624
 -24524.5000000000    0.0023139701    0.0000272805
 -24523.0000000000    0.0023549950    0.0000272892
 -24521.5000000000    0.0023960789    0.0000272895
 -24520.0000000000    0.0024370126    0.0000272681
 -24518.5000000000    0.0024780066    0.0000272412
 -24517.0000000000    0.0025189345    0.0000272013
 -24515.5000000000    0.0025597363    0.0000271454
 -24514.0000000000    0.0026004614    0.0000270784
 -24512.5000000000    0.0026410619    0.0000269983
 -24511.0000000000    0.0026815465    0.0000269071
 -24509.5000000000    0.0027218998    0.0000268051
 -24508.0000000000    0.0027621068    0.0000266924
 -24506.5000000000    0.0028021364    0.0000265684
 -24505.0000000000    0.0028419271    0.0000264298
 -24503.5000000000    0.0028815159    0.0000262808
 -24502.0000000000    0.0029208711    0.0000261204
 -24500.5000000000    0.0029600219    0.0000259520
 -24499.0000000000    0.0029988978    0.0000257717
 -24497.5000000000    0.0030374667    0.0000255787
 -24496.0000000000    0.0030756944    0.0000253718
 -24494.5000000000    0.0031136457    0.0000251569
 -24493.0000000000    0.0031512541    0.0000249305
 -24491.5000000000    0.0031885003    0.0000246925
 -24490.0000000000    0.0032253805    0.0000244437
 -24488.5000000000    0.0032618515    0.0000241825
 -24487.0000000000    0.0032979814    0.0000239148
 -24485.5000000000    0.0033336994    0.0000236368
 -24484.0000000000    0.0033689519    0.0000233457
 -24482.5000000000    0.0034037590    0.0000230443
 -24481.0000000000    0.0034381060    0.0000227327
 -24479.5000000000    0.0034719931    0.0000224120
 -24478.0000000000    0.0035053921    0.0000220813
 -24476.5000000000    0.0035383014    0.0000217416
 -24475.0000000000    0.0035706507    0.0000213891
 -24473.5000000000    0.0036024920    0.0000210286
 -24472.0000000000    0.0036337850    0.0000206583
 -24470.5000000000    0.0036645018    0.0000202773
 -24469.0000000000    0.0036946530    0.0000198874
 -24467.5000000000    0.0037241843    0.0000194860
 -24466.0000000000    0.0037531643    0.0000190788
 -24464.5000000000    0.0037814972    0.0000186603
 -24463.0000000000    0.0038091663    0.0000182302
 -24461.5000000000    0.0038361972    0.0000177915
 -24460.0000000000    0.0038625628    0.0000173433
 -24458.5000000000    0.0038882491    0.0000168857
 -24457.0000000000    0.0039132278    0.0000164177
 -24455.5000000000    0.0039375404    0.0000159434
 -24454.0000000000    0.0039611206    0.0000154590
 -24452.5000000000    0.0039839379    0.0000149656
 -24451.0000000000    0.0040060233    0.0000144619
 -24449.5000000000    0.0040273173    0.0000139493
 -24448.0000000000    0.0040478640    0.0000134275
 -24446.5000000000    0.0040676077    0.0000128960
 -24445.0000000000    0.0040865476    0.0000123577
 -24443.5000000000    0.0041047163    0.0000118118
 -24442.0000000000    0.0041220172    0.0000112546
 -24440.5000000000    0.0041384759    0.0000106890
 -24439.0000000000    0.0041541368    0.0000101192
 -24437.5000000000    0.0041688944    0.0000095387
 -24436.0000000000    0.0041827614    0.0000089494
 -24434.5000000000    0.0041957528    0.0000083534
 -24433.0000000000    0.0042078594    0.0000077510
 -24431.5000000000    0.0042190132    0.0000071405
 -24430.0000000000    0.0042292608    0.0000065218
 -24428.5000000000    0.0042385899    0.0000058973
 -24427.0000000000    0.0042470061    0.0000052683
 -24425.5000000000    0.0042544308    0.0000046302
 -24424.0000000000    0.0042608933    0.0000039881
 -24422.5000000000    0.0042664025    0.0000033391
 -24421.0000000000    0.0042709349    0.0000026848
 -24419.5000000000    0.0042744677    0.0000020266
 -24418.0000000000    0.0042770092    0.0000013614
 -24416.5000000000    0.0042785198    0.0000006938
 -24415.0000000000    0.0042790407    0.0000000208
 -24413.5000000000    0.0042785500   -0.0000006561
 -24412.0000000000    0.0042770693   -0.0000013365
 -24410.5000000000    0.0042745381   -0.0000020198
 -24409.0000000000    0.0042709654   -0.0000027047
 -24407.5000000000    0.0042664062   -0.0000033930
 -24406.0000000000    0.0042608126   -0.0000040830
 -24404.5000000000    0.0042541691   -0.0000047752
 -24403.0000000000    0.0042464865   -0.0000054683
 -24401.5000000000    0.0042377651   -0.0000061598
 -24400.0000000000    0.0042279769   -0.0000068511
 -24398.5000000000    0.0042171803   -0.0000075442
 -24397.0000000000    0.0042053158   -0.0000082342
 -24395.5000000000    0.0041924321   -0.0000089239
 -24394.0000000000    0.0041785145   -0.0000096116
 -24392.5000000000    0.0041635821   -0.0000102978
 -24391.0000000000    0.0041476077   -0.0000109800
 -24389.5000000000    0.0041306419   -0.0000116586
 -24388.0000000000    0.0041126331   -0.0000123330
 -24386.5000000000    0.0040936161   -0.0000130028
 -24385.0000000000    0.0040736258   -0.0000136674
 -24383.5000000000    0.0040526149   -0.0000143261
 -24382.0000000000    0.0040306348   -0.0000149795
 -24380.5000000000    0.0040076655   -0.0000156250
 -24379.0000000000    0.0039836893   -0.0000162599
 -24377.5000000000    0.0039587956   -0.0000168892
 -24376.0000000000    0.0039329797   -0.0000175111
 -24374.5000000000    0.0039061637   -0.0000181185
 -24373.0000000000    0.0038785166   -0.0000187219
 -24371.5000000000    0.0038499432   -0.0000193130
 -24370.0000000000    0.0038205061   -0.0000198943
 -24368.5000000000    0.0037902340   -0.0000204664
 -24367.0000000000    0.0037590848   -0.0000210242
 -24365.5000000000    0.0037270920   -0.0000215685
 -24364.0000000000    0.0036943221   -0.0000221020
 -24362.5000000000    0.0036607481   -0.0000226208
 -24361.0000000000    0.0036264206   -0.0000231265
 -24359.5000000000    0.0035913045   -0.0000236146
 -24358.0000000000    0.0035554505   -0.0000240866
 -24356.5000000000    0.0035189432   -0.0000245464
 -24355.0000000000    0.0034817596   -0.0000249880
 -24353.5000000000    0.0034439391   -0.0000254162
 -24352.0000000000    0.0034054595   -0.0000258252
 -24350.5000000000    0.0033663383   -0.0000262139
 -24349.0000000000    0.0033266882   -0.0000265882
 -24347.5000000000    0.0032865046   -0.0000269454
 -24346.0000000000    0.0032457860   -0.0000272832
 -24344.5000000000    0.0032045315   -0.0000275991
 -24343.0000000000    0.0031628604   -0.0000278993
 -24341.5000000000    0.0031207393   -0.0000281790
 -24340.0000000000    0.0030781560   -0.0000284353
 -24338.5000000000    0.0030352153   -0.0000286730
 -24337.0000000000    0.0029920053   -0.0000288963
 -24335.5000000000    0.0029484030   -0.0000290940
 -24334.0000000000    0.0029045626   -0.0000292749
 -24332.5000000000    0.0028604380   -0.0000294335
 -24331.0000000000    0.0028161187   -0.0000295738
 -24329.5000000000    0.0027715488   -0.0000296897
 -24328.0000000000    0.0027269038   -0.0000297915
 -24326.5000000000    0.0026820658   -0.0000298688
 -24325.0000000000    0.0026371831   -0.0000299299
 -24323.5000000000    0.0025922242   -0.0000299706
 -24322.0000000000    0.0025472044   -0.0000299900
 -24320.5000000000    0.0025021581   -0.0000299886
 -24319.0000000000    0.0024571126   -0.0000299664
 -24317.5000000000    0.0024120888   -0.0000299231
 -24316.0000000000    0.0023671696   -0.0000298628
 -24314.5000000000    0.0023223560   -0.0000297839
 -24313.0000000000    0.0022777029   -0.0000296886
 -24311.5000000000    0.0022332067   -0.0000295752
 -24310.0000000000    0.0021888078   -0.0000294379
 -24308.5000000000    0.0021446855   -0.0000292880
 -24307.0000000000    0.0021008291   -0.0000291233
 -24305.5000000000    0.0020571446   -0.0000289360
 -24304.0000000000    0.0020138395   -0.0000287396
 -24302.5000000000    0.0019708407   -0.0000285277
 -24301.0000000000    0.0019281293   -0.0000282980
 -24299.5000000000    0.0018857874   -0.0000280554
 -24298.0000000000    0.0018437774   -0.0000277962
 -24296.5000000000    0.0018022218   -0.0000275283
 -24295.0000000000    0.0017610757   -0.0000272459
 -24293.5000000000    0.0017203364   -0.0000269518
 -24292.0000000000    0.0016800015   -0.0000266436
 -24290.5000000000    0.0016402085   -0.0000263303
 -24289.0000000000    0.0016008068   -0.0000260010
 -24287.5000000000    0.0015619055   -0.0000256629
 -24286.0000000000    0.0015235894   -0.0000253218
 -24284.5000000000    0.0014858052   -0.0000249738
 -24283.0000000000    0.0014485496   -0.0000246183
 -24281.5000000000    0.0014117446   -0.0000242498
 -24280.0000000000    0.0013755851   -0.0000238820
 -24278.5000000000    0.0013399523   -0.0000235065
 -24277.0000000000    0.0013049443   -0.0000231304
 -24275.5000000000    0.0012703877   -0.0000227415
 -24274.0000000000    0.0012364597   -0.0000223525
 -24272.5000000000    0.0012031622   -0.0000219638
 -24271.0000000000    0.0011704065   -0.0000215694
 -24269.5000000000    0.0011381996   -0.0000211701
 -24268.0000000000    0.0011066259   -0.0000207721
 -24266.5000000000    0.0010756730   -0.0000203750
 -24265.0000000000    0.0010453470   -0.0000199798
 -24263.5000000000    0.0010155146   -0.0000195773
 -24262.0000000000    0.0009863842   -0.0000191829
 -24260.5000000000    0.0009577874   -0.0000187852
 -24259.0000000000    0.0009298153   -0.0000183910
 -24257.5000000000    0.0009024305   -0.0000179984
 -24256.0000000000    0.0008755764   -0.0000176038
 -24254.5000000000    0.0008493995   -0.0000172184
 -24253.0000000000    0.0008237268   -0.0000168303
 -24251.5000000000    0.0007986920   -0.0000164497
 -24250.0000000000    0.0007742383   -0.0000160732
 -24248.5000000000    0.0007502888   -0.0000156961
 -24247.0000000000    0.0007268010   -0.0000153158
 -24245.5000000000    0.0007040272   -0.0000149509
 -24244.0000000000    0.0006817532   -0.0000145869
 -24242.5000000000    0.0006600941   -0.0000142326
 -24241.0000000000    0.0006389344   -0.0000138806
 -24239.5000000000    0.0006181836   -0.0000135249
 -24238.0000000000    0.0005980633   -0.0000131820
 -24236.5000000000    0.0005784110   -0.0000128410
 -24235.0000000000    0.0005593536   -0.0000125114
 -24233.5000000000    0.0005406991   -0.0000121805
 -24232.0000000000    0.0005225653   -0.0000118570
 -24230.5000000000    0.0005048841   -0.0000115369
 -24229.0000000000    0.0004876512   -0.0000112203
 -24227.5000000000    0.0004709161   -0.0000109115
 -24226.0000000000    0.0004547260   -0.0000106143
 -24224.5000000000    0.0004388648   -0.0000103141
 -24223.0000000000    0.0004234192   -0.0000100176
 -24221.5000000000    0.0004085441   -0.0000097362
 -24220.0000000000    0.0003940894   -0.0000094601
 -24218.5000000000    0.0003799140   -0.0000091796
 -24217.0000000000    0.0003662279   -0.0000089103
 -24215.5000000000    0.0003530268   -0.0000086524
 -24214.0000000000    0.0003401500   -0.0000083950
 -24212.5000000000    0.0003277003   -0.0000081460
 -24211.0000000000    0.0003155183   -0.0000078946
 -24209.5000000000    0.0003037534   -0.0000076517
 -24208.0000000000    0.0002923367   -0.0000074132
 -24206.5000000000    0.0002812569   -0.0000071786
 -24205.0000000000    0.0002704970   -0.0000069472
 -24203.5000000000    0.0002601949   -0.0000067293
 -24202.0000000000    0.0002502298   -0.0000065169
 -24200.5000000000    0.0002404957   -0.0000063028
 -24199.0000000000    0.0002311489   -0.0000060987
 -24197.5000000000    0.0002220171   -0.0000058927
 -24196.0000000000    0.0002132511   -0.0000056960
 -24194.5000000000    0.0002047321   -0.0000055007
 -24193.0000000000    0.0001964890   -0.0000053091
 -24191.5000000000    0.0001885584   -0.0000051243
 -24190.0000000000    0.0001808559   -0.0000049408
 -24188.5000000000    0.0001735003   -0.0000047674
 -24187.0000000000    0.0001663876   -0.0000045972
 -24185.5000000000    0.0001594976   -0.0000044291
 -24184.0000000000    0.0001529271   -0.0000042705
 -24182.5000000000    0.0001465770   -0.0000041147
 -24181.0000000000    0.0001404296   -0.0000039609
 -24179.5000000000    0.0001345531   -0.0000038142
 -24178.0000000000    0.0001288226   -0.0000036662
 -24176.5000000000    0.0001232815   -0.0000035204
 -24175.0000000000    0.0001180406   -0.0000033850
 -24173.5000000000    0.0001129463   -0.0000032494
 -24172.0000000000    0.0001080499   -0.0000031177
 -24170.5000000000    0.0001034060   -0.0000029941
 -24169.0000000000    0.0000989458   -0.0000028741
 -24167.5000000000    0.0000946196   -0.0000027545
 -24166.0000000000    0.0000904100   -0.0000026344
 -24164.5000000000    0.0000865230   -0.0000025288
 -24163.0000000000    0.0000826929   -0.0000024191
 -24161.5000000000    0.0000790365   -0.0000023140
 -24160.0000000000    0.0000755927   -0.0000022166
 -24158.5000000000    0.0000722805   -0.0000021213
 -24157.0000000000    0.0000691224   -0.0000020301
 -24155.5000000000    0.0000660834   -0.0000019409
 -24154.0000000000    0.0000631615   -0.0000018538
 -24152.5000000000    0.0000603548   -0.0000017688
 -24151.0000000000    0.0000576734   -0.0000016870
 -24149.5000000000    0.0000551542   -0.0000016113
 -24148.0000000000    0.0000527323   -0.0000015373
 -24146.5000000000    0.0000504177   -0.0000014660
 -24145.0000000000    0.0000481663   -0.0000013945
 -24143.5000000000    0.0000460346   -0.0000013271
 -24142.0000000000    0.0000440307   -0.0000012645
 -24140.5000000000    0.0000421616   -0.0000012075
 -24139.0000000000    0.0000403323   -0.0000011495
 -24137.5000000000    0.0000386043   -0.0000010952
 -24136.0000000000    0.0000369702   -0.0000010441
 -24134.5000000000    0.0000354102   -0.0000009951
 -24133.0000000000    0.0000339514   -0.0000009503
 -24131.5000000000    0.0000325020   -0.0000009034
 -24130.0000000000    0.0000311187   -0.0000008584
 -24128.5000000000    0.0000298466   -0.0000008188
 -24127.0000000000    0.0000286314   -0.0000007809
 -24125.5000000000    0.0000274716   -0.0000007447
 -24124.0000000000    0.0000263511   -0.0000007092
 -24122.5000000000    0.0000252831   -0.0000006755
 -24121.0000000000    0.0000242495   -0.0000006424
 -24119.5000000000    0.0000233074   -0.0000006140
 -24118.0000000000    0.0000223775   -0.0000005849
 -24116.5000000000    0.0000214900   -0.0000005573
 -24115.0000000000    0.0000206583   -0.0000005322
 -24113.5000000000    0.0000198476   -0.0000005073
 -24112.0000000000    0.0000191029   -0.0000004859
 -24110.5000000000    0.0000183327   -0.0000004614
 -24109.0000000000    0.0000176263   -0.0000004404
 -24107.5000000000    0.0000169792   -0.0000004226
 -24106.0000000000    0.0000163437   -0.0000004046
 -24104.5000000000    0.0000157341   -0.0000003876
 -24103.0000000000    0.0000151494   -0.0000003715
 -24101.5000000000    0.0000146030   -0.0000003573
 -24100.0000000000    0.0000140338   -0.0000003407
 -24098.5000000000    0.0000135034   -0.0000003262
 -24097.0000000000    0.0000130085   -0.0000003134
 -24095.5000000000    0.0000125323   -0.0000003014
 -24094.0000000000    0.0000120880   -0.0000002910
 -24092.5000000000    0.0000116438   -0.0000002801
 -24091.0000000000    0.0000112307   -0.0000002708
 -24089.5000000000    0.0000108171   -0.0000002609
 -24088.0000000000    0.0000103885   -0.0000002495
 -24086.5000000000    0.0000100201   -0.0000002418
 -24085.0000000000    0.0000096630   -0.0000002344
 -24083.5000000000    0.0000092583   -0.0000002232
 -24082.0000000000    0.0000089135   -0.0000002157
 -24080.5000000000    0.0000085945   -0.0000002097
 -24079.0000000000    0.0000082697   -0.0000002028
 -24077.5000000000    0.0000079412   -0.0000001951
 -24076.0000000000    0.0000076524   -0.0000001899
 -24074.5000000000    0.0000073713   -0.0000001849
 -24073.0000000000    0.0000070837   -0.0000001789
 -24071.5000000000    0.0000067761   -0.0000001711
 -24070.0000000000    0.0000065227   -0.0000001668
 -24068.5000000000    0.0000062613   -0.0000001615
 -24067.0000000000    0.0000060072   -0.0000001563
 -24065.5000000000    0.0000057615   -0.0000001513
 -24064.0000000000    0.0000055237   -0.0000001465
 -24062.5000000000    0.0000053067   -0.0000001428
 -24061.0000000000    0.0000050951   -0.0000001392
 -24059.5000000000    0.0000048891   -0.0000001355
 -24058.0000000000    0.0000046886   -0.0000001319
 -24056.5000000000    0.0000044789   -0.0000001272
 -24055.0000000000    0.0000042907   -0.0000001237
 -24053.5000000000    0.0000041077   -0.0000001203
 -24052.0000000000    0.0000039158   -0.0000001158
 -24050.5000000000    0.0000037299   -0.0000001114
 -24049.0000000000    0.0000035652   -0.0000001082
 -24047.5000000000    0.0000034054   -0.0000001050
 -24046.0000000000    0.0000032365   -0.0000001008
 -24044.5000000000    0.0000030877   -0.0000000977
 -24043.0000000000    0.0000029435   -0.0000000946
 -24041.5000000000    0.0000028039   -0.0000000915
 -24040.0000000000    0.0000026690   -0.0000000884
 -24038.5000000000    0.0000025386   -0.0000000854
 -24037.0000000000    0.0000024127   -0.0000000824
 -24035.5000000000    0.0000022913   -0.0000000795
 -24034.0000000000    0.0000021600   -0.0000000755
 -24032.5000000000    0.0000020488   -0.0000000727
 -24031.0000000000    0.0000019418   -0.0000000700
 -24029.5000000000    0.0000018239   -0.0000000662
 -24028.0000000000    0.0000017265   -0.0000000636
 -24026.5000000000    0.0000016330   -0.0000000611
 -24025.0000000000    0.0000015432   -0.0000000586
 -24023.5000000000    0.0000014572   -0.0000000561
 -24022.0000000000    0.0000013748   -0.0000000537
 -24020.5000000000    0.0000012960   -0.0000000514
 -24019.0000000000    0.0000012206   -0.0000000491
 -24017.5000000000    0.0000011487   -0.0000000468
 -24016.0000000000    0.0000010801   -0.0000000447
 -24014.5000000000    0.0000010147   -0.0000000425
 -24013.0000000000    0.0000009525   -0.0000000405
 -24011.5000000000    0.0000008933   -0.0000000385
 -24010.0000000000    0.0000008371   -0.0000000365
 -24008.5000000000    0.0000007837   -0.0000000346
 -24007.0000000000    0.0000007331   -0.0000000328
 -24005.5000000000    0.0000006852   -0.0000000311
 -24004.0000000000    0.0000006399   -0.0000000294
 -24002.5000000000    0.0000005971   -0.0000000278
 -24001.0000000000    0.0000005566   -0.0000000262
 -23999.5000000000    0.0000005047   -0.0000000237
 -23998.0000000000    0.0000004702   -0.0000000224
 -23996.5000000000    0.0000004376   -0.0000000211
 -23995.0000000000    0.0000004069   -0.0000000199
 -23993.5000000000    0.0000003780   -0.0000000187
 -23992.0000000000    0.0000003508   -0.0000000175
 -23990.5000000000    0.0000003253   -0.0000000165
 -23989.0000000000    0.0000003014   -0.0000000154
 -23987.5000000000    0.0000002790   -0.0000000145
 -23986.0000000000    0.0000002581   -0.0000000135
 -23984.5000000000    0.0000002384   -0.0000000126
 -23983.0000000000    0.0000002201   -0.0000000118
 -23981.5000000000    0.0000002030   -0.0000000110
 -23980.0000000000    0.0000001871   -0.0000000103
 -23978.5000000000    0.0000001723   -0.0000000095
 -23977.0000000000    0.0000001584   -0.0000000089
 -23975.5000000000    0.0000001456   -0.0000000082
 -23974.0000000000    0.0000001337   -0.0000000076
 -23972.5000000000    0.0000001227   -0.0000000071
 -23971.0000000000    0.0000001124   -0.0000000066
 -23969.5000000000    0.0000001029   -0.0000000061
 -23968.0000000000    0.0000000942   -0.0000000056
 -23966.5000000000    0.0000000861   -0.0000000052
 -23965.0000000000    0.0000000786   -0.0000000048
 -23963.5000000000    0.0000000717   -0.0000000044
 -23962.0000000000    0.0000000654   -0.0000000041
 -23960.5000000000    0.0000000596   -0.0000000037
 -23959.0000000000    0.0000000542   -0.0000000034
 -23957.5000000000    0.0000000493   -0.0000000031
 -23956.0000000000    0.0000000448   -0.0000000029
 -23954.5000000000    0.0000000406   -0.0000000026
 -23953.0000000000    0.0000000368   -0.0000000024
 -23951.5000000000    0.0000000334   -0.0000000022
 -23950.0000000000    0.0000000302   -0.0000000020
 -23948.5000000000    0.0000000273   -0.0000000018
 -23947.0000000000    0.0000000247   -0.0000000017
 -23945.5000000000    0.0000000223   -0.0000000015
 -23944.0000000000    0.0000000201   -0.0000000014
 -23942.5000000000    0.0000000181   -0.0000000013
 -23941.0000000000    0.0000000163   -0.0000000011
 -23939.5000000000    0.0000000000    0.0000000000
 -23938.0000000000    0.0000000000    0.0000000000
 -23936.5000000000    0.0000000000    0.0000000000
 -23935.0000000000    0.0000000000    0.0000000000
 -23933.5000000000    0.0000000000    0.0000000000
 -23932.0000000000    0.0000000000    0.0000000000
 -23930.5000000000    0.0000000000    0.0000000000
 -23929.0000000000    0.0000000000    0.0000000000
 -23927.5000000000    0.0000000000    0.0000000000
 -23926.0000000000    0.0000000000    0.0000000000
 -23924.5000000000    0.0000000000    0.0000000000
 -23923.0000000000    0.0000000000    0.0000000000
 -23921.5000000000    0.0000000000    0.0000000000
 -23920.0000000000    0.0000000000    0.0000000000
 -23918.5000000000    0.0000000000    0.0000000000
 -23917.0000000000    0.0000000000    0.0000000000
 -23915.5000000000    0.0000000000    0.0000000000
 -23914.0000000000    0.0000000000    0.0000000000
 -23912.5000000000    0.0000000000    0.0000000000
 -23911.0000000000    0.0000000000    0.0000000000
 -23909.5000000000    0.0000000000    0.0000000000
 -23908.0000000000    0.0000000000    0.0000000000
 -23906.5000000000    0.0000000000    0.0000000000
 -23905.0000000000    0.0000000000    0.0000000000
 -23903.5000000000    0.0000000000    0.0000000000
 -23902.0000000000    0.0000000000    0.0000000000
 -23900.5000000000    0.0000000000    0.0000000000
 -23899.0000000000    0.0000000000    0.0000000000
 -23897.5000000000    0.0000000000    0.0000000000
 -23896.0000000000    0.0000000000    0.0000000000
 -23894.5000000000    0.0000000000    0.0000000000
 -23893.0000000000    0.0000000000    0.0000000000
 -23891.5000000000    0.0000000000    0.0000000000
 -23890.0000000000    0.0000000000    0.0000000000
 -23888.5000000000    0.0000000000    0.0000000000
 -23887.0000000000    0.0000000000    0.0000000000
 -23885.5000000000    0.0000000000    0.0000000000
 -23884.0000000000    0.0000000000    0.0000000000
 -23882.5000000000    0.0000000000    0.0000000000
 -23881.0000000000    0.0000000000    0.0000000000
 -23879.5000000000    0.0000000000    0.0000000000
 -23878.0000000000    0.0000000000    0.0000000000
 -23876.5000000000    0.0000000000    0.0000000000
 -23875.0000000000    0.0000000000    0.0000000000
 -23873.5000000000    0.0000000000    0.0000000000
 -23872.0000000000    0.0000000000    0.0000000000
 -23870.5000000000    0.0000000000    0.0000000000
 -23869.0000000000    0.0000000000    0.0000000000
 -23867.5000000000    0.0000000000    0.0000000000
 -23866.0000000000    0.0000000000    0.0000000000
 -23864.5000000000    0.0000000000    0.0000000000
 -23863.0000000000    0.0000000000    0.0000000000
 -23861.5000000000    0.0000000000    0.0000000000
 -23860.0000000000    0.0000000000    0.0000000000
 -23858.5000000000    0.0000000000    0.0000000000
 -23857.0000000000    0.0000000000    0.0000000000
 -23855.5000000000    0.0000000000    0.0000000000
 -23854.0000000000    0.0000000000    0.0000000000
 -23852.5000000000    0.0000000000    0.0000000000
 -23851.0000000000    0.0000000000    0.0000000000
 -23849.5000000000    0.0000000000    0.0000000000
 -23848.0000000000    0.0000000000    0.0000000000
 -23846.5000000000    0.0000000000    0.0000000000
 -23845.0000000000    0.0000000000    0.0000000000
 -23843.5000000000    0.0000000000    0.0000000000
 -23842.0000000000    0.0000000000    0.0000000000
 -23840.5000000000    0.0000000000    0.0000000000
 -23839.0000000000    0.0000000000    0.0000000000
 -23837.5000000000    0.0000000000    0.0000000000
 -23836.0000000000    0.0000000000    0.0000000000
 -23834.5000000000    0.0000000000    0.0000000000
 -23833.0000000000    0.0000000000    0.0000000000
 -23831.5000000000    0.0000000000    0.0000000000
 -23830.0000000000    0.0000000000    0.0000000000
 -23828.5000000000    0.0000000000    0.0000000000
 -23827.0000000000    0.0000000000    0.0000000000
 -23825.5000000000    0.0000000000    0.0000000000
 -23824.0000000000    0.0000000000    0.0000000000
 -23822.5000000000    0.0000000000    0.0000000000
 -23821.0000000000    0.0000000000    0.0000000000
 -23819.5000000000    0.0000000000    0.0000000000
 -23818.0000000000    0.0000000000    0.0000000000
 -23816.5000000000    0.0000000000    0.0000000000
 -23815.0000000000    0.0000000000    0.0000000000
 -23813.5000000000    0.0000000000    0.0000000000
 -23812.0000000000    0.0000000000    0.0000000000
 -23810.5000000000    0.0000000000    0.0000000000
 -23809.0000000000    0.0000000000    0.0000000000
 -23807.5000000000    0.0000000000    0.0000000000
 -23806.0000000000    0.0000000000    0.0000000000
 -23804.5000000000    0.0000000000    0.0000000000
 -23803.0000000000    0.0000000000    0.0000000000
 -23801.5000000000    0.0000000000    0.0000000000
 -23800.0000000000    0.0000000000    0.0000000000
 -23798.5000000000    0.0000000000    0.0000000000
 -23797.0000000000    0.0000000000    0.0000000000
 -23795.5000000000    0.0000000000    0.0000000000
 -23794.0000000000    0.0000000000    0.0000000000
 -23792.5000000000    0.0000000000    0.0000000000
 -23791.0000000000    0.0000000000    0.0000000000
 -23789.5000000000    0.0000000000    0.0000000000
 -23788.0000000000    0.0000000000    0.0000000000
 -23786.5000000000    0.0000000000    0.0000000000
 -23785.0000000000    0.0000000000    0.0000000000
 -23783.5000000000    0.0000000000    0.0000000000
 -23782.0000000000    0.0000000000    0.0000000000
 -23780.5000000000    0.0000000000    0.0000000000
 -23779.0000000000    0.0000000000    0.0000000000
 -23777.5000000000    0.0000000000    0.0000000000
 -23776.0000000000    0.0000000000    0.0000000000
 -23774.5000000000    0.0000000000    0.0000000000
 -23773.0000000000    0.0000000000    0.0000000000
 -23771.5000000000    0.0000000000    0.0000000000
 -23770.0000000000    0.0000000000    0.0000000000
 -23768.5000000000    0.0000000000    0.0000000000
 -23767.0000000000    0.0000000000    0.0000000000
 -23765.5000000000    0.0000000000    0.0000000000
 -23764.0000000000    0.0000000000    0.0000000000
 -23762.5000000000    0.0000000000    0.0000000000
 -23761.0000000000    0.0000000000    0.0000000000
 -23759.5000000000    0.0000000000    0.0000000000
 -23758.0000000000    0.0000000000    0.0000000000
 -23756.5000000000    0.0000000000    0.0000000000
 -23755.0000000000    0.0000000000    0.0000000000
 -23753.5000000000    0.0000000000    0.0000000000
 -23752.0000000000    0.0000000000    0.0000000000
 -23750.5000000000    0.0000000000    0.0000000000
 -23749.0000000000    0.0000000000    0.0000000000
 -23747.5000000000    0.0000000000    0.0000000000
 -23746.0000000000    0.0000000000    0.0000000000
 -23744.5000000000    0.0000000000    0.0000000000
 -23743.0000000000    0.0000000000    0.0000000000
 -23741.5000000000    0.0000000000    0.0000000000
 -23740.0000000000    0.0000000000    0.0000000000
 -23738.5000000000    0.0000000000    0.0000000000
 -23737.0000000000    0.0000000000    0.0000000000
 -23735.5000000000    0.0000000000    0.0000000000
 -23734.0000000000    0.0000000000    0.0000000000
 -23732.5000000000    0.0000000000    0.0000000000
 -23731.0000000000    0.0000000000    0.0000000000
 -23729.5000000000    0.0000000000    0.0000000000
 -23728.0000000000    0.0000000000    0.0000000000
 -23726.5000000000    0.0000000000    0.0000000000
 -23725.0000000000    0.0000000000    0.0000000000
 -23723.5000000000    0.0000000000    0.0000000000
 -23722.0000000000    0.0000000000    0.0000000000
 -23720.5000000000    0.0000000000    0.0000000000
 -23719.0000000000    0.0000000000    0.0000000000
 -23717.5000000000    0.0000000000    0.0000000000
 -23716.0000000000    0.0000000000    0.0000000000
 -23714.5000000000    0.0000000000    0.0000000000
 -23713.0000000000    0.0000000000    0.0000000000
 -23711.5000000000    0.0000000000    0.0000000000
 -23710.0000000000    0.0000000000    0.0000000000
 -23708.5000000000    0.0000000000    0.0000000000
 -23707.0000000000    0.0000000000    0.0000000000
 -23705.5000000000    0.0000000000    0.0000000000
 -23704.0000000000    0.0000000000    0.0000000000
 -23702.5000000000    0.0000000000    0.0000000000
 -23701.0000000000    0.0000000000    0.0000000000
 -23699.5000000000    0.0000000000    0.0000000000
 -23698.0000000000    0.0000000000    0.0000000000
 -23696.5000000000    0.0000000000    0.0000000000
 -23695.0000000000    0.0000000000    0.0000000000
 -23693.5000000000    0.0000000000    0.0000000000
 -23692.0000000000    0.0000000000    0.0000000000
 -23690.5000000000    0.0000000000    0.0000000000
 -23689.0000000000    0.0000000000    0.0000000000
 -23687.5000000000    0.0000000000    0.0000000000
 -23686.0000000000    0.0000000000    0.0000000000
 -23684.5000000000    0.0000000000    0.0000000000
 -23683.0000000000    0.0000000000    0.0000000000
 -23681.5000000000    0.0000000000    0.0000000000
 -23680.0000000000    0.0000000000    0.0000000000
 -23678.5000000000    0.0000000000    0.0000000000
 -23677.0000000000    0.0000000000    0.0000000000
 -23675.5000000000    0.0000000000    0.0000000000
 -23674.0000000000    0.0000000000    0.0000000000
 -23672.5000000000    0.0000000000    0.0000000000
 -23671.0000000000    0.0000000000    0.0000000000
 -23669.5000000000    0.0000000000    0.0000000000
 -23668.0000000000    0.0000000000    0.0000000000
 -23666.5000000000    0.0000000000    0.0000000000
 -23665.0000000000    0.0000000000    0.0000000000
 -23663.5000000000    0.0000000000    0.0000000000
 -23662.0000000000    0.0000000000    0.0000000000
 -23660.5000000000    0.0000000000    0.0000000000
 -23659.0000000000    0.0000000000    0.0000000000
 -23657.5000000000    0.0000000000    0.0000000000
 -23656.0000000000    0.0000000000    0.0000000000
 -23654.5000000000    0.0000000000    0.0000000000
 -23653.0000000000    0.0000000000    0.0000000000
 -23651.5000000000    0.0000000000    0.0000000000
 -23650.0000000000    0.0000000000    0.0000000000
 -23648.5000000000    0.0000000000    0.0000000000
 -23647.0000000000    0.0000000000    0.0000000000
 -23645.5000000000    0.0000000000    0.0000000000
 -23644.0000000000    0.0000000000    0.0000000000
 -23642.5000000000    0.0000000000    0.0000000000
 -23641.0000000000    0.0000000000    0.0000000000
 -23639.5000000000    0.0000000000    0.0000000000
 -23638.0000000000    0.0000000000    0.0000000000
 -23636.5000000000    0.0000000000    0.0000000000
 -23635.0000000000    0.0000000000    0.0000000000
 -23633.5000000000    0.0000000000    0.0000000000
 -23632.0000000000    0.0000000000    0.0000000000
 -23630.5000000000    0.0000000000    0.0000000000
 -23629.0000000000    0.0000000000    0.0000000000
 -23627.5000000000    0.0000000000    0.0000000000
 -23626.0000000000    0.0000000000    0.0000000000
 -23624.5000000000    0.0000000000    0.0000000000
 -23623.0000000000    0.0000000000    0.0000000000
 -23621.5000000000    0.0000000000    0.0000000000
 -23620.0000000000    0.0000000000    0.0000000000
 -23618.5000000000    0.0000000000    0.0000000000
 -23617.0000000000    0.0000000000    0.0000000000
 -23615.5000000000    0.0000000000    0.0000000000
 -23614.0000000000    0.0000000000    0.0000000000
 -23612.5000000000    0.0000000000    0.0000000000
 -23611.0000000000    0.0000000000    0.0000000000
 -23609.5000000000    0.0000000000    0.0000000000
 -23608.0000000000    0.0000000000    0.0000000000
 -23606.5000000000    0.0000000000    0.0000000000
 -23605.0000000000    0.0000000000    0.0000000000
 -23603.5000000000    0.0000000000    0.0000000000
 -23602.0000000000    0.0000000000    0.0000000000
 -23600.5000000000    0.0000000000    0.0000000000
 -23599.0000000000    0.0000000000    0.0000000000
 -23597.5000000000    0.0000000000    0.0000000000
 -23596.0000000000    0.0000000000    0.0000000000
 -23594.5000000000    0.0000000000    0.0000000000
 -23593.0000000000    0.0000000000    0.0000000000
 -23591.5000000000    0.0000000000    0.0000000000
 -23590.0000000000    0.0000000000    0.0000000000
 -23588.5000000000    0.0000000000    0.0000000000
 -23587.0000000000    0.0000000000    0.0000000000
 -23585.5000000000    0.0000000000    0.0000000000
 -23584.0000000000    0.0000000000    0.0000000000
 -23582.5000000000    0.0000000000    0.0000000000
 -23581.0000000000    0.0000000000    0.0000000000
 -23579.5000000000    0.0000000000    0.0000000000
 -23578.0000000000    0.0000000000    0.0000000000
 -23576.5000000000    0.0000000000    0.0000000000
 -23575.0000000000    0.0000000000    0.0000000000
 -23573.5000000000    0.0000000000    0.0000000000
 -23572.0000000000    0.0000000000    0.0000000000
 -23570.5000000000    0.0000000000    0.0000000000
 -23569.0000000000    0.0000000000    0.0000000000
 -23567.5000000000    0.0000000000    0.0000000000
 -23566.0000000000    0.0000000000    0.0000000000
 -23564.5000000000    0.0000000000    0.0000000000
 -23563.0000000000    0.0000000000    0.0000000000
 -23561.5000000000    0.0000000000    0.0000000000
 -23560.0000000000    0.0000000000    0.0000000000
 -23558.5000000000    0.0000000000    0.0000000000
 -23557.0000000000    0.0000000000    0.0000000000
 -23555.5000000000    0.0000000000    0.0000000000
 -23554.0000000000    0.0000000000    0.0000000000
 -23552.5000000000    0.0000000000    0.0000000000
 -23551.0000000000    0.0000000000    0.0000000000
 -23549.5000000000    0.0000000000    0.0000000000
 -23548.0000000000    0.0000000000    0.0000000000
 -23546.5000000000    0.0000000000    0.0000000000
 -23545.0000000000    0.0000000000    0.0000000000
 -23543.5000000000    0.0000000000    0.0000000000
 -23542.0000000000    0.0000000000    0.0000000000
 -23540.5000000000    0.0000000000    0.0000000000
 -23539.0000000000    0.0000000000    0.0000000000
 -23537.5000000000    0.0000000000    0.0000000000
 -23536.0000000000    0.0000000000    0.0000000000
 -23534.5000000000    0.0000000000    0.0000000000
 -23533.0000000000    0.0000000000    0.0000000000
 -23531.5000000000    0.0000000000    0.0000000000
 -23530.0000000000    0.0000000000    0.0000000000
 -23528.5000000000    0.0000000000    0.0000000000
 -23527.0000000000    0.0000000000    0.0000000000
 -23525.5000000000    0.0000000000    0.0000000000
 -23524.0000000000    0.0000000000    0.0000000000
 -23522.5000000000    0.0000000000    0.0000000000
 -23521.0000000000    0.0000000000    0.0000000000
 -23519.5000000000    0.0000000000    0.0000000000
 -23518.0000000000    0.0000000000    0.0000000000
 -23516.5000000000    0.0000000000    0.0000000000
 -23515.0000000000    0.0000000000    0.0000000000
 -23513.5000000000    0.0000000000    0.0000000000
 -23512.0000000000    0.0000000000    0.0000000000
 -23510.5000000000    0.0000000000    0.0000000000
 -23509.0000000000    0.0000000000    0.0000000000
 -23507.5000000000    0.0000000000    0.0000000000
 -23506.0000000000    0.0000000000    0.0000000000
 -23504.5000000000    0.0000000000    0.0000000000
 -23503.0000000000    0.0000000000    0.0000000000
 -23501.5000000000    0.0000000000    0.0000000000
 -23500.0000000000    0.0000000000    0.0000000000
