#! FIELDS time energy
 0.000000 -24356.189412
 1.000000 -24424.105998
 2.000000 -24345.222219
 3.000000 -24375.852963
 4.000000 -24574.156000
 5.000000 -24351.762141
 6.000000 -24441.681241
 7.000000 -24414.429917
 8.000000 -24487.834441
 9.000000 -24383.221385
 10.000000 -24374.931881
 11.000000 -24406.850056
 12.000000 -24410.586091
 13.000000 -24343.840906
 14.000000 -24522.894066
 15.000000 -24462.620819
 16.000000 -24345.919183
 17.000000 -24441.769470
 18.000000 -24369.287916
 19.000000 -24507.882950
 20.000000 -24448.668498
 21.000000 -24495.899316
 22.000000 -24446.353780
 23.000000 -24432.552439
 24.000000 -24516.157693
 25.000000 -24532.403379
 26.000000 -24448.821887
 27.000000 -24340.570715
 28.000000 -24433.221080
 29.000000 -24366.860921
 30.000000 -24517.015048
 31.000000 -24458.605703
 32.000000 -24383.970747
 33.000000 -24513.171739
 34.000000 -24335.106695
 35.000000 -24331.802073
 36.000000 -24513.901483
 37.000000 -24445.666487
 38.000000 -24364.464359
 39.000000 -24343.235313
 40.000000 -24424.998689
 41.000000 -24495.538836
 42.000000 -24367.193070
 43.000000 -24338.874570
 44.000000 -24337.705617
 45.000000 -24400.542227
 46.000000 -24318.039896
 47.000000 -24460.705247
 48.000000 -24433.017753
 49.000000 -24413.474148
 50.000000 -24455.428953
 51.000000 -24491.703323
 52.000000 -24463.893746
 53.000000 -24465.712813
 54.000000 -24446.295417
 55.000000 -24551.591175
 56.000000 -24504.767740
 57.000000 -24333.568770
 58.000000 -24378.583264
 59.000000 -24509.931191
 60.000000 -24458.012247
 61.000000 -24472.498278
 62.000000 -24433.011514
 63.000000 -24547.455967
 64.000000 -24438.332639
 65.000000 -24373.611316
 66.000000 -24367.658521
 67.000000 -24549.048195
 68.000000 -24371.955763
 69.000000 -24422.185674
 70.000000 -24323.675447
 71.000000 -24349.579283
 72.000000 -24519.343842
 73.000000 -24465.420718
 74.000000 -24479.163924
 75.000000 -24320.009102
 76.000000 -24424.619270
 77.000000 -24300.889314
 78.000000 -24423.019266
 79.000000 -24357.062460
 80.000000 -24484.143436
 81.000000 -24485.760609
 82.000000 -24466.765771
 83.000000 -24524.141247
 84.000000 -24507.874872
 85.000000 -24380.807895
 86.000000 -24411.025256
 87.000000 -24345.596627
 88.000000 -24363.918368
 89.000000 -24551.541999
 90.000000 -24402.635693
 91.000000 -24486.631896
 92.000000 -24354.069360
 93.000000 -24278.447847
 94.000000 -24326.833715
 95.000000 -24337.016332
 96.000000 -24354.817027
 97.000000 -24446.685930
 98.000000 -24409.493599
 99.000000 -24550.509002
 100.000000 -24345.443629
 101.000000 -24443.717743
 102.000000 -24425.440961
 103.000000 -24510.633886
 104.000000 -24406.643420
 105.000000 -24492.804711
 106.000000 -24394.211540
 107.000000 -24461.093795
 108.000000 -24450.230600
 109.000000 -24383.889441
 110.000000 -24404.293788
 111.000000 -24269.599331
 112.000000 -24529.671869
 113.000000 -24409.254664
 114.000000 -24472.643946
 115.000000 -24504.574346
 116.000000 -24449.010244
 117.000000 -24331.758314
 118.000000 -24447.270872
 119.000000 -24402.025967
 120.000000 -24512.741307
 121.000000 -24338.701119
 122.000000 -24372.891382
 123.000000 -24537.996952
 124.000000 -24366.565883
 125.000000 -24329.221499
 126.000000 -24367.861538
 127.000000 -24371.698189
 128.000000 -24347.982062
 129.000000 -24483.205700
 130.000000 -24469.654100
 131.000000 -24373.985317
 132.000000 -24395.184981
 133.000000 -24536.040064
 134.000000 -24528.640386
 135.000000 -24335.921131
 136.000000 -24424.254865
 137.000000 -24433.466552
 138.000000 -24402.960368
 139.000000 -24408.120382
 140.000000 -24432.109234
 141.000000 -24288.822093
 142.000000 -24440.836920
 143.000000 -24388.490014
 144.000000 -24451.094844
 145.000000 -24528.883736
 146.000000 -24464.660915
 147.000000 -24267.532601
 148.000000 -24466.144242
 149.000000 -24339.016673
 150.000000 -24330.405326
 151.000000 -24475.489014
 152.000000 -24444.072388
 153.000000 -24573.385321
 154.000000 -24498.848946
 155.000000 -24551.826028
 156.000000 -24399.366371
 157.000000 -24425.572080
 158.000000 -24363.258569
 159.000000 -24363.097081
 160.000000 -24367.733425
 161.000000 -24320.916714
 162.000000 -24450.928451
 163.000000 -24463.943154
 164.000000 -24365.159421
 165.000000 -24434.590371
 166.000000 -24430.425664
 167.000000 -24342.500981
 168.000000 -24526.364573
 169.000000 -24421.645608
 170.000000 -24389.323445
 171.000000 -24261.326617
 172.000000 -24319.298899
 173.000000 -24519.994261
 174.000000 -24302.167399
 175.000000 -24421.321867
 176.000000 -24177.921529
 177.000000 -24400.358045
 178.000000 -24367.373009
 179.000000 -24437.641404
 180.000000 -24435.235312
 181.000000 -24381.467862
 182.000000 -24421.720145
 183.000000 -24487.461488
 184.000000 -24423.643521
 185.000000 -24351.030973
 186.000000 -24365.721597
 187.000000 -24369.160078
 188.000000 -24417.477260
 189.000000 -24430.348399
 190.000000 -24458.612648
 191.000000 -24522.549324
 192.000000 -24371.000843
 193.000000 -24464.978096
 194.000000 -24328.874498
 195.000000 -24499.463467
 196.000000 -24441.925369
 197.000000 -24472.539558
 198.000000 -24335.435225
 199.000000 -24368.705056
 200.000000 -24277.508804
 201.000000 -24438.749931
 202.000000 -24554.766633
 203.000000 -24345.134650
 204.000000 -24533.244107
 205.000000 -24510.284725
 206.000000 -24411.756119
 207.000000 -24339.651100
 208.000000 -24287.957027
 209.000000 -24417.879659
 210.000000 -24382.718279
 211.000000 -24330.474785
 212.000000 -24367.756691
 213.000000 -24355.729176
 214.000000 -24496.202482
 215.000000 -24416.977774
 216.000000 -24371.407861
 217.000000 -24488.383946
 218.000000 -24430.920896
 219.000000 -24521.911663
 220.000000 -24486.256705
 221.000000 -24429.224849
 222.000000 -24421.927233
 223.000000 -24541.579315
 224.000000 -24406.434407
 225.000000 -24540.290560
 226.000000 -24591.711049
 227.000000 -24430.898736
 228.000000 -24388.108506
 229.000000 -24491.993608
 230.000000 -24244.175999
 231.000000 -24399.062876
 232.000000 -24403.070353
 233.000000 -24321.518360
 234.000000 -24434.011342
 235.000000 -24543.141501
 236.000000 -24388.919574
 237.000000 -24440.105609
 238.000000 -24340.629872
 239.000000 -24329.618739
 240.000000 -24386.465537
 241.000000 -24403.086723
 242.000000 -24407.850226
 243.000000 -24393.453425
 244.000000 -24401.719340
 245.000000 -24467.933318
 246.000000 -24366.085620
 247.000000 -24273.267236
 248.000000 -24317.095212
 249.000000 -24366.749562
 250.000000 -24472.019260
 251.000000 -24339.380824
 252.000000 -24364.823897
 253.000000 -24465.004232
 254.000000 -24328.669658
 255.000000 -24351.193855
 256.000000 -24371.021197
 257.000000 -24384.716172
 258.000000 -24487.466437
 259.000000 -24416.809802
 260.000000 -24504.821290
 261.000000 -24351.855431
 262.000000 -24527.713264
 263.000000 -24524.719697
 264.000000 -24421.400127
 265.000000 -24255.374730
 266.000000 -24341.212534
 267.000000 -24394.825377
 268.000000 -24476.268865
 269.000000 -24316.012135
 270.000000 -24466.978762
 271.000000 -24492.773581
 272.000000 -24351.058167
 273.000000 -24521.210732
 274.000000 -24419.683180
 275.000000 -24323.587518
 276.000000 -24537.839161
 277.000000 -24458.563209
 278.000000 -24386.250271
 279.000000 -24513.951082
 280.000000 -24542.786554
 281.000000 -24359.273141
 282.000000 -24435.123492
 283.000000 -24557.106292
 284.000000 -24426.288861
 285.000000 -24367.103858
 286.000000 -24416.610528
 287.000000 -24504.112392
 288.000000 -24362.906326
 289.000000 -24408.107461
 290.000000 -24520.239226
 291.000000 -24467.024485
 292.000000 -24558.401281
 293.000000 -24429.741532
 294.000000 -24593.807532
 295.000000 -24473.755010
 296.000000 -24404.596585
 297.000000 -24249.799122
 298.000000 -24542.736493
 299.000000 -24386.271295
 300.000000 -24480.434555
 301.000000 -24377.953921
 302.000000 -24496.275226
 303.000000 -24321.651874
 304.000000 -24438.469199
 305.000000 -24343.024020
 306.000000 -24475.941531
 307.000000 -24469.767179
 308.000000 -24401.037776
 309.000000 -24528.378681
 310.000000 -24534.162682
 311.000000 -24234.036061
 312.000000 -24463.800809
 313.000000 -24396.149289
 314.000000 -24434.789220
 315.000000 -24349.830578
 316.000000 -24490.456449
 317.000000 -24540.314044
 318.000000 -24206.691523
 319.000000 -24424.138038
 320.000000 -24471.536541
 321.000000 -24413.248609
 322.000000 -24400.674188
 323.000000 -24410.997117
 324.000000 -24395.759548
 325.000000 -24428.662419
 326.000000 -24468.415466
 327.000000 -24400.645452
 328.000000 -24387.119664
 329.000000 -24382.730576
 330.000000 -24396.461784
 331.000000 -24488.708283
 332.000000 -24309.189151
 333.000000 -24489.083260
 334.000000 -24471.849867
 335.000000 -24395.719349
 336.000000 -24325.698930
 337.000000 -24367.936607
 338.000000 -24410.463134
 339.000000 -24456.749216
 340.000000 -24545.293679
 341.000000 -24526.591575
 342.000000 -24344.332034
 343.000000 -24413.213343
 344.000000 -24477.668963
 345.000000 -24415.552195
 346.000000 -24463.036941
 347.000000 -24488.380922
 348.000000 -24354.423250
 349.000000 -24373.816906
 350.000000 -24498.171772
 351.000000 -24382.442509
 352.000000 -24408.773993
 353.000000 -24483.016859
 354.000000 -24579.882632
 355.000000 -24387.645559
 356.000000 -24482.709714
 357.000000 -24265.403082
 358.000000 -24548.109397
 359.000000 -24336.788980
 360.000000 -24343.917970
 361.000000 -24396.889444
 362.000000 -24295.576987
 363.000000 -24400.062066
 364.000000 -24322.130178
 365.000000 -24479.818728
 366.000000 -24327.490809
 367.000000 -24511.252232
 368.000000 -24453.776545
 369.000000 -24354.278342
 370.000000 -24359.658354
 371.000000 -24404.737228
 372.000000 -24535.624585
 373.000000 -24470.205985
 374.000000 -24382.222333
 375.000000 -24322.580516
 376.000000 -24443.312135
 377.000000 -24298.202445
 378.000000 -24354.191190
 379.000000 -24447.272901
 380.000000 -24346.874469
 381.000000 -24564.864634
 382.000000 -24478.679732
 383.000000 -24396.865661
 384.000000 -24446.463916
 385.000000 -24391.871456
 386.000000 -24511.064520
 387.000000 -24525.018037
 388.000000 -24453.005576
 389.000000 -24502.266941
 390.000000 -24396.917996
 391.000000 -24535.293212
 392.000000 -24341.410754
 393.000000 -24441.461291
 394.000000 -24339.068416
 395.000000 -24446.941187
 396.000000 -24515.051257
 397.000000 -24417.023580
 398.000000 -24427.061210
 399.000000 -24331.645735
 400.000000 -24439.130804
 401.000000 -24449.081838
 402.000000 -24389.013040
 403.000000 -24469.720212
 404.000000 -24352.481773
 405.000000 -24484.855880
 406.000000 -24455.908956
 407.000000 -24407.443123
 408.000000 -24354.093522
 409.000000 -24424.441111
 410.000000 -24504.302482
 411.000000 -24276.932371
 412.000000 -24608.649912
 413.000000 -24356.032537
 414.000000 -24378.987911
 415.000000 -24622.494603
 416.000000 -24578.089394
 417.000000 -24472.586842
 418.000000 -24386.425387
 419.000000 -24316.238872
 420.000000 -24441.217640
 421.000000 -24373.848404
 422.000000 -24424.924835
 423.000000 -24460.338190
 424.000000 -24482.834377
 425.000000 -24348.612469
 426.000000 -24398.903319
 427.000000 -24307.394830
 428.000000 -24374.758607
 429.000000 -24357.411640
 430.000000 -24500.866668
 431.000000 -24461.996607
 432.000000 -24465.212704
 433.000000 -24483.298139
 434.000000 -24414.646045
 435.000000 -24424.887448
 436.000000 -24493.771286
 437.000000 -24434.272664
 438.000000 -24503.556960
 439.000000 -24449.278242
 440.000000 -24246.167315
 441.000000 -24405.005863
 442.000000 -24349.380213
 443.000000 -24430.545119
 444.000000 -24465.895696
 445.000000 -24322.294508
 446.000000 -24378.487410
 447.000000 -24497.110615
 448.000000 -24438.671750
 449.000000 -24430.795895
 450.000000 -24423.997461
 451.000000 -24456.669427
 452.000000 -24351.829618
 453.000000 -24474.235838
 454.000000 -24511.765713
 455.000000 -24391.370315
 456.000000 -24360.359872
 457.000000 -24512.899987
 458.000000 -24386.228257
 459.000000 -24418.650053
 460.000000 -24361.062446
 461.000000 -24481.595405
 462.000000 -24471.713906
 463.000000 -24538.708061
 464.000000 -24374.234474
 465.000000 -24416.203337
 466.000000 -24420.819517
 467.000000 -24341.025463
 468.000000 -24451.237936
 469.000000 -24248.585543
 470.000000 -24352.198102
 471.000000 -24498.265186
 472.000000 -24490.489062
 473.000000 -24483.446786
 474.000000 -24522.331769
 475.000000 -24475.859258
 476.000000 -24518.439213
 477.000000 -24311.945861
 478.000000 -24406.590284
 479.000000 -24418.867901
 480.000000 -24417.106385
 481.000000 -24420.751551
 482.000000 -24476.016960
 483.000000 -24568.273457
 484.000000 -24401.651020
 485.000000 -24392.171592
 486.000000 -24330.641233
 487.000000 -24372.565352
 488.000000 -24395.237292
 489.000000 -24405.323663
 490.000000 -24487.376969
 491.000000 -24346.724710
 492.000000 -24413.557276
 493.000000 -24452.544677
 494.000000 -24459.582148
 495.000000 -24447.185435
 496.000000 -24377.638238
 497.000000 -24347.751621
 498.000000 -24474.330408
 499.000000 -24505.249240
 500.000000 -24566.257144
 501.000000 -24462.083627
 502.000000 -24386.700474
 503.000000 -24426.731723
 504.000000 -24432.753853
 505.000000 -24364.779742
 506.000000 -24386.923749
 507.000000 -24423.126546
 508.000000 -24531.136904
 509.000000 -24556.132882
 510.000000 -24586.936210
 511.000000 -24367.246257
 512.000000 -24416.270100
 513.000000 -24374.726159
 514.000000 -24535.235302
 515.000000 -24469.452998
 516.000000 -24352.710786
 517.000000 -24411.401473
 518.000000 -24336.937049
 519.000000 -24424.010092
 520.000000 -24454.705576
 521.000000 -24265.947709
 522.000000 -24230.005836
 523.000000 -24398.473416
 524.000000 -24328.783414
 525.000000 -24415.117769
 526.000000 -24312.083167
 527.000000 -24446.409925
 528.000000 -24426.016063
 529.000000 -24376.471942
 530.000000 -24571.250117
 531.000000 -24429.958312
 532.000000 -24464.568417
 533.000000 -24349.689152
 534.000000 -24443.764759
 535.000000 -24429.298916
 536.000000 -24456.881882
 537.000000 -24411.008120
 538.000000 -24419.156432
 539.000000 -24518.212411
 540.000000 -24477.329516
 541.000000 -24385.327332
 542.000000 -24407.995190
 543.000000 -24439.673384
 544.000000 -24467.537197
 545.000000 -24388.509466
 546.000000 -24306.927799
 547.000000 -24499.486776
 548.000000 -24400.289351
 549.000000 -24307.143957
 550.000000 -24353.810860
 551.000000 -24369.435049
 552.000000 -24369.461172
 553.000000 -24405.607615
 554.000000 -24330.527551
 555.000000 -24510.227088
 556.000000 -24498.354488
 557.000000 -24475.904255
 558.000000 -24386.233463
 559.000000 -24389.897003
 560.000000 -24523.356189
 561.000000 -24453.797884
 562.000000 -24452.680884
 563.000000 -24515.855815
 564.000000 -24329.489190
 565.000000 -24336.695399
 566.000000 -24323.194816
 567.000000 -24357.103538
 568.000000 -24467.449694
 569.000000 -24424.624506
 570.000000 -24469.505605
 571.000000 -24461.505515
 572.000000 -24459.827842
 573.000000 -24361.264415
 574.000000 -24478.323752
 575.000000 -24383.190125
 576.000000 -24309.625305
 577.000000 -24386.900196
 578.000000 -24415.982007
 579.000000 -24362.590622
 580.000000 -24370.979997
 581.000000 -24522.427206
 582.000000 -24410.114527
 583.000000 -24487.061956
 584.000000 -24495.002719
 585.000000 -24477.861628
 586.000000 -24518.177229
 587.000000 -24363.537234
 588.000000 -24435.173245
 589.000000 -24384.481461
 590.000000 -24408.944156
 591.000000 -24508.761028
 592.000000 -24362.257579
 593.000000 -24468.486123
 594.000000 -24481.071447
 595.000000 -24466.347091
 596.000000 -24410.266903
 597.000000 -24407.966200
 598.000000 -24356.063652
 599.000000 -24414.602170
 600.000000 -24452.619193
 601.000000 -24463.406193
 602.000000 -24390.920888
 603.000000 -24274.636801
 604.000000 -24512.753063
 605.000000 -24211.825395
 606.000000 -24443.865832
 607.000000 -24316.529692
 608.000000 -24431.417049
 609.000000 -24402.570067
 610.000000 -24388.646025
 611.000000 -24343.363327
 612.000000 -24442.404008
 613.000000 -24427.332103
 614.000000 -24343.480813
 615.000000 -24320.486238
 616.000000 -24425.170072
 617.000000 -24402.814499
 618.000000 -24593.694320
 619.000000 -24446.484881
 620.000000 -24495.819388
 621.000000 -24396.356358
 622.000000 -24347.314197
 623.000000 -24391.887630
 624.000000 -24349.872449
 625.000000 -24601.486729
 626.000000 -24441.155666
 627.000000 -24427.559075
 628.000000 -24517.802312
 629.000000 -24464.772239
 630.000000 -24363.745367
 631.000000 -24575.200167
 632.000000 -24224.226041
 633.000000 -24494.895920
 634.000000 -24425.312614
 635.000000 -24459.469766
 636.000000 -24328.374205
 637.000000 -24277.008770
 638.000000 -24358.525279
 639.000000 -24382.888312
 640.000000 -24388.554785
 641.000000 -24413.589746
 642.000000 -24307.095964
 643.000000 -24354.551419
 644.000000 -24453.678802
 645.000000 -24382.522225
 646.000000 -24506.584029
 647.000000 -24452.282136
 648.000000 -24396.559830
 649.000000 -24293.827954
 650.000000 -24459.827420
 651.000000 -24402.225847
 652.000000 -24479.522873
 653.000000 -24337.866510
 654.000000 -24331.273456
 655.000000 -24465.591294
 656.000000 -24320.904030
 657.000000 -24367.200422
 658.000000 -24399.961390
 659.000000 -24485.934790
 660.000000 -24352.000290
 661.000000 -24391.120491
 662.000000 -24519.327272
 663.000000 -24417.922503
 664.000000 -24490.410113
 665.000000 -24408.257886
 666.000000 -24349.329060
 667.000000 -24427.848125
 668.000000 -24479.209717
 669.000000 -24528.293096
 670.000000 -24339.220296
 671.000000 -24588.933902
 672.000000 -24529.258795
 673.000000 -24436.878975
 674.000000 -24332.990157
 675.000000 -24291.079471
 676.000000 -24280.406308
 677.000000 -24402.552982
 678.000000 -24351.920948
 679.000000 -24260.517593
 680.000000 -24481.731835
 681.000000 -24379.138087
 682.000000 -24592.398367
 683.000000 -24479.294476
 684.000000 -24516.071282
 685.000000 -24556.075445
 686.000000 -24529.397214
 687.000000 -24301.454197
 688.000000 -24401.811977
 689.000000 -24255.308327
 690.000000 -24390.807234
 691.000000 -24436.476903
 692.000000 -24378.034581
 693.000000 -24467.268744
 694.000000 -24227.959581
 695.000000 -24395.353445
 696.000000 -24343.482005
 697.000000 -24288.849311
 698.000000 -24448.040561
 699.000000 -24325.150340
 700.000000 -24387.776976
 701.000000 -24356.194963
 702.000000 -24326.186657
 703.000000 -24501.044804
 704.000000 -24384.511832
 705.000000 -24466.412114
 706.000000 -24458.538052
 707.000000 -24506.958838
 708.000000 -24275.517575
 709.000000 -24283.625259
 710.000000 -24372.383696
 711.000000 -24629.717084
 712.000000 -24383.670492
 713.000000 -24447.844119
 714.000000 -24555.133508
 715.000000 -24449.829429
 716.000000 -24378.773843
 717.000000 -24549.588921
 718.000000 -24371.032640
 719.000000 -24322.751969
 720.000000 -24495.544245
 721.000000 -24388.212562
 722.000000 -24443.491799
 723.000000 -24491.542986
 724.000000 -24116.984254
 725.000000 -24438.724472
 726.000000 -24446.169017
 727.000000 -24446.953055
 728.000000 -24417.626218
 729.000000 -24387.934514
 730.000000 -24452.317290
 731.000000 -24374.962963
 732.000000 -24417.352453
 733.000000 -24466.661252
 734.000000 -24394.960076
 735.000000 -24365.478917
 736.000000 -24484.838458
 737.000000 -24471.074522
 738.000000 -24405.262214
 739.000000 -24577.706258
 740.000000 -24514.239719
 741.000000 -24556.815551
 742.000000 -24521.369384
 743.000000 -24433.935801
 744.000000 -24374.775833
 745.000000 -24421.748772
 746.000000 -24400.204845
 747.000000 -24502.431740
 748.000000 -24383.003943
 749.000000 -24537.773576
 750.000000 -24414.684688
 751.000000 -24455.808891
 752.000000 -24407.173255
 753.000000 -24507.945564
 754.000000 -24512.435359
 755.000000 -24414.986095
 756.000000 -24478.489161
 757.000000 -24458.784360
 758.000000 -24249.699798
 759.000000 -24358.972377
 760.000000 -24482.941169
 761.000000 -24321.358316
 762.000000 -24508.008486
 763.000000 -24251.063595
 764.000000 -24441.486124
 765.000000 -24376.377662
 766.000000 -24398.475047
 767.000000 -24322.981936
 768.000000 -24394.659860
 769.000000 -24319.359416
 770.000000 -24364.955213
 771.000000 -24315.310368
 772.000000 -24405.868849
 773.000000 -24395.332506
 774.000000 -24444.611443
 775.000000 -24457.415276
 776.000000 -24353.749474
 777.000000 -24438.022144
 778.000000 -24440.655163
 779.000000 -24398.413929
 780.000000 -24242.436251
 781.000000 -24358.773687
 782.000000 -24378.778640
 783.000000 -24401.096457
 784.000000 -24446.137171
 785.000000 -24345.167334
 786.000000 -24453.965879
 787.000000 -24256.410627
 788.000000 -24476.745735
 789.000000 -24298.685376
 790.000000 -24409.184126
 791.000000 -24431.109841
 792.000000 -24471.531119
 793.000000 -24424.083721
 794.000000 -24507.509866
 795.000000 -24457.905762
 796.000000 -24466.002906
 797.000000 -24440.409601
 798.000000 -24533.019749
 799.000000 -24343.319725
 800.000000 -24521.762544
 801.000000 -24411.457800
 802.000000 -24415.585860
 803.000000 -24405.797471
 804.000000 -24512.510215
 805.000000 -24437.212255
 806.000000 -24395.958958
 807.000000 -24382.533371
 808.000000 -24496.916670
 809.000000 -24425.829005
 810.000000 -24561.453133
 811.000000 -24493.297541
 812.000000 -24552.932633
 813.000000 -24349.718644
 814.000000 -24488.316518
 815.000000 -24515.971012
 816.000000 -24401.114152
 817.000000 -24489.441954
 818.000000 -24476.138687
 819.000000 -24417.305639
 820.000000 -24516.021243
 821.000000 -24452.948491
 822.000000 -24383.528710
 823.000000 -24374.887472
 824.000000 -24419.213565
 825.000000 -24507.123739
 826.000000 -24385.297642
 827.000000 -24408.189377
 828.000000 -24518.460068
 829.000000 -24407.327591
 830.000000 -24554.314096
 831.000000 -24370.241400
 832.000000 -24459.222918
 833.000000 -24334.242832
 834.000000 -24341.006340
 835.000000 -24406.835458
 836.000000 -24474.706649
 837.000000 -24370.928122
 838.000000 -24458.307345
 839.000000 -24406.605018
 840.000000 -24516.110881
 841.000000 -24455.610548
 842.000000 -24496.284633
 843.000000 -24307.894907
 844.000000 -24548.630883
 845.000000 -24323.682335
 846.000000 -24375.604181
 847.000000 -24370.041767
 848.000000 -24383.194922
 849.000000 -24477.186523
 850.000000 -24384.586475
 851.000000 -24469.039509
 852.000000 -24358.100911
 853.000000 -24350.280960
 854.000000 -24452.277642
 855.000000 -24452.980741
 856.000000 -24433.443370
 857.000000 -24411.968196
 858.000000 -24434.681818
 859.000000 -24286.407820
 860.000000 -24534.026332
 861.000000 -24411.267337
 862.000000 -24293.120164
 863.000000 -24528.695283
 864.000000 -24370.200330
 865.000000 -24295.364615
 866.000000 -24281.843803
 867.000000 -24402.912932
 868.000000 -24259.333957
 869.000000 -24441.990103
 870.000000 -24313.978882
 871.000000 -24333.063498
 872.000000 -24536.174355
 873.000000 -24341.371088
 874.000000 -24376.684968
 875.000000 -24509.653059
 876.000000 -24471.046441
 877.000000 -24448.920740
 878.000000 -24507.556604
 879.000000 -24401.352960
 880.000000 -24304.378107
 881.000000 -24393.675177
 882.000000 -24508.826064
 883.000000 -24423.925734
 884.000000 -24348.772857
 885.000000 -24333.011462
 886.000000 -24516.681780
 887.000000 -24330.560750
 888.000000 -24482.929267
 889.000000 -24517.148944
 890.000000 -24389.129875
 891.000000 -24294.051787
 892.000000 -24416.953710
 893.000000 -24493.786715
 894.000000 -24517.810301
 895.000000 -24524.464568
 896.000000 -24451.182908
 897.000000 -24407.041194
 898.000000 -24436.677141
 899.000000 -24344.229724
 900.000000 -24358.636625
 901.000000 -24447.867666
 902.000000 -24324.376529
 903.000000 -24434.395218
 904.000000 -24395.556693
 905.000000 -24596.768087
 906.000000 -24313.916621
 907.000000 -24355.112424
 908.000000 -24354.481065
 909.000000 -24260.711214
 910.000000 -24261.591363
 911.000000 -24483.339724
 912.000000 -24416.942502
 913.000000 -24381.635178
 914.000000 -24450.760082
 915.000000 -24510.979434
 916.000000 -24518.988055
 917.000000 -24475.783229
 918.000000 -24331.762630
 919.000000 -24374.550376
 920.000000 -24426.150961
 921.000000 -24426.123453
 922.000000 -24355.591642
 923.000000 -24300.181964
 924.000000 -24315.367994
 925.000000 -24447.236989
 926.000000 -24309.501764
 927.000000 -24347.131064
 928.000000 -24493.197534
 929.000000 -24355.353439
 930.000000 -24265.537812
 931.000000 -24436.735070
 932.000000 -24340.324099
 933.000000 -24487.035433
 934.000000 -24413.812130
 935.000000 -24397.982736
 936.000000 -24505.168094
 937.000000 -24469.505646
 938.000000 -24552.025418
 939.000000 -24425.668506
 940.000000 -24551.935636
 941.000000 -24409.290059
 942.000000 -24433.643970
 943.000000 -24302.578636
 944.000000 -24414.625563
 945.000000 -24495.799224
 946.000000 -24321.274948
 947.000000 -24360.510995
 948.000000 -24406.292872
 949.000000 -24351.500712
 950.000000 -24587.268506
 951.000000 -24299.416475
 952.000000 -24626.903573
 953.000000 -24470.362187
 954.000000 -24396.251210
 955.000000 -24418.306222
 956.000000 -24441.571156
 957.000000 -24451.025637
 958.000000 -24369.156772
 959.000000 -24486.686629
 960.000000 -24372.031366
 961.000000 -24323.059310
 962.000000 -24384.666766
 963.000000 -24544.680405
 964.000000 -24421.988562
 965.000000 -24404.557224
 966.000000 -24499.019123
 967.000000 -24371.698239
 968.000000 -24424.236881
 969.000000 -24460.774297
 970.000000 -24379.679993
 971.000000 -24359.566111
 972.000000 -24400.503878
 973.000000 -24391.200733
 974.000000 -24287.199016
 975.000000 -24537.428058
 976.000000 -24493.227091
 977.000000 -24243.472237
 978.000000 -24343.471126
 979.000000 -24369.420828
 980.000000 -24431.709851
 981.000000 -24446.755970
 982.000000 -24526.637952
 983.000000 -24508.825372
 984.000000 -24315.655961
 985.000000 -24325.797276
 986.000000 -24345.086289
 987.000000 -24363.350790
 988.000000 -24430.070547
 989.000000 -24437.759067
 990.000000 -24372.021777
 991.000000 -24288.125022
 992.000000 -24444.092364
 993.000000 -24442.477788
 994.000000 -24401.327570
 995.000000 -24309.831341
 996.000000 -24327.063357
 997.000000 -24356.443385
 998.000000 -24290.643230
 999.000000 -24396.435580
 1000.000000 -24437.277380
