#! FIELDS time avg-515 weights weights515
 0.000000     0.0000000000     0.6475649218     3.2364361290
 2000.000000 -24214.7191909971   -11.1466147642    -3.4370655070
 4000.000000 -24214.0311530671     7.3120412684     2.2384855868
 6000.000000 -24208.8668875138     2.8083291161    -2.1338275429
 8000.000000 -24211.7479808505     1.9061565029     3.0636765222
 10000.000000 -24212.4072087458    12.8749901933     0.1240036129
 12000.000000 -24218.5842875555    11.0709855782     1.3847746670
 14000.000000 -24214.7729497097    12.7410176059    -0.0704412901
 16000.000000 -24212.4306292134    12.4923566613     0.8051352784
 18000.000000 -24213.5314258469    -6.7329801167    -3.0438512626
 20000.000000 -24215.9759723395    10.5988427081    -0.9079810046
 22000.000000 -24211.5007157523     9.3707139515    -1.1749448246
 24000.000000 -24210.8019330695    10.0363026491     1.6623587841
 26000.000000 -24211.3111866049   -15.4118032482    -3.8198839525
 28000.000000 -24218.3713714486    12.6051360556     0.7253909747
 30000.000000 -24216.7140914508    12.8551245666     0.0804211545
 32000.000000 -24207.6369497393    -0.8508235307     3.4516287292
 34000.000000 -24215.4984421406    10.5523807728     1.5306251520
 36000.000000 -24216.7864611540    12.8713820224     0.1150783854
 38000.000000 -24210.8911624992     6.8772340667     2.3172125824
 40000.000000 -24218.2011294867    12.9013519708     0.2494065586
