#! FIELDS time avg-590 weights weights590
 0.000000     0.0000000000     0.6475649218    16.9501485402
 2000.000000 -23997.8367249582   -11.1466147642   -18.0009024011
 4000.000000 -23991.7681869090     7.3120412684    11.7235940054
 6000.000000 -23995.9849354029     2.8083291161   -11.1754696736
 8000.000000 -23995.1482730278     1.9061565029    16.0453567008
 10000.000000 -23996.2032469001    12.8749901933     0.6494426507
 12000.000000 -23992.3950671339    11.0709855782     7.2524639337
 14000.000000 -23991.3143419063    12.7410176059    -0.3689213329
 16000.000000 -23993.7355972558    12.4923566613     4.2167254409
 18000.000000 -23987.0416420302    -6.7329801167   -15.9415261043
 20000.000000 -23989.7887865079    10.5988427081    -4.7553581429
 22000.000000 -23992.2926063248     9.3707139515    -6.1535245898
 24000.000000 -23995.4667969237    10.0363026491     8.7062519369
 26000.000000 -23991.3376548870   -15.4118032482   -20.0058329038
 28000.000000 -23991.0321669706    12.6051360556     3.7990815456
 30000.000000 -23994.1727277707    12.8551245666     0.4211887581
 32000.000000 -23996.2499412844    -0.8508235307    18.0771741921
 34000.000000 -23991.4206873341    10.5523807728     8.0163249486
 36000.000000 -23995.8616303077    12.8713820224     0.6026986624
 38000.000000 -23987.9746675011     6.8772340667    12.1359099656
 40000.000000 -23992.6157058094    12.9013519708     1.3062140101
