#! FIELDS time avg-530 weights weights530
 0.000000     0.0000000000     0.6475649218     6.2896777602
 2000.000000 -24166.8089948687   -11.1466147642    -6.6795801363
 4000.000000 -24168.9120933043     7.3120412684     4.3502644423
 6000.000000 -24162.8250627266     2.8083291161    -4.1468723946
 8000.000000 -24169.9011722937     1.9061565029     5.9539373921
 10000.000000 -24167.6990226139    12.8749901933     0.2409881534
 12000.000000 -24171.5014825911    11.0709855782     2.6911658622
 14000.000000 -24169.6954336864    12.7410176059    -0.1368953374
 16000.000000 -24167.6546643815    12.4923566613     1.5646968617
 18000.000000 -24168.6057249778    -6.7329801167    -5.9154090576
 20000.000000 -24168.4751097375    10.5988427081    -1.7645668580
 22000.000000 -24165.2072070503     9.3707139515    -2.2833833383
 24000.000000 -24165.6659413383    10.0363026491     3.2306217879
 26000.000000 -24167.4628700135   -15.4118032482    -7.4235480586
 28000.000000 -24174.0238259292    12.6051360556     1.4097220829
 30000.000000 -24170.6648157099    12.8551245666     0.1562901681
 32000.000000 -24163.9631126604    -0.8508235307     6.7078822474
 34000.000000 -24168.6404850029    10.5523807728     2.9746111444
 36000.000000 -24170.6767378099    12.8713820224     0.2236428999
 38000.000000 -24166.3386920507     6.8772340667     4.5032621885
 40000.000000 -24169.2466554246    12.9013519708     0.4846957647
