#! FIELDS time avg-585 weights weights585
 0.000000     0.0000000000     0.6475649218    16.1452981822
 2000.000000 -24011.1669630566   -11.1466147642   -17.1461586973
 4000.000000 -24006.2903980294     7.3120412684    11.1669181267
 6000.000000 -24009.8190742585     2.8083291161   -10.6448205913
 8000.000000 -24010.2510015774     1.9061565029    15.2834689182
 10000.000000 -24010.4698842854    12.8749901933     0.6186049180
 12000.000000 -24006.3726702998    11.0709855782     6.9080924269
 14000.000000 -24006.1570421757    12.7410176059    -0.3514037008
 16000.000000 -24007.7198452709    12.4923566613     4.0165010610
 18000.000000 -24001.6842673522    -6.7329801167   -15.1845685495
 20000.000000 -24003.6694509131    10.5988427081    -4.5295576613
 22000.000000 -24006.5592614895     9.3707139515    -5.8613344383
 24000.000000 -24009.8457390204    10.0363026491     8.2928496607
 26000.000000 -24005.4987386238   -15.4118032482   -19.0558883215
 28000.000000 -24005.8509857893    12.6051360556     3.6186883098
 30000.000000 -24008.3814843823    12.8551245666     0.4011892919
 32000.000000 -24011.3689982171    -0.8508235307    17.2188088458
 34000.000000 -24006.5685173619    10.5523807728     7.6356827383
 36000.000000 -24010.7950607519    12.8713820224     0.5740804923
 38000.000000 -24002.5801983248     6.8772340667    11.5596559311
 40000.000000 -24005.6559311656    12.9013519708     1.2441905528
