#! FIELDS time avg-490 weights weights490
 0.000000     0.0000000000     0.6475649218    -2.2677069476
 2000.000000 -24292.2551529242   -11.1466147642     2.4082839947
 4000.000000 -24293.0468247003     7.3120412684    -1.5684626901
 6000.000000 -24287.4806713450     2.8083291161     1.4951308634
 8000.000000 -24286.6658780376     1.9061565029    -2.1466576992
 10000.000000 -24288.1324485691    12.8749901933    -0.0868868852
 12000.000000 -24295.0063633668    11.0709855782    -0.9702842905
 14000.000000 -24291.5567056100    12.7410176059     0.0493568223
 16000.000000 -24293.6613760864    12.4923566613    -0.5641424059
 18000.000000 -24289.9557845556    -6.7329801167     2.1327665310
 20000.000000 -24290.4780655081    10.5988427081     0.6362043774
 22000.000000 -24291.4519736725     9.3707139515     0.8232606594
 24000.000000 -24288.8663147172    10.0363026491    -1.1647820052
 26000.000000 -24287.4319663372   -15.4118032482     2.6765173273
 28000.000000 -24290.5545245793    12.6051360556    -0.5082671456
 30000.000000 -24293.3731745239    12.8551245666    -0.0563495164
 32000.000000 -24288.2406174594    -0.8508235307    -2.4184881572
 34000.000000 -24294.8977479129    10.5523807728    -1.0724788480
 36000.000000 -24296.2172208943    12.8713820224    -0.0806331544
 38000.000000 -24287.5224610259     6.8772340667    -1.6236251428
 40000.000000 -24297.3234915363    12.9013519708    -0.1747542553
