#! FIELDS time avg-520 weights weights520
 0.000000     0.0000000000     0.6475649218     4.2737554012
 2000.000000 -24198.7006577101   -11.1466147642    -4.5386890669
 4000.000000 -24198.7764738327     7.3120412684     2.9559489159
 6000.000000 -24193.2625780357     2.8083291161    -2.8177466271
 8000.000000 -24197.6929381592     1.9061565029     4.0456241254
 10000.000000 -24197.5232297381    12.8749901933     0.1637483606
 12000.000000 -24202.9758209559    11.0709855782     1.8286127012
 14000.000000 -24199.7196892766    12.7410176059    -0.0930186267
 16000.000000 -24197.2262576488    12.4923566613     1.0631914573
 18000.000000 -24198.5658394508    -6.7329801167    -4.0194446160
 20000.000000 -24200.3128120427    10.5988427081    -1.1990005574
 22000.000000 -24195.8465467764     9.3707139515    -1.5515297043
 24000.000000 -24195.5733951734    10.0363026491     2.1951660867
 26000.000000 -24196.7083895587   -15.4118032482    -5.0442057322
 28000.000000 -24203.7946312864    12.6051360556     0.9578880820
 30000.000000 -24201.2957191921    12.8551245666     0.1061971655
 32000.000000 -24192.7146000785    -0.8508235307     4.5579199886
 34000.000000 -24199.6672003841    10.5523807728     2.0212101366
 36000.000000 -24201.1356951609    12.8713820224     0.1519624833
 38000.000000 -24195.9746162676     6.8772340667     3.0599089229
 40000.000000 -24201.9619097557    12.9013519708     0.3293445581
