#! FIELDS time avg-500 weights weights500
 0.000000     0.0000000000     0.6475649218    -0.0000000000
 2000.000000 -24261.8591413136   -11.1466147642     0.0000000000
 4000.000000 -24261.0157233586     7.3120412684    -0.0000000000
 6000.000000 -24256.2793204671     2.8083291161     0.0000000000
 8000.000000 -24255.5032145736     1.9061565029    -0.0000000000
 10000.000000 -24257.2569699801    12.8749901933    -0.0000000000
 12000.000000 -24264.7355348369    11.0709855782    -0.0000000000
 14000.000000 -24260.4046599483    12.7410176059     0.0000000000
 16000.000000 -24260.2742153266    12.4923566613    -0.0000000000
 18000.000000 -24258.9634206234    -6.7329801167     0.0000000000
 20000.000000 -24261.3177437844    10.5988427081     0.0000000000
 22000.000000 -24259.3627651954     9.3707139515     0.0000000000
 24000.000000 -24257.3653544023    10.0363026491    -0.0000000000
 26000.000000 -24256.0209958013   -15.4118032482     0.0000000000
 28000.000000 -24261.4943167804    12.6051360556    -0.0000000000
 30000.000000 -24262.8673953493    12.8551245666    -0.0000000000
 32000.000000 -24254.9014931341    -0.8508235307    -0.0000000000
 34000.000000 -24263.4377592302    10.5523807728    -0.0000000000
 36000.000000 -24264.6314463731    12.8713820224    -0.0000000000
 38000.000000 -24256.3880828600     6.8772340667    -0.0000000000
 40000.000000 -24266.0132988266    12.9013519708    -0.0000000000
