#! FIELDS time avg-550 weights weights550
 0.000000     0.0000000000     0.6475649218    10.1016036755
 2000.000000 -24106.3456101327   -11.1466147642   -10.7278105219
 4000.000000 -24110.4348292809     7.3120412684     6.9867883467
 6000.000000 -24105.3687290677     2.8083291161    -6.6601283913
 8000.000000 -24113.8340564296     1.9061565029     9.5623842964
 10000.000000 -24108.8883255180    12.8749901933     0.3870415797
 12000.000000 -24108.7895576917    11.0709855782     4.3221754756
 14000.000000 -24109.9262669998    12.7410176059    -0.2198622085
 16000.000000 -24109.4978568254    12.4923566613     2.5129979900
 18000.000000 -24107.7560358907    -6.7329801167    -9.5005054561
 20000.000000 -24105.3570953644    10.5988427081    -2.8340013175
 22000.000000 -24106.4430793581     9.3707139515    -3.6672520282
 24000.000000 -24108.0654249856    10.0363026491     5.1885743867
 26000.000000 -24108.0330358587   -15.4118032482   -11.9226680942
 28000.000000 -24112.4667119185    12.6051360556     2.2640991029
 30000.000000 -24110.6763495735    12.8551245666     0.2510114821
 32000.000000 -24109.2896583278    -0.8508235307    10.7732654276
 34000.000000 -24109.3531073531    10.5523807728     4.7774057774
 36000.000000 -24112.5977172613    12.8713820224     0.3591840513
 38000.000000 -24106.9215716271     6.8772340667     7.2325119997
 40000.000000 -24105.0924900112    12.9013519708     0.7784507737
