#! FIELDS time avg-425 weights weights425
 0.000000     0.0000000000     0.6475649218   -19.6089953701
 2000.000000 -24508.1045374680   -11.1466147642    20.8245733660
 4000.000000 -24499.7614600387     7.3120412684   -13.5625891435
 6000.000000 -24503.1604094075     2.8083291161    12.9284845244
 8000.000000 -24506.2363580215     1.9061565029   -18.5622753989
 10000.000000 -24501.0271805164    12.8749901933    -0.7513160076
 12000.000000 -24504.9222705746    11.0709855782    -8.3901053351
 14000.000000 -24505.2612123841    12.7410176059     0.4267913460
 16000.000000 -24506.2254398691    12.4923566613    -4.8781725689
 18000.000000 -24503.1162332351    -6.7329801167    18.4421576500
 20000.000000 -24504.1817881827    10.5988427081     5.5012966751
 22000.000000 -24499.9762182299     9.3707139515     7.1187833489
 24000.000000 -24501.4406966428    10.0363026491   -10.0719385153
 26000.000000 -24510.3798668833   -15.4118032482    23.1440027711
 28000.000000 -24498.8383978907    12.6051360556    -4.3950159057
 30000.000000 -24503.0272739080    12.8551245666    -0.4872575829
 32000.000000 -24505.9578743545    -0.8508235307   -20.9128093594
 34000.000000 -24505.2032093746    10.5523807728    -9.2737876856
 36000.000000 -24503.6403473287    12.8713820224    -0.6972396291
 38000.000000 -24505.6775534381     6.8772340667   -14.0395821170
 40000.000000 -24502.9978618538    12.9013519708    -1.5111103254
