#! FIELDS time avg-405 weights weights405
 0.000000     0.0000000000     0.6475649218   -26.0646317059
 2000.000000 -24576.3116034417   -11.1466147642    27.6803999885
 4000.000000 -24566.9710195600     7.3120412684   -18.0276390673
 6000.000000 -24573.0629761431     2.8083291161    17.1847757258
 8000.000000 -24574.7635440062     1.9061565029   -24.6733125673
 10000.000000 -24568.4009488782    12.8749901933    -0.9986628414
 12000.000000 -24576.1337671927    11.0709855782   -11.1522799310
 14000.000000 -24572.8522533772    12.7410176059     0.5672987850
 16000.000000 -24574.8741948236    12.4923566613    -6.4841553076
 18000.000000 -24575.3298259124    -6.7329801167    24.5136498805
 20000.000000 -24573.5688552881    10.5988427081     7.3124231525
 22000.000000 -24568.1677564072     9.3707139515     9.4624157272
 24000.000000 -24572.3606151838    10.0363026491   -13.3878030471
 26000.000000 -24573.9300547244   -15.4118032482    30.7634275517
 28000.000000 -24572.4344981998    12.6051360556    -5.8419347223
 30000.000000 -24571.7395555559    12.8551245666    -0.6476716019
 32000.000000 -24574.8707500475    -0.8508235307   -27.7976848687
 34000.000000 -24578.1774194644    10.5523807728   -12.3268865121
 36000.000000 -24575.0746714612    12.8713820224    -0.9267835399
 38000.000000 -24571.2357684079     6.8772340667   -18.6616667646
 40000.000000 -24569.8152499189    12.9013519708    -2.0085952062
