#! FIELDS time avg-570 weights weights570
 0.000000     0.0000000000     0.6475649218    13.6460260178
 2000.000000 -24051.1229263875   -11.1466147642   -14.4919545646
 4000.000000 -24050.9230772706     7.3120412684     9.4382930297
 6000.000000 -24050.7047850998     2.8083291161    -8.9970155462
 8000.000000 -24055.4130627096     1.9061565029    12.9176068566
 10000.000000 -24052.5207202177    12.8749901933     0.5228456427
 12000.000000 -24049.0264932752    11.0709855782     5.8387282741
 14000.000000 -24050.6191586272    12.7410176059    -0.2970068431
 16000.000000 -24050.8218591457    12.4923566613     3.3947516707
 18000.000000 -24046.4980284154    -6.7329801167   -12.8340161424
 20000.000000 -24045.9720350161    10.5988427081    -3.8283877447
 22000.000000 -24049.3705331418     9.3707139515    -4.9540071259
 24000.000000 -24052.1979212583    10.0363026491     7.0091268030
 26000.000000 -24048.7126394759   -15.4118032482   -16.1060604079
 28000.000000 -24050.9215814278    12.6051360556     3.0585198408
 30000.000000 -24051.7847507809    12.8551245666     0.3390856863
 32000.000000 -24054.7528202228    -0.8508235307    14.5533585601
 34000.000000 -24051.2992639676    10.5523807728     6.4536885063
 36000.000000 -24055.0523237746    12.8713820224     0.4852135430
 38000.000000 -24046.9936943398     6.8772340667     9.7702355083
 40000.000000 -24046.1557134855    12.9013519708     1.0515913960
