#! FIELDS time avg-555 weights weights555
 0.000000     0.0000000000     0.6475649218    11.0116580607
 2000.000000 -24092.1397761077   -11.1466147642   -11.6942799382
 4000.000000 -24095.7084367182     7.3120412684     7.6162287383
 6000.000000 -24091.5540320663     2.8083291161    -7.2601399581
 8000.000000 -24099.4795895670     1.9061565029    10.4238603592
 10000.000000 -24094.5908227976    12.8749901933     0.4219101905
 12000.000000 -24093.4916748851    11.0709855782     4.7115606536
 14000.000000 -24095.0653503828    12.7410176059    -0.2396696147
 16000.000000 -24094.8482194982    12.4923566613     2.7393942053
 18000.000000 -24092.3846326461    -6.7329801167   -10.3564068485
 20000.000000 -24090.1128106677    10.5988427081    -3.0893167515
 22000.000000 -24092.1103283634     9.3707139515    -3.9976350939
 24000.000000 -24094.0287873493    10.0363026491     5.6560135206
 26000.000000 -24093.0868198521   -15.4118032482   -12.9967823369
 28000.000000 -24096.9617005904    12.6051360556     2.4680719951
 30000.000000 -24095.8819659365    12.8551245666     0.2736251291
 32000.000000 -24095.8254290590    -0.8508235307    11.7438298805
 34000.000000 -24094.8863290252    10.5523807728     5.2078026943
 36000.000000 -24098.3114849133    12.8713820224     0.3915429749
 38000.000000 -24091.9474466731     6.8772340667     7.8840896573
 40000.000000 -24089.7725182339    12.9013519708     0.8485814740
