#! FIELDS time avg-440 weights weights440
 0.000000     0.0000000000     0.6475649218   -15.1524055132
 2000.000000 -24454.8953717302   -11.1466147642    16.0917157828
 4000.000000 -24453.4574269252     7.3120412684   -10.4801825200
 6000.000000 -24450.9066709523     2.8083291161     9.9901925870
 8000.000000 -24455.8866201383     1.9061565029   -14.3435764446
 10000.000000 -24453.3889282505    12.8749901933    -0.5805623695
 12000.000000 -24453.2000175539    11.0709855782    -6.4832632135
 14000.000000 -24454.1868338592    12.7410176059     0.3297933128
 16000.000000 -24457.3269972177    12.4923566613    -3.7694969850
 18000.000000 -24449.2744218357    -6.7329801167    14.2507581841
 20000.000000 -24452.3276858930    10.5988427081     4.2510019762
 22000.000000 -24451.8148783129     9.3707139515     5.5008780424
 24000.000000 -24450.3516592644    10.0363026491    -7.7828615800
 26000.000000 -24460.4090590895   -15.4118032482    17.8840021413
 28000.000000 -24447.3971644693    12.6051360556    -3.3961486544
 30000.000000 -24453.6638147292    12.8551245666    -0.3765172231
 32000.000000 -24454.0835034975    -0.8508235307   -16.1598981414
 34000.000000 -24451.1796523602    10.5523807728    -7.1661086661
 36000.000000 -24450.5449810543    12.8713820224    -0.5387760770
 38000.000000 -24455.9204700967     6.8772340667   -10.8487679995
 40000.000000 -24455.1623653740    12.9013519708    -1.1676761605
