#! FIELDS time avg-535 weights weights535
 0.000000     0.0000000000     0.6475649218     7.2693783459
 2000.000000 -24151.1686570672   -11.1466147642    -7.7200131793
 4000.000000 -24154.2326207054     7.3120412684     5.0278757261
 6000.000000 -24148.0536056226     2.8083291161    -4.7928026741
 8000.000000 -24156.0230637664     1.9061565029     6.8813419703
 10000.000000 -24152.8176451082    12.8749901933     0.2785252489
 12000.000000 -24155.7094553733    11.0709855782     3.1103505759
 14000.000000 -24154.7117506569    12.7410176059    -0.1582185987
 16000.000000 -24153.1093094596    12.4923566613     1.8084191143
 18000.000000 -24153.5278882999    -6.7329801167    -6.8368123376
 20000.000000 -24152.4909310940    10.5988427081    -2.0394215088
 22000.000000 -24150.2317746164     9.3707139515    -2.6390505250
 24000.000000 -24151.0006285071    10.0363026491     3.7338339044
 26000.000000 -24152.7254211343   -15.4118032482    -8.5798639556
 28000.000000 -24158.8244285760    12.6051360556     1.6293049619
 30000.000000 -24155.5094875011    12.8551245666     0.1806344310
 32000.000000 -24150.0333702715    -0.8508235307     7.7527237189
 34000.000000 -24153.4997011584    10.5523807728     3.4379462137
 36000.000000 -24155.8746062804    12.8713820224     0.2584782426
 38000.000000 -24151.5443792367     6.8772340667     5.2047048970
 40000.000000 -24152.9206011976    12.9013519708     0.5601935474
