#! FIELDS time avg-545 weights weights545
 0.000000     0.0000000000     0.6475649218     9.1748510447
 2000.000000 -24120.9086941335   -11.1466147642    -9.7436077217
 4000.000000 -24125.0632655770     7.3120412684     6.3457985901
 6000.000000 -24119.3604097152     2.8083291161    -6.0491074380
 8000.000000 -24128.0272238934     1.9061565029     8.6851013334
 10000.000000 -24123.3696664767    12.8749901933     0.3515331779
 12000.000000 -24124.2924588923    11.0709855782     3.9256456155
 14000.000000 -24124.8216896934    12.7410176059    -0.1996913637
 16000.000000 -24124.0821730294    12.4923566613     2.2824477157
 18000.000000 -24123.0914955695    -6.7329801167    -8.6288994509
 20000.000000 -24120.8620688550    10.5988427081    -2.5740011966
 22000.000000 -24120.8819082194     9.3707139515    -3.3308068880
 24000.000000 -24122.2194094645    10.0363026491     4.7125583879
 26000.000000 -24122.9837998811   -15.4118032482   -10.8288453333
 28000.000000 -24127.9856419069    12.6051360556     2.0563835889
 30000.000000 -24125.5319915469    12.8551245666     0.2279829058
 32000.000000 -24122.7641844358    -0.8508235307     9.7848924526
 34000.000000 -24123.9017065388    10.5523807728     4.3391116694
 36000.000000 -24126.9052733675    12.8713820224     0.3262313861
 38000.000000 -24121.8491809275     6.8772340667     6.5689787887
 40000.000000 -24120.7641893221    12.9013519708     0.7070332715
