#! FIELDS time avg-485 weights weights485
 0.000000     0.0000000000     0.6475649218    -3.4366280545
 2000.000000 -24307.2995308271   -11.1466147642     3.6496674971
 4000.000000 -24309.1865782876     7.3120412684    -2.3769486128
 6000.000000 -24302.8406273595     2.8083291161     2.2658168754
 8000.000000 -24302.9295492427     1.9061565029    -3.2531822864
 10000.000000 -24304.1144730842    12.8749901933    -0.1316739395
 12000.000000 -24310.0660863171    11.0709855782    -1.4704308319
 14000.000000 -24307.3952187537    12.7410176059     0.0747984833
 16000.000000 -24310.5093947476    12.4923566613    -0.8549374605
 18000.000000 -24305.6213571081    -6.7329801167     3.2321307222
 20000.000000 -24305.0444674333    10.5988427081     0.9641447781
 22000.000000 -24307.4241633205     9.3707139515     1.2476218240
 24000.000000 -24304.6741987630    10.0363026491    -1.7651851006
 26000.000000 -24303.7720893932   -15.4118032482     4.0561654341
 28000.000000 -24305.3914921306    12.6051360556    -0.7702605195
 30000.000000 -24308.6385438099    12.8551245666    -0.0853956589
 32000.000000 -24305.2120122656    -0.8508235307    -3.6651315372
 34000.000000 -24310.2932345944    10.5523807728    -1.6253029964
 36000.000000 -24311.6535638361    12.8713820224    -0.1221966360
 38000.000000 -24303.3913840497     6.8772340667    -2.4605453195
 40000.000000 -24312.9647993390    12.9013519708    -0.2648337684
