#! FIELDS time avg-495 weights weights495
 0.000000     0.0000000000     0.6475649218    -1.1224004084
 2000.000000 -24277.1391433974   -11.1466147642     1.1919789469
 4000.000000 -24276.9820120863     7.3120412684    -0.7763098163
 6000.000000 -24271.9633786550     2.8083291161     0.7400142657
 8000.000000 -24270.8560555482     1.9061565029    -1.0624871440
 10000.000000 -24272.5346291484    12.8749901933    -0.0430046200
 12000.000000 -24279.9086347074    11.0709855782    -0.4802417195
 14000.000000 -24275.8914204232    12.7410176059     0.0244291343
 16000.000000 -24276.8769514139    12.4923566613    -0.2792219989
 18000.000000 -24274.3905286662    -6.7329801167     1.0556117173
 20000.000000 -24275.9477236044    10.5988427081     0.3148890353
 22000.000000 -24275.4241548677     9.3707139515     0.4074724476
 24000.000000 -24273.0892639828    10.0363026491    -0.5765082652
 26000.000000 -24271.5218873233   -15.4118032482     1.3247408994
 28000.000000 -24275.9398277353    12.6051360556    -0.2515665670
 30000.000000 -24278.1359848737    12.8551245666    -0.0278901647
 32000.000000 -24271.4325700888    -0.8508235307    -1.1970294920
 34000.000000 -24279.2685063706    10.5523807728    -0.5308228642
 36000.000000 -24280.5233438021    12.8713820224    -0.0399093390
 38000.000000 -24271.8635848501     6.8772340667    -0.8036124444
 40000.000000 -24281.6930379527    12.9013519708    -0.0864945304
