#! FIELDS time avg-450 weights weights450
 0.000000     0.0000000000     0.6475649218   -12.3464044923
 2000.000000 -24419.5582712752   -11.1466147642    13.1117684156
 4000.000000 -24422.2195440061     7.3120412684    -8.5394079793
 6000.000000 -24415.4721106040     2.8083291161     8.1401569227
 8000.000000 -24422.4151889800     1.9061565029   -11.6873585845
 10000.000000 -24421.3062779513    12.8749901933    -0.4730508196
 12000.000000 -24419.6305486358    11.0709855782    -5.2826589147
 14000.000000 -24420.7969050105    12.7410176059     0.2687204771
 16000.000000 -24425.2175252793    12.4923566613    -3.0714419878
 18000.000000 -24415.9139971926    -6.7329801167    11.6117288908
 20000.000000 -24417.3328741304    10.5988427081     3.4637793880
 22000.000000 -24419.5968551628     9.3707139515     4.4821969234
 24000.000000 -24417.0254978513    10.0363026491    -6.3415909170
 26000.000000 -24425.6631115845   -15.4118032482    14.5721498929
 28000.000000 -24414.7614928262    12.6051360556    -2.7672322369
 30000.000000 -24420.5542478674    12.8551245666    -0.3067918114
 32000.000000 -24421.0909361702    -0.8508235307   -13.1673244115
 34000.000000 -24417.4217946767    10.5523807728    -5.8390515057
 36000.000000 -24417.3361477486    12.8713820224    -0.4390027294
 38000.000000 -24421.5662274164     6.8772340667    -8.8397368885
 40000.000000 -24423.7374650019    12.9013519708    -0.9514398345
