#! FIELDS time avg-465 weights weights465
 0.000000     0.0000000000     0.6475649218    -8.3636933657
 2000.000000 -24369.1258660172   -11.1466147642     8.8821657009
 4000.000000 -24374.0958556113     7.3120412684    -5.7847602440
 6000.000000 -24364.8360868822     2.8083291161     5.5142998509
 8000.000000 -24371.1042188836     1.9061565029    -7.9172429121
 10000.000000 -24371.2006834715    12.8749901933    -0.3204537810
 12000.000000 -24371.1922069066    11.0709855782    -3.5785753938
 14000.000000 -24371.8078470744    12.7410176059     0.1820364522
 16000.000000 -24376.8546987133    12.4923566613    -2.0806542498
 18000.000000 -24368.3924452363    -6.7329801167     7.8660098937
 20000.000000 -24366.4437278842    10.5988427081     2.3464311983
 22000.000000 -24371.1941996248     9.3707139515     3.0363269481
 24000.000000 -24368.2431059556    10.0363026491    -4.2959164277
 26000.000000 -24372.6347457069   -15.4118032482     9.8714563791
 28000.000000 -24367.0056475067    12.6051360556    -1.8745766766
 30000.000000 -24371.3491379043    12.8551245666    -0.2078267110
 32000.000000 -24372.3918550026    -0.8508235307    -8.9198004078
 34000.000000 -24370.4716999514    10.5523807728    -3.9554865039
 36000.000000 -24371.3532607671    12.8713820224    -0.2973889457
 38000.000000 -24369.5795241865     6.8772340667    -5.9882088599
 40000.000000 -24376.2159215826    12.9013519708    -0.6445237589
