#! FIELDS time avg-510 weights weights510
 0.000000     0.0000000000     0.6475649218     2.1787772633
 2000.000000 -24230.6334034267   -11.1466147642    -2.3138414851
 4000.000000 -24229.5059409682     7.3120412684     1.5069543493
 6000.000000 -24224.6368928289     2.8083291161    -1.4364982805
 8000.000000 -24226.0151200474     1.9061565029     2.0624750443
 10000.000000 -24227.2838626068    12.8749901933     0.0834795564
 12000.000000 -24234.0817717077    11.0709855782     0.9322339261
 14000.000000 -24229.8812856996    12.7410176059    -0.0474212607
 16000.000000 -24228.0014038568    12.4923566613     0.5420191743
 18000.000000 -24228.5564123018    -6.7329801167    -2.0491286278
 20000.000000 -24231.3743643116    10.5988427081    -0.6112551861
 22000.000000 -24227.3402285942     9.3707139515    -0.7909759277
 24000.000000 -24226.1929027992    10.0363026491     1.1191042795
 26000.000000 -24226.0021657312   -15.4118032482    -2.5715558635
 28000.000000 -24232.7965736478    12.6051360556     0.4883351006
 30000.000000 -24232.1421870394    12.8551245666     0.0541397314
 32000.000000 -24222.9717344539    -0.8508235307     2.3236454844
 34000.000000 -24231.4619422665    10.5523807728     1.0304208540
 36000.000000 -24232.6507812978    12.8713820224     0.0774710699
 38000.000000 -24225.9175888948     6.8772340667     1.5599535686
 40000.000000 -24234.2947574259    12.9013519708     0.1679011473
