#! FIELDS time avg-430 weights weights430
 0.000000     0.0000000000     0.6475649218   -18.0889182096
 2000.000000 -24490.5111926591   -11.1466147642    19.2102653531
 4000.000000 -24484.2344395804     7.3120412684   -12.5112256440
 6000.000000 -24485.9715930174     2.8083291161    11.9262764217
 8000.000000 -24489.3281781448     1.9061565029   -17.1233393215
 10000.000000 -24485.0429837109    12.8749901933    -0.6930744567
 12000.000000 -24487.4946537867    11.0709855782    -7.7397095727
 14000.000000 -24488.1824265645    12.7410176059     0.3937067455
 16000.000000 -24489.7559987957    12.4923566613    -4.5000196566
 18000.000000 -24484.7651868122    -6.7329801167    17.0125330260
 20000.000000 -24487.0128914736    10.5988427081     5.0748395685
 22000.000000 -24483.8522936594     9.3707139515     6.5669396785
 24000.000000 -24484.2562599763    10.0363026491    -9.2911680877
 26000.000000 -24494.0488584996   -15.4118032482    21.3498940291
 28000.000000 -24481.2815975066    12.6051360556    -4.0543169982
 30000.000000 -24486.5909473769    12.8551245666    -0.4494856772
 32000.000000 -24488.4188567206    -0.8508235307   -19.2916613471
 34000.000000 -24486.8742144752    10.5523807728    -8.5548894154
 36000.000000 -24485.7077883339    12.8713820224    -0.6431900454
 38000.000000 -24489.3037984150     6.8772340667   -12.9512424180
 40000.000000 -24486.8643508605    12.9013519708    -1.3939699901
