#! FIELDS time avg-475 weights weights475
 0.000000     0.0000000000     0.6475649218    -5.8482968648
 2000.000000 -24337.6480739193   -11.1466147642     6.2108376706
 4000.000000 -24341.6170245187     7.3120412684    -4.0449827270
 6000.000000 -24333.4317296184     2.8083291161     3.8558638055
 8000.000000 -24336.6031578245     1.9061565029    -5.5361172242
 10000.000000 -24337.2170211244    12.8749901933    -0.2240767040
 12000.000000 -24340.3045122218    11.0709855782    -2.5023121175
 14000.000000 -24339.4664137564    12.7410176059     0.1272886470
 16000.000000 -24343.9921411189    12.4923566613    -1.4548935732
 18000.000000 -24337.0504031027    -6.7329801167     5.5002926325
 20000.000000 -24334.8772092628    10.5988427081     1.6407376049
 22000.000000 -24339.2559082772     9.3707139515     2.1231459111
 24000.000000 -24336.3565965441    10.0363026491    -3.0039114870
 26000.000000 -24337.6409997612   -15.4118032482     6.9025973177
 28000.000000 -24335.7940920514    12.6051360556    -1.3107942175
 30000.000000 -24339.5527893911    12.8551245666    -0.1453224370
 32000.000000 -24339.1368544980    -0.8508235307    -6.2371536686
 34000.000000 -24340.4816041005    10.5523807728    -2.7658665027
 36000.000000 -24341.7575182794    12.8713820224    -0.2079486613
 38000.000000 -24335.8983438982     6.8772340667    -4.1872437893
 40000.000000 -24344.4496864388    12.9013519708    -0.4506820269
