#! FIELDS time avg-455 weights weights455
 0.000000     0.0000000000     0.6475649218   -10.9896567459
 2000.000000 -24402.3212225177   -11.1466147642    11.6709147436
 4000.000000 -24406.3209353033     7.3120412684    -7.6010114980
 6000.000000 -24398.1063866355     2.8083291161     7.2456341840
 8000.000000 -24405.4709225046     1.9061565029   -10.4030334653
 10000.000000 -24404.8682468447    12.8749901933    -0.4210672131
 12000.000000 -24403.1919664479    11.0709855782    -4.7021469460
 14000.000000 -24404.3583567781    12.7410176059     0.2391907543
 16000.000000 -24409.1669569008    12.4923566613    -2.7339208902
 18000.000000 -24399.8712070607    -6.7329801167    10.3357147269
 20000.000000 -24400.0055482008    10.5988427081     3.0831442904
 22000.000000 -24403.4262915269     9.3707139515     3.9896478109
 24000.000000 -24400.6034179420    10.0363026491    -5.6447127943
 26000.000000 -24408.0314653469   -15.4118032482    12.9708147398
 28000.000000 -24398.7280709739    12.6051360556    -2.4631407823
 30000.000000 -24404.0234600518    12.8551245666    -0.2730784256
 32000.000000 -24404.8948948985    -0.8508235307   -11.7203656850
 34000.000000 -24401.3412998447    10.5523807728    -5.1973974941
 36000.000000 -24401.5864210663    12.8713820224    -0.3907606712
 38000.000000 -24404.1767945851     6.8772340667    -7.8683372304
 40000.000000 -24407.9625797688    12.9013519708    -0.8468860065
