#! FIELDS time avg-460 weights weights460
 0.000000     0.0000000000     0.6475649218    -9.6624035157
 2000.000000 -24385.4973669610   -11.1466147642    10.2613839774
 4000.000000 -24390.2641210075     7.3120412684    -6.6830149403
 6000.000000 -24381.2071152067     2.8083291161     6.3705575917
 8000.000000 -24388.3534531826     1.9061565029    -9.1466284574
 10000.000000 -24388.1430716847    12.8749901933    -0.3702136849
 12000.000000 -24387.0401118378    11.0709855782    -4.1342548028
 14000.000000 -24388.0442572304    12.7410176059     0.2103029821
 16000.000000 -24393.0610318052    12.4923566613    -2.4037372079
 18000.000000 -24384.0734845576    -6.7329801167     9.0874400015
 20000.000000 -24383.0001776169    10.5988427081     2.7107838689
 22000.000000 -24387.2777491129     9.3707139515     3.5078062879
 24000.000000 -24384.3477558589    10.0363026491    -4.9629841959
 26000.000000 -24390.3279050947   -15.4118032482    11.4042912205
 28000.000000 -24382.8142547036    12.6051360556    -2.1656600115
 30000.000000 -24387.5985120971    12.8551245666    -0.2400979394
 32000.000000 -24388.7047712487    -0.8508235307   -10.3048625829
 34000.000000 -24385.7271024321    10.5523807728    -4.5696924828
 36000.000000 -24386.3072826990    12.8713820224    -0.3435673535
 38000.000000 -24386.8061553441     6.8772340667    -6.9180549562
 40000.000000 -24392.1147872150    12.9013519708    -0.7446050879
