#! FIELDS time avg-420 weights weights420
 0.000000     0.0000000000     0.6475649218   -21.1652648439
 2000.000000 -24525.4479698772   -11.1466147642    22.4773172839
 4000.000000 -24515.6347181756     7.3120412684   -14.6389851073
 6000.000000 -24520.2532241481     2.8083291161    13.9545547247
 8000.000000 -24523.3001314923     1.9061565029   -20.0354718592
 10000.000000 -24517.2765463471    12.8749901933    -0.8109442622
 12000.000000 -24522.5522887284    11.0709855782    -9.0559867109
 14000.000000 -24522.2980053900    12.7410176059     0.4606636750
 16000.000000 -24522.9398104722    12.4923566613    -5.2653291220
 18000.000000 -24521.5706372321    -6.7329801167    19.9058209556
 20000.000000 -24521.3236029531    10.5988427081     5.9379075223
 22000.000000 -24516.3402365691     9.3707139515     7.6837661544
 24000.000000 -24518.8147676301    10.0363026491   -10.8712987149
 26000.000000 -24526.4253913008   -15.4118032482    24.9808283878
 28000.000000 -24516.8153537974    12.6051360556    -4.7438266918
 30000.000000 -24519.5714697220    12.8551245666    -0.5259288196
 32000.000000 -24523.5036260214    -0.8508235307   -22.5725561340
 34000.000000 -24523.6562122219    10.5523807728   -10.0098025813
 36000.000000 -24521.5807945091    12.8713820224    -0.7525761076
 38000.000000 -24521.9481003818     6.8772340667   -15.1538346660
 40000.000000 -24519.3679781903    12.9013519708    -1.6310397163
