#! FIELDS time avg-415 weights weights415
 0.000000     0.0000000000     0.6475649218   -22.7590347869
 2000.000000 -24542.5368089899   -11.1466147642    24.1698863565
 4000.000000 -24532.0490809116     7.3120412684   -15.7413183232
 6000.000000 -24537.4618910421     2.8083291161    15.0053495082
 8000.000000 -24540.4703019335     1.9061565029   -21.5441670293
 10000.000000 -24533.8845929230    12.8749901933    -0.8720093422
 12000.000000 -24540.3571320631    11.0709855782    -9.7379134210
 14000.000000 -24539.2457421099    12.7410176059     0.4953522047
 16000.000000 -24539.9428851581    12.4923566613    -5.6618147486
 18000.000000 -24539.8650213065    -6.7329801167    21.4047532565
 20000.000000 -24538.5419463788    10.5988427081     6.3850391129
 22000.000000 -24533.0836144555     9.3707139515     8.2623630034
 24000.000000 -24536.4090488892    10.0363026491   -11.6899206061
 26000.000000 -24542.2769614775   -15.4118032482    26.8619148628
 28000.000000 -24535.1560813982    12.6051360556    -5.1010425572
 30000.000000 -24536.3958165142    12.8551245666    -0.5655318934
 32000.000000 -24540.8690202344    -0.8508235307   -24.2722968067
 34000.000000 -24542.0665254179    10.5523807728   -10.7635527756
 36000.000000 -24539.4414133671    12.8713820224    -0.8092459952
 38000.000000 -24538.2233658800     6.8772340667   -16.2949366740
 40000.000000 -24535.9714875617    12.9013519708    -1.7538589720
