#! FIELDS time avg-595 weights weights595
 0.000000     0.0000000000     0.6475649218    17.7414720015
 2000.000000 -23984.4451946417   -11.1466147642   -18.8412806644
 4000.000000 -23977.5029074479     7.3120412684    12.2709139870
 6000.000000 -23981.9837642179     2.8083291161   -11.6972002839
 8000.000000 -23980.1218372293     1.9061565029    16.7944396466
 10000.000000 -23981.7782401803    12.8749901933     0.6797621021
 12000.000000 -23978.4827616480    11.0709855782     7.5910476841
 14000.000000 -23976.4841374992    12.7410176059    -0.3861445511
 16000.000000 -23979.9593292178    12.4923566613     4.4135847052
 18000.000000 -23972.5269540772    -6.7329801167   -16.6857616834
 20000.000000 -23975.9528666859    10.5988427081    -4.9773636584
 22000.000000 -23978.0775757018     9.3707139515    -6.4408039824
 24000.000000 -23980.9567904381    10.0363026491     9.1127062757
 26000.000000 -23977.2675628922   -15.4118032482   -20.9398120310
 28000.000000 -23976.3054088312    12.6051360556     3.9764429623
 30000.000000 -23980.1187384115    12.8551245666     0.4408520988
 32000.000000 -23980.8282060987    -0.8508235307    18.9211132300
 34000.000000 -23976.2361788927    10.5523807728     8.3905698108
 36000.000000 -23980.8762373073    12.8713820224     0.6308358549
 38000.000000 -23973.4727773442     6.8772340667    12.7024790583
 40000.000000 -23979.6969511814    12.9013519708     1.3671950563
