#! FIELDS time avg-600 weights weights600
 0.000000     0.0000000000     0.6475649218    18.5196067384
 2000.000000 -23970.9747353435   -11.1466147642   -19.6676526234
 4000.000000 -23963.5072055026     7.3120412684    12.8091119689
 6000.000000 -23967.7870134141     2.8083291161   -12.2102353841
 8000.000000 -23965.2411887660     1.9061565029    17.5310378768
 10000.000000 -23967.2142183988    12.8749901933     0.7095762294
 12000.000000 -23964.6166161011    11.0709855782     7.9239883720
 14000.000000 -23961.7007253730    12.7410176059    -0.4030807156
 16000.000000 -23966.3773051390    12.4923566613     4.6071629817
 18000.000000 -23958.1172171772    -6.7329801167   -17.4175933362
 20000.000000 -23962.1350376128    10.5988427081    -5.1956690820
 22000.000000 -23963.9523614036     9.3707139515    -6.7232953851
 24000.000000 -23966.3489579123    10.0363026491     9.5123863755
 26000.000000 -23963.2713667607   -15.4118032482   -21.8582248393
 28000.000000 -23961.6611451352    12.6051360556     4.1508483553
 30000.000000 -23966.2198424385    12.8551245666     0.4601877172
 32000.000000 -23965.1596410533    -0.8508235307    19.7509866172
 34000.000000 -23961.0859479536    10.5523807728     8.7585772586
 36000.000000 -23965.8637004134    12.8713820224     0.6585040941
 38000.000000 -23959.0727571196     6.8772340667    13.2596053327
 40000.000000 -23966.8354118735    12.9013519708     1.4271597518
