#! FIELDS time avg-560 weights weights560
 0.000000     0.0000000000     0.6475649218    11.9054614747
 2000.000000 -24078.2431606716   -11.1466147642   -12.6434909722
 4000.000000 -24080.8661356703     7.3120412684     8.2344291229
 6000.000000 -24077.8690504181     2.8083291161    -7.8494370326
 8000.000000 -24084.9545922537     1.9061565029    11.2699529208
 10000.000000 -24080.4606406391    12.8749901933     0.4561561475
 12000.000000 -24078.4289430175    11.0709855782     5.0939925249
 14000.000000 -24080.2338740911    12.7410176059    -0.2591233172
 16000.000000 -24080.1554053486    12.4923566613     2.9617476311
 18000.000000 -24077.0212662060    -6.7329801167   -11.1970242875
 20000.000000 -24075.1412948333    10.5988427081    -3.3400729813
 22000.000000 -24077.8437895251     9.3707139515    -4.3221184619
 24000.000000 -24080.0693997261    10.0363026491     6.1151055271
 26000.000000 -24078.1924879749   -15.4118032482   -14.0517159681
 28000.000000 -24081.5175759678    12.6051360556     2.6684025141
 30000.000000 -24081.1350497646    12.8551245666     0.2958349610
 32000.000000 -24082.2964464345    -0.8508235307    12.6970628254
 34000.000000 -24080.4305546129    10.5523807728     5.6305139520
 36000.000000 -24083.9854293098    12.8713820224     0.4233240605
 38000.000000 -24076.9481775956     6.8772340667     8.5240319996
 40000.000000 -24074.8389989540    12.9013519708     0.9174598404
