#! FIELDS time avg-480 weights weights480
 0.000000     0.0000000000     0.6475649218    -4.6299016846
 2000.000000 -24322.3887525186   -11.1466147642     4.9169131559
 4000.000000 -24325.3827510834     7.3120412684    -3.2022779922
 6000.000000 -24318.1152181538     2.8083291161     3.0525588460
 8000.000000 -24319.6033062269     1.9061565029    -4.3827594692
 10000.000000 -24320.4933316428    12.8749901933    -0.1773940574
 12000.000000 -24325.1421946594    11.0709855782    -1.9809970930
 14000.000000 -24323.3790488028    12.7410176059     0.1007701789
 16000.000000 -24327.3127695071    12.4923566613    -1.1517907454
 18000.000000 -24321.3360258370    -6.7329801167     4.3543983340
 20000.000000 -24319.7962827478    10.5988427081     1.2989172705
 22000.000000 -24323.3480428876     9.3707139515     1.6808238463
 24000.000000 -24320.5024583507    10.0363026491    -2.3780965939
 26000.000000 -24320.5255527690   -15.4118032482     5.4645562098
 28000.000000 -24320.4739484563    12.6051360556    -1.0377120888
 30000.000000 -24324.0073790468    12.8551245666    -0.1150469293
 32000.000000 -24322.2181840651    -0.8508235307    -4.9377466543
 34000.000000 -24325.4676647562    10.5523807728    -2.1896443147
 36000.000000 -24326.8201656098    12.8713820224    -0.1646260235
 38000.000000 -24319.5049808133     6.8772340667    -3.3149013332
 40000.000000 -24328.6654495771    12.9013519708    -0.3567899379
