#! FIELDS time avg-445 weights weights445
 0.000000     0.0000000000     0.6475649218   -13.7336409521
 2000.000000 -24437.1230678113   -11.1466147642    14.5850008219
 4000.000000 -24437.9302568269     7.3120412684    -9.4988920219
 6000.000000 -24433.1442918364     2.8083291161     9.0547812961
 8000.000000 -24439.1998826934     1.9061565029   -13.0005449423
 10000.000000 -24437.4582701451    12.8749901933    -0.5262025971
 12000.000000 -24436.3146938071    11.0709855782    -5.8762160961
 14000.000000 -24437.4011473382    12.7410176059     0.2989137891
 16000.000000 -24441.2564748324    12.4923566613    -3.4165478291
 18000.000000 -24432.3423509318    -6.7329801167    12.9164175302
 20000.000000 -24434.8238864136    10.5988427081     3.8529680833
 22000.000000 -24435.7378881876     9.3707139515     4.9858145553
 24000.000000 -24433.6123353677    10.0363026491    -7.0541292223
 26000.000000 -24443.1461416845   -15.4118032482    16.2094701056
 28000.000000 -24430.9611348614    12.6051360556    -3.0781572073
 30000.000000 -24437.1200907936    12.8551245666    -0.3412628015
 32000.000000 -24437.4429065878    -0.8508235307   -14.6467990645
 34000.000000 -24434.0313013639    10.5523807728    -6.4951247086
 36000.000000 -24433.6502565108    12.8713820224    -0.4883288788
 38000.000000 -24438.8471768856     6.8772340667    -9.8329657524
 40000.000000 -24439.4536821304    12.9013519708    -1.0583431867
