#! FIELDS time avg-400 weights weights400
 0.000000     0.0000000000     0.6475649218   -27.7794101076
 2000.000000 -24593.3372737031   -11.1466147642    29.5014789351
 4000.000000 -24585.4444368860     7.3120412684   -19.2136679533
 6000.000000 -24591.6735144948     2.8083291161    18.3153530762
 8000.000000 -24591.7515266259     1.9061565029   -26.2965568151
 10000.000000 -24586.3333280767    12.8749901933    -1.0643643441
 12000.000000 -24593.8572738762    11.0709855782   -11.8859825580
 14000.000000 -24589.5809531581    12.7410176059     0.6046210734
 16000.000000 -24592.7506982878    12.4923566613    -6.9107444726
 18000.000000 -24592.5189632463    -6.7329801167    26.1263900042
 20000.000000 -24591.4632896681    10.5988427081     7.7935036230
 22000.000000 -24586.6630238978     9.3707139515    10.0849430777
 24000.000000 -24590.7670105916    10.0363026491   -14.2685795633
 26000.000000 -24590.0024819130   -15.4118032482    32.7873372590
 28000.000000 -24591.0316605275    12.6051360556    -6.2262725330
 30000.000000 -24590.5743696009    12.8551245666    -0.6902815758
 32000.000000 -24591.8139261079    -0.8508235307   -29.6264799259
 34000.000000 -24595.7185277772    10.5523807728   -13.1378658879
 36000.000000 -24593.0841627496    12.8713820224    -0.9877561412
 38000.000000 -24588.1685218295     6.8772340667   -19.8894079991
 40000.000000 -24587.0575003346    12.9013519708    -2.1407396276
