#! FIELDS time avg-470 weights weights470
 0.000000     0.0000000000     0.6475649218    -7.0926153466
 2000.000000 -24353.1954585876   -11.1466147642     7.5322924941
 4000.000000 -24357.8657431211     7.3120412684    -4.9056173498
 6000.000000 -24348.9514319169     2.8083291161     4.6762603599
 8000.000000 -24353.8135072990     1.9061565029    -6.7140145060
 10000.000000 -24354.1713333801    12.8749901933    -0.2717525985
 12000.000000 -24355.6305637813    11.0709855782    -3.0347189510
 14000.000000 -24355.6169338239    12.7410176059     0.1543713379
 16000.000000 -24360.5069861238    12.4923566613    -1.7644453973
 18000.000000 -24352.7343549923    -6.7329801167     6.6705676607
 20000.000000 -24350.4037139507    10.5988427081     1.9898307123
 22000.000000 -24355.1919517600     9.3707139515     2.5748790837
 24000.000000 -24352.2586875313    10.0363026491    -3.6430415906
 26000.000000 -24355.0411496220   -15.4118032482     8.3712350449
 28000.000000 -24351.3193718364    12.6051360556    -1.5896866042
 30000.000000 -24355.3272529109    12.8551245666    -0.1762421044
 32000.000000 -24355.8755773803    -0.8508235307    -7.5642076406
 34000.000000 -24355.4384145522    10.5523807728    -3.3543487373
 36000.000000 -24356.5571759603    12.8713820224    -0.2521930573
 38000.000000 -24352.5928855788     6.8772340667    -5.0781467232
 40000.000000 -24360.3111780851    12.9013519708    -0.5465718198
