#! FIELDS time avg-435 weights weights435
 0.000000     0.0000000000     0.6475649218   -16.6037853517
 2000.000000 -24472.7369290876   -11.1466147642    17.6330678693
 4000.000000 -24468.8549115020     7.3120412684   -11.4840314204
 6000.000000 -24468.5557845111     2.8083291161    10.9471075858
 8000.000000 -24472.5656650959     1.9061565029   -15.7174822343
 10000.000000 -24469.2071586804    12.8749901933    -0.6361717919
 12000.000000 -24470.2598659491    11.0709855782    -7.1042654370
 14000.000000 -24471.1326336938    12.7410176059     0.3613827106
 16000.000000 -24473.4757974272    12.4923566613    -4.1305599146
 18000.000000 -24466.7643111413    -6.7329801167    15.6157733359
 20000.000000 -24469.7374741656    10.5988427081     4.6581860735
 22000.000000 -24467.8336977627     9.3707139515     6.0277820694
 24000.000000 -24467.2324958883    10.0363026491    -8.5283464057
 26000.000000 -24477.3902048658   -15.4118032482    19.5970291663
 28000.000000 -24464.1479172155    12.6051360556    -3.7214502496
 30000.000000 -24470.1531400396    12.8551245666    -0.4125820913
 32000.000000 -24471.0840523141    -0.8508235307   -17.7077811051
 34000.000000 -24468.8238602073    10.5523807728    -7.8525175422
 36000.000000 -24467.9473426528    12.8713820224    -0.5903829809
 38000.000000 -24472.7368818587     6.8772340667   -11.8879220225
 40000.000000 -24470.9394257807    12.9013519708    -1.2795225361
