#! FIELDS time avg-505 weights weights505
 0.000000     0.0000000000     0.6475649218     1.1001746577
 2000.000000 -24246.3601143328   -11.1466147642    -1.1683754034
 4000.000000 -24245.1785896381     7.3120412684     0.7609373447
 6000.000000 -24240.4752120000     2.8083291161    -0.7253605179
 8000.000000 -24240.5755195583     1.9061565029     1.0414477947
 10000.000000 -24242.2061854043    12.8749901933     0.0421530433
 12000.000000 -24249.4640738344    11.0709855782     0.4707319825
 14000.000000 -24245.0790009128    12.7410176059    -0.0239453890
 16000.000000 -24243.9583120921    12.4923566613     0.2736928504
 18000.000000 -24243.6891490288    -6.7329801167    -1.0347085150
 20000.000000 -24246.4818390029    10.5988427081    -0.3086536088
 22000.000000 -24243.3146122065     9.3707139515    -0.3994036862
 24000.000000 -24241.7232468492    10.0363026491     0.5650922599
 26000.000000 -24240.8744225343   -15.4118032482    -1.2985084063
 28000.000000 -24247.1422865224    12.6051360556     0.2465850508
 30000.000000 -24247.5359303390    12.8551245666     0.0273378842
 32000.000000 -24238.7315946566    -0.8508235307     1.1733259377
 34000.000000 -24247.4728542742    10.5523807728     0.5203115203
 36000.000000 -24248.6363019775    12.8713820224     0.0391190551
 38000.000000 -24241.0776065164     6.8772340667     0.7876993267
 40000.000000 -24250.2273270383    12.9013519708     0.0847817674
