#! FIELDS time avg-565 weights weights565
 0.000000     0.0000000000     0.6475649218    12.7834453592
 2000.000000 -24064.5934072075   -11.1466147642   -13.5759018109
 4000.000000 -24065.9226998684     7.3120412684     8.8416879077
 6000.000000 -24064.2675142869     2.8083291161    -8.4283040705
 8000.000000 -24070.2611854735     1.9061565029    12.1010703928
 10000.000000 -24066.4568135039    12.8749901933     0.4897959814
 12000.000000 -24063.6107057293    11.0709855782     5.4696556904
 14000.000000 -24065.4224574366    12.7410176059    -0.2782327064
 16000.000000 -24065.4621212254    12.4923566613     3.1801655980
 18000.000000 -24061.7118926082    -6.7329801167   -12.0227635418
 20000.000000 -24060.4352484797    10.5988427081    -3.5863910478
 22000.000000 -24063.6069049999     9.3707139515    -4.6408587614
 24000.000000 -24066.1417318389    10.0363026491     6.5660720114
 26000.000000 -24063.3912223459   -15.4118032482   -15.0879782077
 28000.000000 -24066.1655365843    12.6051360556     2.8651873603
 30000.000000 -24066.4328607275    12.8551245666     0.3176516986
 32000.000000 -24068.6286141617    -0.8508235307    13.6334243907
 34000.000000 -24065.9194193863    10.5523807728     6.0457435944
 36000.000000 -24069.5745899730    12.8713820224     0.4545426490
 38000.000000 -24061.9530558031     6.8772340667     9.1526479288
 40000.000000 -24060.3036261798    12.9013519708     0.9851191207
