#! FIELDS time avg-575 weights weights575
 0.000000     0.0000000000     0.6475649218    14.4936052735
 2000.000000 -24037.7660395059   -11.1466147642   -15.3920759661
 4000.000000 -24035.9340272687     7.3120412684    10.0245224104
 6000.000000 -24037.1375113794     2.8083291161    -9.5558363876
 8000.000000 -24040.4356225236     1.9061565029    13.7199426862
 10000.000000 -24038.5854695525    12.8749901933     0.5553205274
 12000.000000 -24034.6500704494    11.0709855782     6.2013822042
 14000.000000 -24035.8120043812    12.7410176059    -0.3154544731
 16000.000000 -24036.2889579763    12.4923566613     3.6056058118
 18000.000000 -24031.4116212747    -6.7329801167   -13.6311600022
 20000.000000 -24031.7178100053    10.5988427081    -4.0661758033
 22000.000000 -24035.1169008773     9.3707139515    -5.2617094318
 24000.000000 -24038.1918022436    10.0363026491     7.4444762939
 26000.000000 -24034.1721270530   -15.4118032482   -17.1064368308
 28000.000000 -24035.7900462415    12.6051360556     3.2484900172
 30000.000000 -24037.2101061626    12.8551245666     0.3601469091
 32000.000000 -24040.6099389524    -0.8508235307    15.4572938744
 34000.000000 -24036.5361296419    10.5523807728     6.8545387241
 36000.000000 -24040.4095399155    12.8713820224     0.5153510302
 38000.000000 -24032.0987191437     6.8772340667    10.3770824343
 40000.000000 -24032.3647175267    12.9013519708     1.1169076318
