#! FIELDS time avg-410 weights weights410
 0.000000     0.0000000000     0.6475649218   -24.3916771676
 2000.000000 -24559.4428731969   -11.1466147642    25.9037376016
 4000.000000 -24549.1467903190     7.3120412684   -16.8705377151
 6000.000000 -24555.0102553445     2.8083291161    16.0817734327
 8000.000000 -24557.6556646076     1.9061565029   -23.0896596426
 10000.000000 -24550.9157537544    12.8749901933    -0.9345638144
 12000.000000 -24558.2575961026    11.0709855782   -10.4364724900
 14000.000000 -24556.0907621879    12.7410176059     0.5308867962
 16000.000000 -24557.2568556895    12.4923566613    -6.0679707564
 18000.000000 -24557.8053639063    -6.7329801167    22.9402448818
 20000.000000 -24555.9347900116    10.5988427081     6.8430763519
 22000.000000 -24550.3284584511     9.3707139515     8.8550719706
 24000.000000 -24554.2497338094    10.0363026491   -12.5285088849
 26000.000000 -24558.0640193108   -15.4118032482    28.7888814957
 28000.000000 -24553.7485449765    12.6051360556    -5.4669710046
 30000.000000 -24553.7164837583    12.8551245666    -0.6061008958
 32000.000000 -24557.9670383455    -0.8508235307   -26.0134945691
 34000.000000 -24560.2784650964    10.5523807728   -11.5356871211
 36000.000000 -24557.2381423709    12.8713820224    -0.8672980752
 38000.000000 -24554.6167126185     6.8772340667   -17.4638704382
 40000.000000 -24552.7905771737    12.9013519708    -1.8796738194
