#! FIELDS time avg-525 weights weights525
 0.000000     0.0000000000     0.6475649218     5.2913162110
 2000.000000 -24182.6900008286   -11.1466147642    -5.6193293210
 4000.000000 -24183.7443168725     7.3120412684     3.6597462768
 6000.000000 -24177.8999158116     2.8083291161    -3.4886386812
 8000.000000 -24183.7690861609     1.9061565029     5.0088679648
 10000.000000 -24182.6148688008    12.8749901933     0.2027360656
 12000.000000 -24187.2717380538    11.0709855782     2.2639966777
 14000.000000 -24184.6976885988    12.7410176059    -0.1151659188
 16000.000000 -24182.3291554803    12.4923566613     1.3163322805
 18000.000000 -24183.6066238644    -6.7329801167    -4.9764552389
 20000.000000 -24184.4492075415    10.5988427081    -1.4844768806
 22000.000000 -24180.4108014262     9.3707139515    -1.9209415386
 24000.000000 -24180.5245417115    10.0363026491     2.7178246787
 26000.000000 -24182.1124412690   -15.4118032482    -6.2452070970
 28000.000000 -24189.0181717506    12.6051360556     1.1859566730
 30000.000000 -24185.9336202797    12.8551245666     0.1314822049
 32000.000000 -24178.1719897833    -0.8508235307     5.6431390335
 34000.000000 -24184.0342115650    10.5523807728     2.5024506453
 36000.000000 -24185.7585584044    12.8713820224     0.1881440269
 38000.000000 -24181.1362180991     6.8772340667     3.7884586665
 40000.000000 -24185.6212725172    12.9013519708     0.4077599291
