#! FIELDS time avg-540 weights weights540
 0.000000     0.0000000000     0.6475649218     8.2309363282
 2000.000000 -24135.8527994086   -11.1466147642    -8.7411789437
 4000.000000 -24139.6405043433     7.3120412684     5.6929386528
 6000.000000 -24133.5751356727     2.8083291161    -5.4267712818
 8000.000000 -24142.0795920717     1.9061565029     7.7915723897
 10000.000000 -24138.0243436784    12.8749901933     0.3153672131
 12000.000000 -24139.9522933705    11.0709855782     3.5217726098
 14000.000000 -24139.7516458028    12.7410176059    -0.1791469847
 16000.000000 -24138.6070114666    12.4923566613     2.0476279919
 18000.000000 -24138.3557069985    -6.7329801167    -7.7411525938
 20000.000000 -24136.5929605985    10.5988427081    -2.3091862587
 22000.000000 -24135.4662467763     9.3707139515    -2.9881312823
 24000.000000 -24136.5232519571    10.0363026491     4.2277272780
 26000.000000 -24137.8932070643   -15.4118032482    -9.7147665953
 28000.000000 -24143.4593619976    12.6051360556     1.8448214913
 30000.000000 -24140.4694907297    12.8551245666     0.2045278743
 32000.000000 -24136.3221936744    -0.8508235307     8.7782162743
 34000.000000 -24138.5989251668    10.5523807728     3.8927010038
 36000.000000 -24141.3061193343    12.8713820224     0.2926684863
 38000.000000 -24136.7214181162     6.8772340667     5.8931579257
 40000.000000 -24136.7314477919    12.9013519708     0.6342932230
