#! FIELDS time avg-580 weights weights580
 0.000000     0.0000000000     0.6475649218    15.3265710938
 2000.000000 -24024.4638401130   -11.1466147642   -16.2766780332
 4000.000000 -24021.0320368254     7.3120412684    10.6006443880
 6000.000000 -24023.5230069350     2.8083291161   -10.1050223869
 8000.000000 -24025.3657436634     1.9061565029    14.5084451394
 10000.000000 -24024.5862094108    12.8749901933     0.5872355002
 12000.000000 -24020.4453185447    11.0709855782     6.5577834803
 14000.000000 -24020.9920953533    12.7410176059    -0.3335840405
 16000.000000 -24021.9103254272    12.4923566613     3.8128245366
 18000.000000 -24016.4718740630    -6.7329801167   -14.4145600023
 20000.000000 -24017.6315990557    10.5988427081    -4.2998640679
 22000.000000 -24020.8425364481     9.3707139515    -5.5641065256
 24000.000000 -24024.0837135596    10.0363026491     7.8723197591
 26000.000000 -24019.7709523124   -15.4118032482   -18.0895653843
 28000.000000 -24020.7683181162    12.6051360556     3.4351848458
 30000.000000 -24022.7339592542    12.8551245666     0.3808450073
 32000.000000 -24026.1563120061    -0.8508235307    16.3456440970
 34000.000000 -24021.6204361749    10.5523807728     7.2484777313
 36000.000000 -24025.6517729773    12.8713820224     0.5449689055
 38000.000000 -24017.2898660269     6.8772340667    10.9734664823
 40000.000000 -24018.8840995182    12.9013519708     1.1810977256
