400 -24590.6796222 2.6805522676 0.599389708759 -24585.4444369 -24595.7185278
405 -24573.0037664 2.87301820366 0.642426400399 -24566.9710196 -24578.1774195
410 -24555.5257441 2.99612237446 0.66995332982 -24549.1467903 -24560.2784651
415 -24538.2124369 2.99785552056 0.670340873071 -24532.0490809 -24542.536809
420 -24521.0310433 2.90903947856 0.650481002329 -24515.6347182 -24526.4253913
425 -24503.9568095 2.80880407886 0.628067685581 -24498.8383979 -24510.3798669
430 -24486.9749255 2.7705574202 0.619515472714 -24481.2815975 -24494.0488585
435 -24470.0789775 2.81359848549 0.629139747494 -24464.1479172 -24477.3902049
440 -24453.2689261 2.90335210327 0.649209266552 -24447.3971645 -24460.4090591
445 -24436.5498619 2.99090815086 0.668787393977 -24430.9611349 -24443.1461417
450 -24419.930851 3.04183766475 0.680175579491 -24414.7614928 -24425.6631116
455 -24403.4228223 3.04151643788 0.680103750977 -24398.1063866 -24409.1669569
460 -24387.0355233 2.99369794438 0.669411210773 -24381.2071152 -24393.0610318
465 -24370.7746367 2.92065034087 0.65307727007 -24364.8360869 -24376.8546987
470 -24354.6401836 2.85934552161 0.639369095748 -24348.9514319 -24360.5069861
475 -24338.626604 2.84672745016 0.636547609196 -24333.4317296 -24344.4496864
480 -24322.7241754 2.89880196195 0.648191824023 -24318.1152182 -24328.6654496
485 -24306.9211382 3.00099201099 0.67104221365 -24302.8406274 -24312.9647993
490 -24291.2059382 3.11881733287 0.69738875657 -24286.665878 -24297.3234915
495 -24275.569132 3.21646575226 0.719223606935 -24270.8560555 -24281.693038
500 -24260.0046426 3.26845071092 0.730847797073 -24254.9014931 -24266.0132988
505 -24244.5102089 3.26214355643 0.729437474453 -24238.7315947 -24250.227327
510 -24229.087066 3.19585960574 0.714615932498 -24222.9717345 -24234.2947574
515 -24213.7390565 3.07656712261 0.687941322349 -24207.6369497 -24218.5842876
520 -24198.47145 2.91871048852 0.652643505897 -24192.7146001 -24203.7946313
525 -24183.2897214 2.74361013087 0.613489875639 -24177.8999158 -24189.0181718
530 -24168.1984552 2.57782809552 0.576419885589 -24162.8250627 -24174.0238259
535 -24153.2004663 2.4487339964 0.547553567477 -24148.0536056 -24158.8244286
540 -24138.2961828 2.37684739254 0.531479234185 -24133.5751357 -24143.459362
545 -24123.4833216 2.36812884737 0.52952970822 -24119.3604097 -24128.0272239
550 -24108.7568755 2.41218301384 0.539380519313 -24105.09249 -24113.8340564
555 -24094.1094078 2.48837614337 0.556417821017 -24089.7725182 -24099.4795896
560 -24079.5316137 2.57470188254 0.575720843115 -24074.838999 -24084.9545923
565 -24065.0130804 2.65373128083 0.593392353796 -24060.3036262 -24070.2611855
570 -24050.5431694 2.71475610267 0.60703791879 -24045.972035 -24055.4130627
575 -24036.1119581 2.7541705701 0.615851261638 -24031.4116213 -24040.609939
580 -24021.7112008 2.77591685515 0.620713878801 -24016.4718741 -24026.156312
585 -24007.3352756 2.79231135253 0.62437979986 -24001.6842674 -24011.3689982
590 -23992.9820694 2.82397260815 0.631459471841 -23987.041642 -23997.836725
595 -23978.653721 2.89660891744 0.647701444364 -23972.5269541 -23984.4451946
600 -23964.3571197 3.03341257676 0.678291672543 -23958.1172172 -23970.9747353
