#! FIELDS time energy
 0.000000 -23951.541386
 1.000000 -23994.841032
 2.000000 -24063.589582
 3.000000 -23731.979503
 4.000000 -23958.383696
 5.000000 -23917.955613
 6.000000 -23970.288202
 7.000000 -23994.053461
 8.000000 -23989.965638
 9.000000 -24042.785456
 10.000000 -23921.696000
 11.000000 -23790.663662
 12.000000 -24096.551125
 13.000000 -23752.463893
 14.000000 -23952.612748
 15.000000 -23894.388277
 16.000000 -23969.450017
 17.000000 -24065.131028
 18.000000 -24026.304862
 19.000000 -23827.150827
 20.000000 -23854.152222
 21.000000 -24059.936483
 22.000000 -23985.177428
 23.000000 -23980.280126
 24.000000 -24020.815969
 25.000000 -23991.467014
 26.000000 -23705.708755
 27.000000 -23778.030449
 28.000000 -23953.004388
 29.000000 -23870.713529
 30.000000 -23921.879404
 31.000000 -24050.155707
 32.000000 -24030.404237
 33.000000 -24064.473626
 34.000000 -23735.235806
 35.000000 -23913.883639
 36.000000 -23977.623625
 37.000000 -23904.520638
 38.000000 -24022.172840
 39.000000 -24103.750278
 40.000000 -23857.031716
 41.000000 -23862.586392
 42.000000 -23964.456681
 43.000000 -23898.511465
 44.000000 -23934.086928
 45.000000 -23846.400604
 46.000000 -23911.982167
 47.000000 -23856.551595
 48.000000 -23893.202167
 49.000000 -24039.396073
 50.000000 -23903.481386
 51.000000 -23929.795483
 52.000000 -24011.382110
 53.000000 -23879.397205
 54.000000 -23954.546467
 55.000000 -24090.429688
 56.000000 -24081.454382
 57.000000 -23887.465138
 58.000000 -24106.912672
 59.000000 -24005.162641
 60.000000 -24099.666033
 61.000000 -24014.966818
 62.000000 -24046.494696
 63.000000 -24152.604395
 64.000000 -23958.702740
 65.000000 -23918.989644
 66.000000 -23828.714497
 67.000000 -24015.286722
 68.000000 -24051.193100
 69.000000 -23845.596928
 70.000000 -23952.361967
 71.000000 -24092.934198
 72.000000 -24104.737487
 73.000000 -23968.567243
 74.000000 -23897.870099
 75.000000 -23920.669234
 76.000000 -23960.037922
 77.000000 -23714.337037
 78.000000 -24051.593222
 79.000000 -24023.055649
 80.000000 -23981.713650
 81.000000 -23920.276610
 82.000000 -23980.292093
 83.000000 -24031.809677
 84.000000 -23997.124226
 85.000000 -23936.454614
 86.000000 -23902.633314
 87.000000 -23830.212636
 88.000000 -23999.084298
 89.000000 -24114.469545
 90.000000 -23983.861691
 91.000000 -23776.249006
 92.000000 -23766.747221
 93.000000 -23834.558536
 94.000000 -24040.044663
 95.000000 -24030.258460
 96.000000 -23854.939077
 97.000000 -23847.888027
 98.000000 -24017.814402
 99.000000 -23950.781232
 100.000000 -24017.101887
 101.000000 -23870.345648
 102.000000 -23864.105666
 103.000000 -24112.911782
 104.000000 -23810.322387
 105.000000 -23966.296220
 106.000000 -24008.443995
 107.000000 -23886.239441
 108.000000 -24062.929021
 109.000000 -23922.824150
 110.000000 -24080.307813
 111.000000 -24027.349797
 112.000000 -23975.582742
 113.000000 -23917.945463
 114.000000 -23962.356592
 115.000000 -23996.917294
 116.000000 -23741.701502
 117.000000 -23856.470451
 118.000000 -24077.738009
 119.000000 -23869.643558
 120.000000 -24090.789578
 121.000000 -23965.839348
 122.000000 -23965.907804
 123.000000 -24068.468037
 124.000000 -23893.358933
 125.000000 -23877.325605
 126.000000 -23964.704425
 127.000000 -24008.254512
 128.000000 -24001.408339
 129.000000 -23993.325291
 130.000000 -24044.515783
 131.000000 -23935.272789
 132.000000 -23997.651765
 133.000000 -23983.817739
 134.000000 -24120.510065
 135.000000 -23880.705852
 136.000000 -23918.369304
 137.000000 -24008.794749
 138.000000 -23915.440774
 139.000000 -24018.681698
 140.000000 -23947.113059
 141.000000 -23880.489178
 142.000000 -24004.474486
 143.000000 -23947.861284
 144.000000 -24006.305007
 145.000000 -23895.551013
 146.000000 -23900.441577
 147.000000 -23783.269667
 148.000000 -23827.321943
 149.000000 -23946.664980
 150.000000 -23857.990226
 151.000000 -24022.526779
 152.000000 -24158.582687
 153.000000 -24035.661204
 154.000000 -23922.131245
 155.000000 -24068.034161
 156.000000 -23809.932198
 157.000000 -23859.442075
 158.000000 -23925.898349
 159.000000 -23873.487489
 160.000000 -24044.866604
 161.000000 -23922.874906
 162.000000 -24019.987151
 163.000000 -24043.381556
 164.000000 -23883.142179
 165.000000 -23968.123843
 166.000000 -23878.515388
 167.000000 -24044.015396
 168.000000 -23909.873244
 169.000000 -23994.430893
 170.000000 -24059.123660
 171.000000 -23884.214491
 172.000000 -23899.959554
 173.000000 -23998.731858
 174.000000 -23794.056333
 175.000000 -23905.775693
 176.000000 -23806.899459
 177.000000 -23918.780393
 178.000000 -23940.596636
 179.000000 -23856.242592
 180.000000 -23881.156147
 181.000000 -23896.697421
 182.000000 -23907.928548
 183.000000 -24035.281903
 184.000000 -24111.057932
 185.000000 -23872.569095
 186.000000 -23924.069661
 187.000000 -23941.202900
 188.000000 -23994.769352
 189.000000 -23977.333978
 190.000000 -23828.665478
 191.000000 -24005.819970
 192.000000 -23865.868094
 193.000000 -23973.902898
 194.000000 -23916.568493
 195.000000 -23867.041689
 196.000000 -24004.215926
 197.000000 -23827.751687
 198.000000 -23888.171252
 199.000000 -23994.381897
 200.000000 -23763.439766
 201.000000 -23934.563546
 202.000000 -23866.618957
 203.000000 -23999.025179
 204.000000 -24061.906129
 205.000000 -23786.809035
 206.000000 -23807.509965
 207.000000 -24076.252559
 208.000000 -24006.681210
 209.000000 -23975.249581
 210.000000 -23962.995897
 211.000000 -24007.686339
 212.000000 -23898.476960
 213.000000 -24123.397327
 214.000000 -23941.516435
 215.000000 -23927.628267
 216.000000 -23870.496210
 217.000000 -23918.988434
 218.000000 -23912.419048
 219.000000 -24005.755274
 220.000000 -24056.732731
 221.000000 -23842.520482
 222.000000 -24006.042770
 223.000000 -23914.134237
 224.000000 -23999.465086
 225.000000 -24051.850958
 226.000000 -23978.773371
 227.000000 -24066.775627
 228.000000 -24046.686869
 229.000000 -24081.933428
 230.000000 -23974.932792
 231.000000 -24010.022057
 232.000000 -23891.778237
 233.000000 -23835.714588
 234.000000 -24034.291319
 235.000000 -24001.994895
 236.000000 -23844.278141
 237.000000 -23992.626771
 238.000000 -23964.772481
 239.000000 -23908.298857
 240.000000 -24032.987154
 241.000000 -24066.147066
 242.000000 -23847.692667
 243.000000 -24011.061906
 244.000000 -23883.478764
 245.000000 -23903.775402
 246.000000 -24120.755276
 247.000000 -23830.378828
 248.000000 -23866.726699
 249.000000 -23990.271136
 250.000000 -23942.742128
 251.000000 -23788.673170
 252.000000 -23966.291886
 253.000000 -24013.580642
 254.000000 -23986.407389
 255.000000 -23908.831448
 256.000000 -23929.590372
 257.000000 -23950.756382
 258.000000 -24028.111810
 259.000000 -24012.214554
 260.000000 -23960.252231
 261.000000 -23950.502878
 262.000000 -23977.740968
 263.000000 -24002.303723
 264.000000 -23979.801817
 265.000000 -23779.123696
 266.000000 -23852.683570
 267.000000 -23856.152032
 268.000000 -24046.380005
 269.000000 -23831.813545
 270.000000 -24119.168031
 271.000000 -23896.417372
 272.000000 -23953.792824
 273.000000 -24013.135387
 274.000000 -23957.611919
 275.000000 -23896.471294
 276.000000 -23918.554406
 277.000000 -23959.163910
 278.000000 -23835.600547
 279.000000 -23956.173647
 280.000000 -24017.954124
 281.000000 -23915.511297
 282.000000 -24096.347683
 283.000000 -23915.314808
 284.000000 -23875.611659
 285.000000 -23941.488190
 286.000000 -23964.974869
 287.000000 -24063.229337
 288.000000 -24101.228610
 289.000000 -23994.285889
 290.000000 -24031.533275
 291.000000 -23947.207808
 292.000000 -24063.455786
 293.000000 -23978.931126
 294.000000 -24001.573261
 295.000000 -23970.706409
 296.000000 -23854.938733
 297.000000 -23870.149370
 298.000000 -24139.236083
 299.000000 -24092.484700
 300.000000 -24063.310837
 301.000000 -24014.757876
 302.000000 -24016.468024
 303.000000 -24005.848130
 304.000000 -23969.298834
 305.000000 -23847.921876
 306.000000 -24047.566385
 307.000000 -23910.628581
 308.000000 -23859.592214
 309.000000 -24155.119592
 310.000000 -23876.209069
 311.000000 -23939.994402
 312.000000 -24059.176951
 313.000000 -23943.278350
 314.000000 -24066.378866
 315.000000 -24071.912108
 316.000000 -24041.761644
 317.000000 -24024.500521
 318.000000 -23985.373175
 319.000000 -23835.816141
 320.000000 -24013.516017
 321.000000 -24038.880486
 322.000000 -23860.415239
 323.000000 -23881.407485
 324.000000 -23823.961028
 325.000000 -24022.819279
 326.000000 -24065.961947
 327.000000 -23962.045904
 328.000000 -23895.502257
 329.000000 -24122.670649
 330.000000 -24027.612386
 331.000000 -24037.406120
 332.000000 -23813.328349
 333.000000 -24101.898076
 334.000000 -23944.854742
 335.000000 -23843.420638
 336.000000 -23895.088534
 337.000000 -23937.940774
 338.000000 -24085.488314
 339.000000 -23898.559980
 340.000000 -23955.627051
 341.000000 -23914.240546
 342.000000 -23749.241113
 343.000000 -23966.137826
 344.000000 -23927.921172
 345.000000 -23977.976655
 346.000000 -23954.892128
 347.000000 -24017.307115
 348.000000 -23979.138751
 349.000000 -23859.368106
 350.000000 -24097.064263
 351.000000 -24034.319038
 352.000000 -23859.596420
 353.000000 -24003.576572
 354.000000 -24052.197625
 355.000000 -23992.060704
 356.000000 -23758.974693
 357.000000 -23911.417044
 358.000000 -23988.742193
 359.000000 -23909.921655
 360.000000 -23942.207375
 361.000000 -24062.177510
 362.000000 -23804.188082
 363.000000 -23937.006568
 364.000000 -23927.501538
 365.000000 -23990.611255
 366.000000 -23863.858714
 367.000000 -24169.571753
 368.000000 -23988.992821
 369.000000 -23956.153058
 370.000000 -23879.056634
 371.000000 -23992.304140
 372.000000 -23981.372406
 373.000000 -23888.041579
 374.000000 -23962.291872
 375.000000 -23741.176386
 376.000000 -23996.108638
 377.000000 -24020.757508
 378.000000 -23944.798838
 379.000000 -24013.704533
 380.000000 -23895.085554
 381.000000 -23926.026928
 382.000000 -24043.535239
 383.000000 -24061.563438
 384.000000 -23994.751832
 385.000000 -23946.484115
 386.000000 -24000.123149
 387.000000 -23971.382655
 388.000000 -23904.927801
 389.000000 -23892.475206
 390.000000 -23970.024421
 391.000000 -24051.386677
 392.000000 -23945.528468
 393.000000 -24103.209121
 394.000000 -23955.718716
 395.000000 -23933.488486
 396.000000 -23924.877459
 397.000000 -24042.828660
 398.000000 -23917.708996
 399.000000 -23806.461003
 400.000000 -23983.608003
 401.000000 -24008.435554
 402.000000 -23856.274746
 403.000000 -24021.961461
 404.000000 -23974.193134
 405.000000 -23860.249777
 406.000000 -23865.505781
 407.000000 -23988.608263
 408.000000 -24073.023695
 409.000000 -23946.947906
 410.000000 -24010.395146
 411.000000 -23966.928503
 412.000000 -24040.559521
 413.000000 -23917.932023
 414.000000 -23907.030327
 415.000000 -24126.312625
 416.000000 -24143.269187
 417.000000 -24004.204865
 418.000000 -23863.966030
 419.000000 -23967.739517
 420.000000 -23909.223805
 421.000000 -23906.725688
 422.000000 -24115.639575
 423.000000 -24142.110759
 424.000000 -24044.310163
 425.000000 -23857.199786
 426.000000 -23975.838997
 427.000000 -23877.020043
 428.000000 -23966.030940
 429.000000 -23978.105591
 430.000000 -23871.037777
 431.000000 -23981.572480
 432.000000 -23883.997817
 433.000000 -24103.629951
 434.000000 -24049.844580
 435.000000 -23974.435787
 436.000000 -24070.405281
 437.000000 -24134.076536
 438.000000 -23846.842998
 439.000000 -24032.036233
 440.000000 -23816.042974
 441.000000 -23918.779173
 442.000000 -23949.393242
 443.000000 -24111.042593
 444.000000 -24186.189166
 445.000000 -23978.412385
 446.000000 -24070.250566
 447.000000 -23905.494454
 448.000000 -24040.371646
 449.000000 -23958.879719
 450.000000 -24148.340012
 451.000000 -24020.940483
 452.000000 -23889.253278
 453.000000 -23961.974373
 454.000000 -24022.163138
 455.000000 -23995.662353
 456.000000 -24045.593455
 457.000000 -24070.166837
 458.000000 -23961.227890
 459.000000 -23995.860895
 460.000000 -23847.088951
 461.000000 -24108.193576
 462.000000 -23847.101438
 463.000000 -24142.142626
 464.000000 -23707.348727
 465.000000 -23781.824113
 466.000000 -24080.908132
 467.000000 -23985.069173
 468.000000 -24132.649507
 469.000000 -23815.823462
 470.000000 -23969.582538
 471.000000 -24150.293508
 472.000000 -24045.193371
 473.000000 -23909.363781
 474.000000 -23950.794529
 475.000000 -23936.709367
 476.000000 -24174.868056
 477.000000 -24000.845712
 478.000000 -23946.633603
 479.000000 -23855.889597
 480.000000 -24029.828332
 481.000000 -24010.695191
 482.000000 -23966.086633
 483.000000 -24033.009358
 484.000000 -23912.750009
 485.000000 -24022.185648
 486.000000 -23950.644848
 487.000000 -23765.066075
 488.000000 -24041.244885
 489.000000 -24033.848640
 490.000000 -23875.362184
 491.000000 -24157.456731
 492.000000 -23828.488900
 493.000000 -24071.027943
 494.000000 -24025.775048
 495.000000 -23935.478125
 496.000000 -23976.244002
 497.000000 -23835.406123
 498.000000 -23987.333700
 499.000000 -23960.720900
 500.000000 -23947.184022
 501.000000 -23949.443062
 502.000000 -24074.938723
 503.000000 -23935.311689
 504.000000 -24089.514646
 505.000000 -23967.278306
 506.000000 -23923.658586
 507.000000 -23902.196264
 508.000000 -23999.776616
 509.000000 -24090.752988
 510.000000 -24024.610582
 511.000000 -23892.378251
 512.000000 -23862.582974
 513.000000 -24055.684902
 514.000000 -24072.198224
 515.000000 -24018.045978
 516.000000 -23900.799822
 517.000000 -23983.735378
 518.000000 -23946.034971
 519.000000 -23834.729000
 520.000000 -24043.012084
 521.000000 -23834.166517
 522.000000 -23737.373765
 523.000000 -24123.406445
 524.000000 -23965.699487
 525.000000 -23931.833452
 526.000000 -23873.584339
 527.000000 -23927.476728
 528.000000 -24029.099359
 529.000000 -24112.763837
 530.000000 -24129.525519
 531.000000 -24042.065065
 532.000000 -23968.468454
 533.000000 -23929.647961
 534.000000 -23930.494048
 535.000000 -23998.318498
 536.000000 -24076.454464
 537.000000 -23817.674679
 538.000000 -23933.893129
 539.000000 -24217.184249
 540.000000 -23909.808124
 541.000000 -24069.623807
 542.000000 -23872.251292
 543.000000 -23817.324751
 544.000000 -23940.687237
 545.000000 -23949.949674
 546.000000 -23936.240274
 547.000000 -24036.369641
 548.000000 -23930.002675
 549.000000 -23823.054417
 550.000000 -23957.890069
 551.000000 -23915.641388
 552.000000 -23838.187977
 553.000000 -23958.313693
 554.000000 -24015.492832
 555.000000 -23928.773747
 556.000000 -23995.918084
 557.000000 -23978.598660
 558.000000 -23782.350200
 559.000000 -23887.226296
 560.000000 -23917.609485
 561.000000 -23911.342925
 562.000000 -23945.701849
 563.000000 -24078.271794
 564.000000 -24051.711982
 565.000000 -23954.868473
 566.000000 -24019.794258
 567.000000 -23785.761893
 568.000000 -24011.059296
 569.000000 -23817.352417
 570.000000 -24079.342718
 571.000000 -23926.299477
 572.000000 -23993.396408
 573.000000 -23861.359858
 574.000000 -23809.540811
 575.000000 -23971.547404
 576.000000 -24023.388548
 577.000000 -23952.258505
 578.000000 -24039.633343
 579.000000 -23983.002080
 580.000000 -23871.156956
 581.000000 -23943.306490
 582.000000 -24002.286424
 583.000000 -23889.886136
 584.000000 -23990.393979
 585.000000 -24013.793141
 586.000000 -24002.335343
 587.000000 -24009.900127
 588.000000 -23994.004063
 589.000000 -23943.285594
 590.000000 -23943.055950
 591.000000 -23941.530254
 592.000000 -24079.549620
 593.000000 -23868.641755
 594.000000 -24155.923518
 595.000000 -24002.930564
 596.000000 -23879.684658
 597.000000 -23955.973900
 598.000000 -23841.099798
 599.000000 -24007.915448
 600.000000 -24100.137258
 601.000000 -24012.461699
 602.000000 -23920.524476
 603.000000 -23781.590570
 604.000000 -23901.692142
 605.000000 -23926.469863
 606.000000 -24032.157608
 607.000000 -24077.951525
 608.000000 -23915.779979
 609.000000 -24078.745957
 610.000000 -24023.869032
 611.000000 -23927.883739
 612.000000 -24023.337489
 613.000000 -23808.381819
 614.000000 -24000.841989
 615.000000 -23843.520660
 616.000000 -23999.346126
 617.000000 -23868.936194
 618.000000 -24067.563572
 619.000000 -24006.543680
 620.000000 -24108.265257
 621.000000 -23994.484970
 622.000000 -23906.460258
 623.000000 -23925.233064
 624.000000 -23812.177619
 625.000000 -24021.308832
 626.000000 -24018.616073
 627.000000 -23918.429248
 628.000000 -24216.559388
 629.000000 -24087.382669
 630.000000 -24034.238707
 631.000000 -24187.669482
 632.000000 -23840.257846
 633.000000 -23965.845300
 634.000000 -23772.556004
 635.000000 -23896.512551
 636.000000 -23861.727788
 637.000000 -23861.253827
 638.000000 -23973.496219
 639.000000 -23902.836607
 640.000000 -23862.978072
 641.000000 -24008.494592
 642.000000 -23928.885862
 643.000000 -23868.274595
 644.000000 -24119.629662
 645.000000 -24004.082189
 646.000000 -23973.130127
 647.000000 -24141.725181
 648.000000 -23971.730475
 649.000000 -23854.453296
 650.000000 -23860.848966
 651.000000 -23959.452728
 652.000000 -23953.325100
 653.000000 -23937.533623
 654.000000 -23951.613256
 655.000000 -24001.658563
 656.000000 -23883.858007
 657.000000 -23989.186123
 658.000000 -23838.295837
 659.000000 -23872.232811
 660.000000 -24041.493807
 661.000000 -23831.364859
 662.000000 -23823.030725
 663.000000 -23980.723804
 664.000000 -24031.525105
 665.000000 -23995.951171
 666.000000 -23881.992589
 667.000000 -23808.804079
 668.000000 -23979.889209
 669.000000 -23791.679019
 670.000000 -23882.456798
 671.000000 -24022.905541
 672.000000 -24130.254480
 673.000000 -23867.048514
 674.000000 -23963.500507
 675.000000 -23732.822730
 676.000000 -24028.083430
 677.000000 -23993.518689
 678.000000 -23887.671377
 679.000000 -23967.908223
 680.000000 -23903.515723
 681.000000 -23994.522893
 682.000000 -24191.346711
 683.000000 -23986.643615
 684.000000 -24002.102631
 685.000000 -24070.816818
 686.000000 -23855.887966
 687.000000 -23889.608169
 688.000000 -24000.383840
 689.000000 -23834.741622
 690.000000 -23995.830727
 691.000000 -23959.442012
 692.000000 -23989.871619
 693.000000 -24064.709675
 694.000000 -23877.910848
 695.000000 -23981.921054
 696.000000 -23814.727206
 697.000000 -23884.713533
 698.000000 -23979.575756
 699.000000 -23969.559363
 700.000000 -23847.063826
 701.000000 -24045.020778
 702.000000 -23943.169504
 703.000000 -23972.739184
 704.000000 -23889.749005
 705.000000 -23921.121916
 706.000000 -24077.381081
 707.000000 -24048.335365
 708.000000 -24019.489948
 709.000000 -23935.590431
 710.000000 -23954.836876
 711.000000 -23935.894917
 712.000000 -23959.599046
 713.000000 -23947.927582
 714.000000 -24021.767995
 715.000000 -23978.188503
 716.000000 -23764.508365
 717.000000 -24047.652949
 718.000000 -23897.661327
 719.000000 -23921.322498
 720.000000 -23997.467950
 721.000000 -23940.731688
 722.000000 -23804.065691
 723.000000 -24069.859882
 724.000000 -23831.045401
 725.000000 -24027.160053
 726.000000 -23994.661901
 727.000000 -23959.440727
 728.000000 -23990.105387
 729.000000 -24024.071335
 730.000000 -23924.788319
 731.000000 -23904.357800
 732.000000 -23900.999908
 733.000000 -23909.984144
 734.000000 -23883.447539
 735.000000 -23864.287468
 736.000000 -24049.380803
 737.000000 -23981.032196
 738.000000 -24097.313477
 739.000000 -24225.925345
 740.000000 -23947.108964
 741.000000 -24029.107238
 742.000000 -24108.086055
 743.000000 -23919.710415
 744.000000 -23887.530523
 745.000000 -23958.720702
 746.000000 -23896.194236
 747.000000 -23987.977637
 748.000000 -23935.964322
 749.000000 -23999.749494
 750.000000 -24054.129287
 751.000000 -23872.913649
 752.000000 -24003.822942
 753.000000 -23892.951459
 754.000000 -23909.578729
 755.000000 -24071.100195
 756.000000 -24070.976757
 757.000000 -24084.732683
 758.000000 -23910.032444
 759.000000 -24070.569258
 760.000000 -24064.004070
 761.000000 -23933.043748
 762.000000 -24035.956173
 763.000000 -23979.201475
 764.000000 -23960.809895
 765.000000 -23978.588936
 766.000000 -23952.290506
 767.000000 -23887.591894
 768.000000 -23920.587345
 769.000000 -24035.052109
 770.000000 -23815.123938
 771.000000 -23772.084293
 772.000000 -23845.387287
 773.000000 -23947.833688
 774.000000 -24076.921082
 775.000000 -23983.737892
 776.000000 -24005.365903
 777.000000 -24089.725089
 778.000000 -24115.349807
 779.000000 -23825.046642
 780.000000 -23753.376228
 781.000000 -23862.268842
 782.000000 -23996.955123
 783.000000 -23980.617362
 784.000000 -23904.277684
 785.000000 -23992.413623
 786.000000 -24063.605368
 787.000000 -23929.377052
 788.000000 -23927.756023
 789.000000 -23899.269097
 790.000000 -24072.169063
 791.000000 -23994.469758
 792.000000 -23935.834164
 793.000000 -24060.582601
 794.000000 -24070.716961
 795.000000 -24074.188633
 796.000000 -23891.490707
 797.000000 -23990.121188
 798.000000 -23829.525246
 799.000000 -23948.339565
 800.000000 -23912.384479
 801.000000 -24099.067811
 802.000000 -23957.784967
 803.000000 -23744.824836
 804.000000 -23852.113581
 805.000000 -23939.256516
 806.000000 -23870.517845
 807.000000 -24123.975816
 808.000000 -23934.286651
 809.000000 -23948.212731
 810.000000 -24002.941596
 811.000000 -23954.627349
 812.000000 -24028.774226
 813.000000 -23877.258073
 814.000000 -24010.410639
 815.000000 -24062.843325
 816.000000 -24035.799660
 817.000000 -24022.765171
 818.000000 -24033.813006
 819.000000 -23977.229542
 820.000000 -24112.725835
 821.000000 -23847.421174
 822.000000 -23848.328301
 823.000000 -23813.871029
 824.000000 -23943.137993
 825.000000 -23956.130862
 826.000000 -23895.823756
 827.000000 -23947.732685
 828.000000 -24014.519523
 829.000000 -24031.854400
 830.000000 -23905.142552
 831.000000 -23900.391105
 832.000000 -24104.588626
 833.000000 -23944.342017
 834.000000 -23905.710034
 835.000000 -23900.297492
 836.000000 -23880.592102
 837.000000 -23894.952825
 838.000000 -24080.445425
 839.000000 -24079.522812
 840.000000 -23926.816870
 841.000000 -23931.071450
 842.000000 -23884.568577
 843.000000 -23852.521157
 844.000000 -23971.838078
 845.000000 -23880.592042
 846.000000 -23861.418747
 847.000000 -24050.677616
 848.000000 -23995.412876
 849.000000 -24103.359120
 850.000000 -23968.456825
 851.000000 -23928.277906
 852.000000 -23691.908231
 853.000000 -23776.860255
 854.000000 -23917.271078
 855.000000 -24096.789486
 856.000000 -23962.694100
 857.000000 -23947.318263
 858.000000 -23945.063561
 859.000000 -23927.154954
 860.000000 -23988.383407
 861.000000 -23890.976260
 862.000000 -23961.159410
 863.000000 -23938.259394
 864.000000 -23878.019788
 865.000000 -23958.553643
 866.000000 -23905.138292
 867.000000 -23939.519607
 868.000000 -23987.941459
 869.000000 -23908.331707
 870.000000 -23942.496839
 871.000000 -23965.774389
 872.000000 -23936.072519
 873.000000 -23877.181907
 874.000000 -23872.108920
 875.000000 -24035.940564
 876.000000 -23980.530414
 877.000000 -24068.120970
 878.000000 -23932.245675
 879.000000 -23959.553156
 880.000000 -23875.658948
 881.000000 -23997.664725
 882.000000 -23985.008396
 883.000000 -23891.615226
 884.000000 -23989.944587
 885.000000 -23974.429111
 886.000000 -23931.130357
 887.000000 -23786.797803
 888.000000 -24004.613471
 889.000000 -24040.334871
 890.000000 -23940.787262
 891.000000 -23834.378219
 892.000000 -24028.815794
 893.000000 -24006.995652
 894.000000 -23965.254110
 895.000000 -24013.231747
 896.000000 -23790.848125
 897.000000 -24117.619880
 898.000000 -23861.774078
 899.000000 -23993.678139
 900.000000 -24009.238506
 901.000000 -23965.468858
 902.000000 -23905.476794
 903.000000 -23911.476522
 904.000000 -23913.301475
 905.000000 -24192.564091
 906.000000 -23866.740082
 907.000000 -23926.932439
 908.000000 -24021.790832
 909.000000 -23959.521847
 910.000000 -23872.648826
 911.000000 -23793.084108
 912.000000 -23833.115654
 913.000000 -24128.364265
 914.000000 -24065.708497
 915.000000 -24034.681807
 916.000000 -24143.737013
 917.000000 -24099.489407
 918.000000 -23844.433896
 919.000000 -24008.300878
 920.000000 -23960.762271
 921.000000 -23935.756150
 922.000000 -23917.541564
 923.000000 -23866.932758
 924.000000 -23880.828037
 925.000000 -24071.778939
 926.000000 -23735.875045
 927.000000 -23913.345226
 928.000000 -24027.906662
 929.000000 -23791.207066
 930.000000 -23771.505251
 931.000000 -24058.999612
 932.000000 -23968.678455
 933.000000 -23895.455235
 934.000000 -23841.851199
 935.000000 -23994.635264
 936.000000 -23967.326705
 937.000000 -24022.624951
 938.000000 -23993.002936
 939.000000 -24051.007229
 940.000000 -24012.694889
 941.000000 -24072.235465
 942.000000 -23984.318312
 943.000000 -23832.352121
 944.000000 -24117.625916
 945.000000 -23929.380268
 946.000000 -24016.903807
 947.000000 -23854.355668
 948.000000 -23886.791682
 949.000000 -23941.184301
 950.000000 -24093.087530
 951.000000 -23934.078448
 952.000000 -24081.328613
 953.000000 -24092.072848
 954.000000 -23922.616870
 955.000000 -24097.800154
 956.000000 -23879.925704
 957.000000 -23909.434822
 958.000000 -23941.983068
 959.000000 -24145.008791
 960.000000 -23948.032928
 961.000000 -23903.950159
 962.000000 -23841.419508
 963.000000 -23991.150388
 964.000000 -24105.772378
 965.000000 -24096.082594
 966.000000 -24038.259513
 967.000000 -23718.588535
 968.000000 -24023.232163
 969.000000 -23800.391709
 970.000000 -23931.022990
 971.000000 -23907.624657
 972.000000 -23984.798813
 973.000000 -24065.965619
 974.000000 -23767.258171
 975.000000 -24027.778654
 976.000000 -23980.348666
 977.000000 -23865.949634
 978.000000 -23784.769753
 979.000000 -23986.343374
 980.000000 -24123.829961
 981.000000 -23945.981791
 982.000000 -23961.719837
 983.000000 -23922.361507
 984.000000 -24022.964794
 985.000000 -23985.625976
 986.000000 -24069.304218
 987.000000 -24008.725494
 988.000000 -23941.612691
 989.000000 -23953.977645
 990.000000 -24036.473534
 991.000000 -23878.419339
 992.000000 -23975.364336
 993.000000 -24005.654394
 994.000000 -23980.604235
 995.000000 -23817.398765
 996.000000 -23895.494511
 997.000000 -23894.377629
 998.000000 -23968.624855
 999.000000 -24205.707403
 1000.000000 -24025.230975
