#! FIELDS time energy
 0.000000 -24013.621226
 1.000000 -24146.819833
 2.000000 -24300.697581
 3.000000 -24090.932543
 4.000000 -24045.330854
 5.000000 -24018.688692
 6.000000 -24116.853584
 7.000000 -24069.158723
 8.000000 -24195.967528
 9.000000 -24130.850913
 10.000000 -24005.937216
 11.000000 -24007.756423
 12.000000 -24115.948494
 13.000000 -23971.950018
 14.000000 -24138.836684
 15.000000 -24208.051503
 16.000000 -24165.025068
 17.000000 -24090.289583
 18.000000 -24095.054119
 19.000000 -24014.224751
 20.000000 -24185.340877
 21.000000 -24182.594304
 22.000000 -24076.768093
 23.000000 -24074.045484
 24.000000 -24109.490675
 25.000000 -24055.938565
 26.000000 -24028.136634
 27.000000 -24076.998491
 28.000000 -24160.098251
 29.000000 -24072.151852
 30.000000 -24211.301634
 31.000000 -24156.132193
 32.000000 -24195.689356
 33.000000 -24170.941660
 34.000000 -23945.092059
 35.000000 -24033.767903
 36.000000 -24049.593139
 37.000000 -24147.539951
 38.000000 -24164.301642
 39.000000 -24173.762974
 40.000000 -24048.566271
 41.000000 -24035.811358
 42.000000 -24087.933468
 43.000000 -24038.427814
 44.000000 -24189.095173
 45.000000 -24112.230457
 46.000000 -24141.810653
 47.000000 -24077.906422
 48.000000 -24196.653522
 49.000000 -24097.593994
 50.000000 -24032.217405
 51.000000 -24119.594891
 52.000000 -24150.331885
 53.000000 -24217.722153
 54.000000 -24161.231631
 55.000000 -24103.109984
 56.000000 -24050.107850
 57.000000 -24040.064680
 58.000000 -24143.407107
 59.000000 -24073.011416
 60.000000 -24186.345649
 61.000000 -24094.896241
 62.000000 -24043.268251
 63.000000 -24091.395106
 64.000000 -24070.190698
 65.000000 -24210.897660
 66.000000 -24009.609583
 67.000000 -24212.985530
 68.000000 -24058.619621
 69.000000 -24135.080911
 70.000000 -23968.338513
 71.000000 -24143.078011
 72.000000 -24110.061053
 73.000000 -24152.215568
 74.000000 -23979.184578
 75.000000 -24101.440153
 76.000000 -24118.815606
 77.000000 -24053.266235
 78.000000 -24146.532890
 79.000000 -24106.280009
 80.000000 -24114.812905
 81.000000 -24114.068047
 82.000000 -24068.483477
 83.000000 -24236.743859
 84.000000 -24096.417517
 85.000000 -24029.141788
 86.000000 -24082.869538
 87.000000 -24088.201151
 88.000000 -23979.636547
 89.000000 -24154.564350
 90.000000 -24177.931729
 91.000000 -24071.681222
 92.000000 -24147.406183
 93.000000 -24130.321104
 94.000000 -24023.480149
 95.000000 -24090.678259
 96.000000 -24060.668377
 97.000000 -24055.083035
 98.000000 -24078.407461
 99.000000 -24187.517394
 100.000000 -24191.347763
 101.000000 -24042.506287
 102.000000 -24106.769837
 103.000000 -24274.570214
 104.000000 -23986.424407
 105.000000 -24082.793834
 106.000000 -24102.650250
 107.000000 -24177.412946
 108.000000 -24214.153894
 109.000000 -24182.988482
 110.000000 -23955.243424
 111.000000 -24105.648546
 112.000000 -24092.112118
 113.000000 -24121.329453
 114.000000 -24060.434261
 115.000000 -24046.105697
 116.000000 -24105.627250
 117.000000 -24042.409182
 118.000000 -24169.102350
 119.000000 -24065.800112
 120.000000 -24194.593613
 121.000000 -24061.288411
 122.000000 -24061.194423
 123.000000 -24113.146644
 124.000000 -24052.005629
 125.000000 -23945.187641
 126.000000 -24051.986407
 127.000000 -24065.685970
 128.000000 -24064.355584
 129.000000 -24136.778876
 130.000000 -24110.762921
 131.000000 -24060.007347
 132.000000 -24183.090226
 133.000000 -24209.459631
 134.000000 -24201.851507
 135.000000 -24118.986766
 136.000000 -23948.947227
 137.000000 -24012.338623
 138.000000 -23970.147676
 139.000000 -24130.152174
 140.000000 -24034.144616
 141.000000 -24088.314842
 142.000000 -24212.969416
 143.000000 -24101.157315
 144.000000 -24086.724531
 145.000000 -24130.160340
 146.000000 -24050.143450
 147.000000 -24090.217163
 148.000000 -24327.094029
 149.000000 -24233.092902
 150.000000 -24070.193452
 151.000000 -24091.942930
 152.000000 -24133.521469
 153.000000 -24183.567010
 154.000000 -24127.069824
 155.000000 -24175.954928
 156.000000 -24024.310699
 157.000000 -24219.674846
 158.000000 -24053.047424
 159.000000 -24065.696688
 160.000000 -24043.773684
 161.000000 -24010.594137
 162.000000 -24122.571661
 163.000000 -24035.544832
 164.000000 -23973.444670
 165.000000 -24064.771133
 166.000000 -24007.349479
 167.000000 -24056.216721
 168.000000 -24333.739812
 169.000000 -24170.582883
 170.000000 -24080.178900
 171.000000 -23960.975129
 172.000000 -24088.789953
 173.000000 -24279.833302
 174.000000 -24017.217104
 175.000000 -24088.008085
 176.000000 -23948.501010
 177.000000 -24170.218069
 178.000000 -23999.338134
 179.000000 -24186.344818
 180.000000 -24076.044206
 181.000000 -24008.513704
 182.000000 -24208.437358
 183.000000 -24244.017744
 184.000000 -24015.469029
 185.000000 -23964.489997
 186.000000 -24211.714632
 187.000000 -24226.214054
 188.000000 -24009.003026
 189.000000 -24163.440609
 190.000000 -24184.936884
 191.000000 -24101.649855
 192.000000 -24060.481580
 193.000000 -24170.819812
 194.000000 -24089.510738
 195.000000 -23989.415906
 196.000000 -24069.100382
 197.000000 -24075.074783
 198.000000 -23966.790987
 199.000000 -23939.712041
 200.000000 -23830.684211
 201.000000 -24132.360913
 202.000000 -24156.279535
 203.000000 -24161.913736
 204.000000 -24093.992712
 205.000000 -24076.070077
 206.000000 -24084.083609
 207.000000 -24171.966829
 208.000000 -24077.520326
 209.000000 -24184.890798
 210.000000 -24244.130675
 211.000000 -24094.149642
 212.000000 -24041.242922
 213.000000 -24220.153521
 214.000000 -24136.714055
 215.000000 -24135.875869
 216.000000 -23963.611893
 217.000000 -24245.857555
 218.000000 -24133.682715
 219.000000 -24211.902019
 220.000000 -24206.273079
 221.000000 -24210.481313
 222.000000 -24106.367981
 223.000000 -24193.340345
 224.000000 -24055.478943
 225.000000 -24134.222688
 226.000000 -24158.086598
 227.000000 -23971.762301
 228.000000 -24285.559704
 229.000000 -24194.842513
 230.000000 -24142.435906
 231.000000 -24191.942899
 232.000000 -23986.672195
 233.000000 -24046.448285
 234.000000 -24090.107589
 235.000000 -24119.941520
 236.000000 -23919.285491
 237.000000 -24176.373443
 238.000000 -23967.675261
 239.000000 -23899.962062
 240.000000 -24230.726574
 241.000000 -24077.391241
 242.000000 -24099.112740
 243.000000 -24206.127633
 244.000000 -24043.443977
 245.000000 -24072.540343
 246.000000 -24172.468247
 247.000000 -24027.161460
 248.000000 -23944.375214
 249.000000 -24123.962920
 250.000000 -24132.800807
 251.000000 -24049.860565
 252.000000 -24110.677913
 253.000000 -24189.675526
 254.000000 -24020.245932
 255.000000 -24101.453017
 256.000000 -24212.861053
 257.000000 -24119.074233
 258.000000 -24093.781577
 259.000000 -24113.492724
 260.000000 -24212.616552
 261.000000 -24031.735807
 262.000000 -24146.820211
 263.000000 -24208.232497
 264.000000 -24344.777581
 265.000000 -23955.899272
 266.000000 -23922.374722
 267.000000 -24180.094291
 268.000000 -24287.831462
 269.000000 -24105.912498
 270.000000 -24210.373778
 271.000000 -24114.657328
 272.000000 -24107.836924
 273.000000 -24114.201678
 274.000000 -24182.398545
 275.000000 -23962.551355
 276.000000 -23938.048568
 277.000000 -24184.051667
 278.000000 -24026.041678
 279.000000 -24133.343796
 280.000000 -24114.626037
 281.000000 -23990.035338
 282.000000 -24168.275890
 283.000000 -24046.476583
 284.000000 -23942.713842
 285.000000 -24086.216688
 286.000000 -23955.410941
 287.000000 -24187.541369
 288.000000 -24115.449222
 289.000000 -24014.720264
 290.000000 -24204.250377
 291.000000 -24056.902161
 292.000000 -24212.097813
 293.000000 -24154.544886
 294.000000 -24141.052575
 295.000000 -24126.566723
 296.000000 -24143.037347
 297.000000 -24004.397996
 298.000000 -24110.201485
 299.000000 -24218.603882
 300.000000 -24167.902606
 301.000000 -24237.684162
 302.000000 -24242.558852
 303.000000 -24045.818489
 304.000000 -24122.866559
 305.000000 -24061.239186
 306.000000 -24156.818765
 307.000000 -24054.386789
 308.000000 -23998.104623
 309.000000 -24165.953160
 310.000000 -24152.417742
 311.000000 -24073.142738
 312.000000 -24172.414062
 313.000000 -24072.081292
 314.000000 -24134.192685
 315.000000 -23981.667708
 316.000000 -24105.256994
 317.000000 -24006.557338
 318.000000 -23947.759750
 319.000000 -24131.060424
 320.000000 -24181.453385
 321.000000 -24150.656182
 322.000000 -23972.372900
 323.000000 -23933.620162
 324.000000 -24179.000738
 325.000000 -24059.601403
 326.000000 -24054.527024
 327.000000 -24160.058850
 328.000000 -24205.543135
 329.000000 -24183.753081
 330.000000 -24075.778336
 331.000000 -24137.357395
 332.000000 -23939.612797
 333.000000 -24073.915255
 334.000000 -24185.484169
 335.000000 -24091.050681
 336.000000 -23998.631101
 337.000000 -23900.794407
 338.000000 -24060.386224
 339.000000 -24034.389631
 340.000000 -24025.891755
 341.000000 -24130.678087
 342.000000 -24064.022852
 343.000000 -23898.823010
 344.000000 -24043.358750
 345.000000 -24169.997711
 346.000000 -24124.875467
 347.000000 -24094.744585
 348.000000 -24089.006446
 349.000000 -24118.592000
 350.000000 -24079.777316
 351.000000 -24176.172187
 352.000000 -24092.385207
 353.000000 -24050.561338
 354.000000 -24112.429222
 355.000000 -24180.492147
 356.000000 -24144.866118
 357.000000 -23914.292808
 358.000000 -24092.692760
 359.000000 -24028.409063
 360.000000 -24072.797647
 361.000000 -24166.390985
 362.000000 -24092.442040
 363.000000 -24140.775758
 364.000000 -24067.524678
 365.000000 -24230.079538
 366.000000 -24116.162284
 367.000000 -24234.338730
 368.000000 -24007.625271
 369.000000 -24176.058942
 370.000000 -24051.062926
 371.000000 -24180.988762
 372.000000 -24273.065200
 373.000000 -24065.389310
 374.000000 -24026.521614
 375.000000 -24014.346263
 376.000000 -24068.341823
 377.000000 -24079.630791
 378.000000 -24209.604339
 379.000000 -24073.121167
 380.000000 -24064.027490
 381.000000 -24188.055755
 382.000000 -24214.258398
 383.000000 -24131.165109
 384.000000 -24141.917586
 385.000000 -24206.817728
 386.000000 -24128.509275
 387.000000 -24018.439092
 388.000000 -24150.909795
 389.000000 -24198.165821
 390.000000 -23893.885545
 391.000000 -24147.235073
 392.000000 -24020.582168
 393.000000 -24100.340996
 394.000000 -24174.186765
 395.000000 -24067.999637
 396.000000 -24104.546733
 397.000000 -24176.809343
 398.000000 -24063.416755
 399.000000 -24075.690958
 400.000000 -24081.897837
 401.000000 -24106.950952
 402.000000 -24071.830770
 403.000000 -24008.081536
 404.000000 -24042.221697
 405.000000 -24120.340895
 406.000000 -24146.599939
 407.000000 -24184.683296
 408.000000 -24149.342885
 409.000000 -24196.571603
 410.000000 -24182.767534
 411.000000 -23982.075257
 412.000000 -24120.026852
 413.000000 -24077.192627
 414.000000 -24074.399503
 415.000000 -24233.206684
 416.000000 -24132.009931
 417.000000 -24086.140518
 418.000000 -24143.256493
 419.000000 -23946.550096
 420.000000 -24070.118808
 421.000000 -24093.867602
 422.000000 -24205.317835
 423.000000 -24165.481395
 424.000000 -24221.886337
 425.000000 -24079.850776
 426.000000 -24061.069904
 427.000000 -24081.164405
 428.000000 -24183.683223
 429.000000 -23991.177311
 430.000000 -24087.667508
 431.000000 -24121.961082
 432.000000 -24158.679454
 433.000000 -24190.920786
 434.000000 -24068.954095
 435.000000 -24145.445973
 436.000000 -24128.824739
 437.000000 -24094.972022
 438.000000 -24103.897382
 439.000000 -24138.797163
 440.000000 -23982.463903
 441.000000 -23993.912498
 442.000000 -24052.785418
 443.000000 -24290.673313
 444.000000 -24162.872800
 445.000000 -24008.709800
 446.000000 -24063.895934
 447.000000 -24166.053391
 448.000000 -24220.933826
 449.000000 -24080.290814
 450.000000 -24116.197374
 451.000000 -24078.948737
 452.000000 -24101.212890
 453.000000 -24179.238163
 454.000000 -24213.460571
 455.000000 -24095.846050
 456.000000 -24111.620928
 457.000000 -24129.303451
 458.000000 -24114.184589
 459.000000 -24067.406178
 460.000000 -24108.229228
 461.000000 -24200.969476
 462.000000 -24102.342006
 463.000000 -24106.579585
 464.000000 -24082.550855
 465.000000 -24092.746499
 466.000000 -24198.546494
 467.000000 -24171.584118
 468.000000 -24078.319340
 469.000000 -23989.916874
 470.000000 -24048.580763
 471.000000 -24271.539123
 472.000000 -24029.582245
 473.000000 -24090.905404
 474.000000 -24131.078273
 475.000000 -24171.349583
 476.000000 -24277.042021
 477.000000 -24140.966207
 478.000000 -24053.999998
 479.000000 -24129.383938
 480.000000 -24136.550715
 481.000000 -24066.216014
 482.000000 -24182.247796
 483.000000 -24072.335190
 484.000000 -24138.580489
 485.000000 -24118.105654
 486.000000 -24053.399672
 487.000000 -24077.748368
 488.000000 -24126.867078
 489.000000 -24175.740598
 490.000000 -24094.985361
 491.000000 -24185.039651
 492.000000 -23987.461660
 493.000000 -24167.453236
 494.000000 -24197.611800
 495.000000 -24139.680638
 496.000000 -24085.835166
 497.000000 -24069.483776
 498.000000 -24163.428144
 499.000000 -24118.225159
 500.000000 -24091.364745
 501.000000 -24011.271897
 502.000000 -24082.527822
 503.000000 -24100.720981
 504.000000 -24080.532376
 505.000000 -24097.586892
 506.000000 -24197.624706
 507.000000 -24069.232769
 508.000000 -24119.716821
 509.000000 -23948.920565
 510.000000 -24262.068392
 511.000000 -24171.891679
 512.000000 -24044.505710
 513.000000 -24101.508912
 514.000000 -24066.929148
 515.000000 -24107.811931
 516.000000 -23846.221332
 517.000000 -24021.726175
 518.000000 -24127.883333
 519.000000 -23981.089034
 520.000000 -24240.278504
 521.000000 -24060.157302
 522.000000 -23939.799030
 523.000000 -24197.298663
 524.000000 -24088.721789
 525.000000 -24056.576291
 526.000000 -24033.866440
 527.000000 -24074.290935
 528.000000 -24137.462240
 529.000000 -23995.894386
 530.000000 -24270.229468
 531.000000 -23978.244469
 532.000000 -24193.976683
 533.000000 -23927.249733
 534.000000 -24089.038762
 535.000000 -24354.288922
 536.000000 -24210.883508
 537.000000 -23995.269891
 538.000000 -24082.963517
 539.000000 -24305.028137
 540.000000 -24078.731557
 541.000000 -24124.638196
 542.000000 -24142.212559
 543.000000 -23993.849338
 544.000000 -24185.269753
 545.000000 -24174.776275
 546.000000 -24006.244612
 547.000000 -24131.816004
 548.000000 -24129.618842
 549.000000 -24038.445294
 550.000000 -24013.084765
 551.000000 -24137.564483
 552.000000 -24075.614717
 553.000000 -24254.208914
 554.000000 -24108.049381
 555.000000 -24172.689890
 556.000000 -24243.462174
 557.000000 -24123.009838
 558.000000 -24257.011624
 559.000000 -24223.693839
 560.000000 -24153.047121
 561.000000 -24046.408396
 562.000000 -24066.504517
 563.000000 -24186.994612
 564.000000 -24158.450943
 565.000000 -24106.288028
 566.000000 -24036.903316
 567.000000 -24118.858946
 568.000000 -24197.122558
 569.000000 -24095.660917
 570.000000 -24177.409199
 571.000000 -24106.730413
 572.000000 -24108.254216
 573.000000 -24006.419225
 574.000000 -23938.694733
 575.000000 -24010.622643
 576.000000 -24138.190573
 577.000000 -23953.258628
 578.000000 -24116.243992
 579.000000 -23993.897518
 580.000000 -23990.347143
 581.000000 -24049.106159
 582.000000 -24120.838675
 583.000000 -24173.352866
 584.000000 -24262.455761
 585.000000 -23968.439049
 586.000000 -24148.303007
 587.000000 -24100.648280
 588.000000 -24168.044661
 589.000000 -24109.190154
 590.000000 -24051.991140
 591.000000 -24094.661504
 592.000000 -23967.212242
 593.000000 -24128.534930
 594.000000 -24211.293242
 595.000000 -24238.951328
 596.000000 -24080.870305
 597.000000 -24056.732343
 598.000000 -24039.533506
 599.000000 -24143.221016
 600.000000 -24166.412002
 601.000000 -24042.893583
 602.000000 -24054.127350
 603.000000 -24038.085173
 604.000000 -24112.529791
 605.000000 -24013.988257
 606.000000 -24189.416041
 607.000000 -24153.946506
 608.000000 -24044.905986
 609.000000 -24117.753686
 610.000000 -24196.968366
 611.000000 -24117.142178
 612.000000 -23972.883902
 613.000000 -24049.704807
 614.000000 -24206.236411
 615.000000 -23965.657314
 616.000000 -24214.896746
 617.000000 -24076.177147
 618.000000 -24279.876335
 619.000000 -24189.886091
 620.000000 -24072.411791
 621.000000 -24001.459309
 622.000000 -23984.997105
 623.000000 -23938.259743
 624.000000 -24002.430042
 625.000000 -24124.597893
 626.000000 -24218.324068
 627.000000 -24019.018832
 628.000000 -24132.771044
 629.000000 -24140.239487
 630.000000 -24098.667991
 631.000000 -24210.316707
 632.000000 -23986.741933
 633.000000 -24045.823816
 634.000000 -24089.435994
 635.000000 -24001.109480
 636.000000 -23953.279100
 637.000000 -23968.255188
 638.000000 -24060.228263
 639.000000 -24160.003627
 640.000000 -24014.653648
 641.000000 -24045.737828
 642.000000 -24077.150953
 643.000000 -24096.909424
 644.000000 -24253.529531
 645.000000 -24109.025066
 646.000000 -24120.976893
 647.000000 -24111.043138
 648.000000 -24027.813222
 649.000000 -24091.646852
 650.000000 -24054.978447
 651.000000 -24114.863766
 652.000000 -24097.264421
 653.000000 -24029.351203
 654.000000 -24129.523487
 655.000000 -24124.351294
 656.000000 -23964.632045
 657.000000 -24048.338435
 658.000000 -23972.754223
 659.000000 -24056.235201
 660.000000 -24148.979585
 661.000000 -24122.353628
 662.000000 -24080.094576
 663.000000 -24036.206510
 664.000000 -24084.604717
 665.000000 -24043.223851
 666.000000 -23946.006943
 667.000000 -23996.052701
 668.000000 -24164.711370
 669.000000 -23938.715485
 670.000000 -24065.738596
 671.000000 -24142.937074
 672.000000 -24214.072341
 673.000000 -24089.057801
 674.000000 -24027.704272
 675.000000 -24117.793475
 676.000000 -24001.274883
 677.000000 -24145.662828
 678.000000 -23960.695029
 679.000000 -23888.477414
 680.000000 -24110.639348
 681.000000 -23963.610740
 682.000000 -24327.346295
 683.000000 -24197.564973
 684.000000 -24210.448116
 685.000000 -24251.769280
 686.000000 -24198.531485
 687.000000 -24184.351867
 688.000000 -24257.626733
 689.000000 -24048.707033
 690.000000 -24258.873664
 691.000000 -24175.235394
 692.000000 -24277.096995
 693.000000 -24126.394501
 694.000000 -24059.536258
 695.000000 -24060.083098
 696.000000 -24190.989156
 697.000000 -23936.803866
 698.000000 -24042.649225
 699.000000 -24177.821964
 700.000000 -24143.650752
 701.000000 -24038.810546
 702.000000 -24245.298979
 703.000000 -24137.420449
 704.000000 -24040.533985
 705.000000 -24072.213871
 706.000000 -24210.524628
 707.000000 -24194.959759
 708.000000 -24115.252130
 709.000000 -24101.806069
 710.000000 -24015.869266
 711.000000 -24145.941216
 712.000000 -24035.983332
 713.000000 -24055.860688
 714.000000 -24203.672542
 715.000000 -24143.878797
 716.000000 -23929.933923
 717.000000 -24130.498974
 718.000000 -24227.028725
 719.000000 -24040.267635
 720.000000 -24101.399845
 721.000000 -24080.283009
 722.000000 -24175.648253
 723.000000 -24246.302686
 724.000000 -24013.493958
 725.000000 -24087.819882
 726.000000 -24081.568774
 727.000000 -24083.780421
 728.000000 -24112.898599
 729.000000 -24147.780636
 730.000000 -24090.838450
 731.000000 -24054.800413
 732.000000 -24140.993286
 733.000000 -24151.880606
 734.000000 -24180.368403
 735.000000 -24229.852059
 736.000000 -24218.966083
 737.000000 -24158.264998
 738.000000 -24164.752056
 739.000000 -24341.156965
 740.000000 -24053.511685
 741.000000 -24167.784752
 742.000000 -24059.592432
 743.000000 -24161.557031
 744.000000 -24187.389425
 745.000000 -24103.513092
 746.000000 -24162.727610
 747.000000 -24112.368964
 748.000000 -24034.908684
 749.000000 -24210.321941
 750.000000 -24123.098878
 751.000000 -23939.676715
 752.000000 -24072.523769
 753.000000 -24078.912707
 754.000000 -24183.837665
 755.000000 -24108.225726
 756.000000 -24155.322197
 757.000000 -24044.479214
 758.000000 -23914.897309
 759.000000 -24067.381097
 760.000000 -24202.159831
 761.000000 -24078.712555
 762.000000 -23981.881622
 763.000000 -24175.437035
 764.000000 -24050.496268
 765.000000 -24099.629817
 766.000000 -24300.118020
 767.000000 -23967.473054
 768.000000 -24091.394200
 769.000000 -24118.548807
 770.000000 -24107.210667
 771.000000 -24009.739634
 772.000000 -23997.394341
 773.000000 -24103.176353
 774.000000 -24142.405696
 775.000000 -24062.907007
 776.000000 -24048.719353
 777.000000 -24127.719506
 778.000000 -24139.453484
 779.000000 -24075.704533
 780.000000 -23903.265341
 781.000000 -24072.878365
 782.000000 -24159.518498
 783.000000 -24072.014919
 784.000000 -24161.638499
 785.000000 -24061.399033
 786.000000 -24007.367498
 787.000000 -23918.833241
 788.000000 -24194.051109
 789.000000 -24065.318717
 790.000000 -24125.611953
 791.000000 -24075.626450
 792.000000 -24070.917237
 793.000000 -24027.288239
 794.000000 -24120.699574
 795.000000 -24276.401471
 796.000000 -24055.188875
 797.000000 -24004.413649
 798.000000 -24122.405337
 799.000000 -24031.151790
 800.000000 -24087.944202
 801.000000 -24142.448026
 802.000000 -24105.636908
 803.000000 -23956.157916
 804.000000 -24199.944362
 805.000000 -24277.279665
 806.000000 -24112.614053
 807.000000 -24141.054786
 808.000000 -24143.051632
 809.000000 -24148.570217
 810.000000 -23952.341911
 811.000000 -24077.496196
 812.000000 -24246.004327
 813.000000 -24130.605605
 814.000000 -24139.507706
 815.000000 -24190.626095
 816.000000 -24137.040437
 817.000000 -24159.446081
 818.000000 -24170.658039
 819.000000 -24080.901340
 820.000000 -24217.967335
 821.000000 -24231.633100
 822.000000 -23933.430804
 823.000000 -24169.812278
 824.000000 -24029.257577
 825.000000 -24188.267739
 826.000000 -24127.845735
 827.000000 -24060.398548
 828.000000 -24153.495073
 829.000000 -24153.652640
 830.000000 -24024.682314
 831.000000 -24055.914190
 832.000000 -24027.644142
 833.000000 -24052.725552
 834.000000 -23952.214602
 835.000000 -24208.311143
 836.000000 -23952.872129
 837.000000 -23911.054161
 838.000000 -24178.865541
 839.000000 -24005.274369
 840.000000 -24163.363092
 841.000000 -24115.116511
 842.000000 -24046.427739
 843.000000 -23901.644639
 844.000000 -24112.923604
 845.000000 -23974.193542
 846.000000 -23896.449817
 847.000000 -24200.262751
 848.000000 -24113.442853
 849.000000 -24094.527661
 850.000000 -24002.138468
 851.000000 -23959.830076
 852.000000 -23896.637939
 853.000000 -24010.072123
 854.000000 -24143.739766
 855.000000 -24305.203737
 856.000000 -24052.959241
 857.000000 -24047.223877
 858.000000 -23960.383120
 859.000000 -24175.204827
 860.000000 -24147.109115
 861.000000 -24117.355374
 862.000000 -24031.138678
 863.000000 -24142.939376
 864.000000 -23966.008169
 865.000000 -24021.312616
 866.000000 -23964.260392
 867.000000 -24103.801371
 868.000000 -23907.464078
 869.000000 -24110.042107
 870.000000 -24096.723222
 871.000000 -23938.296296
 872.000000 -24206.894367
 873.000000 -23945.259830
 874.000000 -24090.031160
 875.000000 -24105.704819
 876.000000 -24284.474858
 877.000000 -24285.466474
 878.000000 -24126.220705
 879.000000 -24142.928489
 880.000000 -23962.953232
 881.000000 -24131.603358
 882.000000 -24179.059769
 883.000000 -24091.392286
 884.000000 -24126.789667
 885.000000 -24096.690048
 886.000000 -24149.704622
 887.000000 -24054.301831
 888.000000 -24155.191996
 889.000000 -24108.977863
 890.000000 -24172.296610
 891.000000 -23991.083275
 892.000000 -24150.589245
 893.000000 -24143.533627
 894.000000 -24147.302732
 895.000000 -24203.676529
 896.000000 -24101.730634
 897.000000 -24210.104743
 898.000000 -24074.297805
 899.000000 -24048.343480
 900.000000 -23891.206405
 901.000000 -24175.474665
 902.000000 -24021.817874
 903.000000 -24097.903150
 904.000000 -24085.627655
 905.000000 -24379.714537
 906.000000 -23926.239438
 907.000000 -24147.784074
 908.000000 -24140.874996
 909.000000 -24045.462234
 910.000000 -23856.180137
 911.000000 -24070.022192
 912.000000 -24100.487697
 913.000000 -24100.223791
 914.000000 -24273.220380
 915.000000 -24156.983612
 916.000000 -24076.821565
 917.000000 -24120.450951
 918.000000 -23914.421602
 919.000000 -24094.609666
 920.000000 -24242.855820
 921.000000 -24235.576095
 922.000000 -24111.522489
 923.000000 -23946.736740
 924.000000 -24072.262092
 925.000000 -24222.843796
 926.000000 -24168.917034
 927.000000 -24163.995462
 928.000000 -24235.618346
 929.000000 -23964.897649
 930.000000 -24056.780301
 931.000000 -24160.389052
 932.000000 -23848.986935
 933.000000 -24184.229416
 934.000000 -24117.072052
 935.000000 -24083.098675
 936.000000 -24169.235124
 937.000000 -24239.561093
 938.000000 -24238.757526
 939.000000 -24089.118364
 940.000000 -24258.032621
 941.000000 -24114.603690
 942.000000 -24137.739643
 943.000000 -24132.830918
 944.000000 -24213.600924
 945.000000 -24235.498878
 946.000000 -23953.680026
 947.000000 -24152.005490
 948.000000 -24098.827790
 949.000000 -24014.551866
 950.000000 -24360.666555
 951.000000 -24095.789338
 952.000000 -24145.410104
 953.000000 -24271.465943
 954.000000 -24075.882349
 955.000000 -24092.709476
 956.000000 -24077.964726
 957.000000 -24049.796523
 958.000000 -24073.396233
 959.000000 -24018.455899
 960.000000 -24029.056189
 961.000000 -24144.930908
 962.000000 -24100.826209
 963.000000 -24139.203481
 964.000000 -24286.889909
 965.000000 -24073.025100
 966.000000 -23943.459108
 967.000000 -24065.560308
 968.000000 -24183.794886
 969.000000 -24191.490958
 970.000000 -24096.917851
 971.000000 -24058.342959
 972.000000 -24214.314204
 973.000000 -24041.186839
 974.000000 -23999.989831
 975.000000 -24198.728589
 976.000000 -24132.472753
 977.000000 -24011.915071
 978.000000 -23963.995796
 979.000000 -24141.767335
 980.000000 -24117.400234
 981.000000 -24117.477147
 982.000000 -24261.236642
 983.000000 -24138.033095
 984.000000 -24055.239465
 985.000000 -24270.033144
 986.000000 -24204.085309
 987.000000 -24121.055232
 988.000000 -24085.322758
 989.000000 -24128.573022
 990.000000 -24135.876387
 991.000000 -24114.834748
 992.000000 -24063.426204
 993.000000 -24129.784091
 994.000000 -24204.286668
 995.000000 -24146.922383
 996.000000 -24056.908602
 997.000000 -24071.110707
 998.000000 -24143.048570
 999.000000 -24136.587670
 1000.000000 -24083.563120
