#! FIELDS energy ff dff_energy
#! SET normalisation     1.0000000000
#! SET min_energy -25000
#! SET max_energy -23500
#! SET nbins_energy  1000
#! SET periodic_energy false
 -25000.0000000000             inf    0.0000000000
 -24998.5000000000             inf    0.0000000000
 -24997.0000000000             inf    0.0000000000
 -24995.5000000000             inf    0.0000000000
 -24994.0000000000             inf    0.0000000000
 -24992.5000000000             inf    0.0000000000
 -24991.0000000000             inf    0.0000000000
 -24989.5000000000             inf    0.0000000000
 -24988.0000000000             inf    0.0000000000
 -24986.5000000000             inf    0.0000000000
 -24985.0000000000             inf    0.0000000000
 -24983.5000000000             inf    0.0000000000
 -24982.0000000000             inf    0.0000000000
 -24980.5000000000             inf    0.0000000000
 -24979.0000000000             inf    0.0000000000
 -24977.5000000000             inf    0.0000000000
 -24976.0000000000             inf    0.0000000000
 -24974.5000000000             inf    0.0000000000
 -24973.0000000000             inf    0.0000000000
 -24971.5000000000             inf    0.0000000000
 -24970.0000000000             inf    0.0000000000
 -24968.5000000000             inf    0.0000000000
 -24967.0000000000             inf    0.0000000000
 -24965.5000000000             inf    0.0000000000
 -24964.0000000000             inf    0.0000000000
 -24962.5000000000             inf    0.0000000000
 -24961.0000000000             inf    0.0000000000
 -24959.5000000000             inf    0.0000000000
 -24958.0000000000             inf    0.0000000000
 -24956.5000000000             inf    0.0000000000
 -24955.0000000000             inf    0.0000000000
 -24953.5000000000             inf    0.0000000000
 -24952.0000000000             inf    0.0000000000
 -24950.5000000000             inf    0.0000000000
 -24949.0000000000             inf    0.0000000000
 -24947.5000000000             inf    0.0000000000
 -24946.0000000000             inf    0.0000000000
 -24944.5000000000             inf    0.0000000000
 -24943.0000000000             inf    0.0000000000
 -24941.5000000000             inf    0.0000000000
 -24940.0000000000             inf    0.0000000000
 -24938.5000000000             inf    0.0000000000
 -24937.0000000000             inf    0.0000000000
 -24935.5000000000             inf    0.0000000000
 -24934.0000000000             inf    0.0000000000
 -24932.5000000000             inf    0.0000000000
 -24931.0000000000             inf    0.0000000000
 -24929.5000000000             inf    0.0000000000
 -24928.0000000000             inf    0.0000000000
 -24926.5000000000             inf    0.0000000000
 -24925.0000000000             inf    0.0000000000
 -24923.5000000000             inf    0.0000000000
 -24922.0000000000             inf    0.0000000000
 -24920.5000000000             inf    0.0000000000
 -24919.0000000000             inf    0.0000000000
 -24917.5000000000             inf    0.0000000000
 -24916.0000000000             inf    0.0000000000
 -24914.5000000000             inf    0.0000000000
 -24913.0000000000             inf    0.0000000000
 -24911.5000000000             inf    0.0000000000
 -24910.0000000000             inf    0.0000000000
 -24908.5000000000             inf    0.0000000000
 -24907.0000000000             inf    0.0000000000
 -24905.5000000000             inf    0.0000000000
 -24904.0000000000             inf    0.0000000000
 -24902.5000000000             inf    0.0000000000
 -24901.0000000000             inf    0.0000000000
 -24899.5000000000             inf    0.0000000000
 -24898.0000000000             inf    0.0000000000
 -24896.5000000000             inf    0.0000000000
 -24895.0000000000             inf    0.0000000000
 -24893.5000000000             inf    0.0000000000
 -24892.0000000000             inf    0.0000000000
 -24890.5000000000             inf    0.0000000000
 -24889.0000000000             inf    0.0000000000
 -24887.5000000000             inf    0.0000000000
 -24886.0000000000             inf    0.0000000000
 -24884.5000000000             inf    0.0000000000
 -24883.0000000000             inf    0.0000000000
 -24881.5000000000             inf    0.0000000000
 -24880.0000000000             inf    0.0000000000
 -24878.5000000000             inf    0.0000000000
 -24877.0000000000             inf    0.0000000000
 -24875.5000000000             inf    0.0000000000
 -24874.0000000000             inf    0.0000000000
 -24872.5000000000             inf    0.0000000000
 -24871.0000000000             inf    0.0000000000
 -24869.5000000000             inf    0.0000000000
 -24868.0000000000             inf    0.0000000000
 -24866.5000000000             inf    0.0000000000
 -24865.0000000000             inf    0.0000000000
 -24863.5000000000             inf    0.0000000000
 -24862.0000000000             inf    0.0000000000
 -24860.5000000000             inf    0.0000000000
 -24859.0000000000             inf    0.0000000000
 -24857.5000000000             inf    0.0000000000
 -24856.0000000000             inf    0.0000000000
 -24854.5000000000             inf    0.0000000000
 -24853.0000000000             inf    0.0000000000
 -24851.5000000000             inf    0.0000000000
 -24850.0000000000             inf    0.0000000000
 -24848.5000000000             inf    0.0000000000
 -24847.0000000000             inf    0.0000000000
 -24845.5000000000             inf    0.0000000000
 -24844.0000000000             inf    0.0000000000
 -24842.5000000000             inf    0.0000000000
 -24841.0000000000             inf    0.0000000000
 -24839.5000000000             inf    0.0000000000
 -24838.0000000000             inf    0.0000000000
 -24836.5000000000             inf    0.0000000000
 -24835.0000000000             inf    0.0000000000
 -24833.5000000000             inf    0.0000000000
 -24832.0000000000             inf    0.0000000000
 -24830.5000000000             inf    0.0000000000
 -24829.0000000000             inf    0.0000000000
 -24827.5000000000             inf    0.0000000000
 -24826.0000000000             inf    0.0000000000
 -24824.5000000000             inf    0.0000000000
 -24823.0000000000             inf    0.0000000000
 -24821.5000000000             inf    0.0000000000
 -24820.0000000000             inf    0.0000000000
 -24818.5000000000             inf    0.0000000000
 -24817.0000000000             inf    0.0000000000
 -24815.5000000000             inf    0.0000000000
 -24814.0000000000             inf    0.0000000000
 -24812.5000000000             inf    0.0000000000
 -24811.0000000000             inf    0.0000000000
 -24809.5000000000             inf    0.0000000000
 -24808.0000000000             inf    0.0000000000
 -24806.5000000000             inf    0.0000000000
 -24805.0000000000             inf    0.0000000000
 -24803.5000000000             inf    0.0000000000
 -24802.0000000000             inf    0.0000000000
 -24800.5000000000             inf    0.0000000000
 -24799.0000000000             inf    0.0000000000
 -24797.5000000000             inf    0.0000000000
 -24796.0000000000             inf    0.0000000000
 -24794.5000000000             inf    0.0000000000
 -24793.0000000000             inf    0.0000000000
 -24791.5000000000             inf    0.0000000000
 -24790.0000000000             inf    0.0000000000
 -24788.5000000000             inf    0.0000000000
 -24787.0000000000             inf    0.0000000000
 -24785.5000000000             inf    0.0000000000
 -24784.0000000000             inf    0.0000000000
 -24782.5000000000             inf    0.0000000000
 -24781.0000000000             inf    0.0000000000
 -24779.5000000000             inf    0.0000000000
 -24778.0000000000             inf    0.0000000000
 -24776.5000000000             inf    0.0000000000
 -24775.0000000000             inf    0.0000000000
 -24773.5000000000             inf    0.0000000000
 -24772.0000000000             inf    0.0000000000
 -24770.5000000000             inf    0.0000000000
 -24769.0000000000             inf    0.0000000000
 -24767.5000000000             inf    0.0000000000
 -24766.0000000000             inf    0.0000000000
 -24764.5000000000             inf    0.0000000000
 -24763.0000000000             inf    0.0000000000
 -24761.5000000000             inf    0.0000000000
 -24760.0000000000             inf    0.0000000000
 -24758.5000000000             inf    0.0000000000
 -24757.0000000000             inf    0.0000000000
 -24755.5000000000             inf    0.0000000000
 -24754.0000000000             inf    0.0000000000
 -24752.5000000000             inf    0.0000000000
 -24751.0000000000             inf    0.0000000000
 -24749.5000000000             inf    0.0000000000
 -24748.0000000000             inf    0.0000000000
 -24746.5000000000             inf    0.0000000000
 -24745.0000000000             inf    0.0000000000
 -24743.5000000000             inf    0.0000000000
 -24742.0000000000             inf    0.0000000000
 -24740.5000000000             inf    0.0000000000
 -24739.0000000000             inf    0.0000000000
 -24737.5000000000             inf    0.0000000000
 -24736.0000000000             inf    0.0000000000
 -24734.5000000000             inf    0.0000000000
 -24733.0000000000             inf    0.0000000000
 -24731.5000000000             inf    0.0000000000
 -24730.0000000000             inf    0.0000000000
 -24728.5000000000             inf    0.0000000000
 -24727.0000000000             inf    0.0000000000
 -24725.5000000000             inf    0.0000000000
 -24724.0000000000             inf    0.0000000000
 -24722.5000000000             inf    0.0000000000
 -24721.0000000000             inf    0.0000000000
 -24719.5000000000             inf    0.0000000000
 -24718.0000000000             inf    0.0000000000
 -24716.5000000000             inf    0.0000000000
 -24715.0000000000             inf    0.0000000000
 -24713.5000000000             inf    0.0000000000
 -24712.0000000000             inf    0.0000000000
 -24710.5000000000             inf    0.0000000000
 -24709.0000000000             inf    0.0000000000
 -24707.5000000000             inf    0.0000000000
 -24706.0000000000             inf    0.0000000000
 -24704.5000000000             inf    0.0000000000
 -24703.0000000000             inf    0.0000000000
 -24701.5000000000             inf    0.0000000000
 -24700.0000000000             inf    0.0000000000
 -24698.5000000000             inf    0.0000000000
 -24697.0000000000             inf    0.0000000000
 -24695.5000000000             inf    0.0000000000
 -24694.0000000000             inf    0.0000000000
 -24692.5000000000             inf    0.0000000000
 -24691.0000000000             inf    0.0000000000
 -24689.5000000000             inf    0.0000000000
 -24688.0000000000             inf    0.0000000000
 -24686.5000000000             inf    0.0000000000
 -24685.0000000000             inf    0.0000000000
 -24683.5000000000             inf    0.0000000000
 -24682.0000000000             inf    0.0000000000
 -24680.5000000000             inf    0.0000000000
 -24679.0000000000             inf    0.0000000000
 -24677.5000000000             inf    0.0000000000
 -24676.0000000000             inf    0.0000000000
 -24674.5000000000             inf    0.0000000000
 -24673.0000000000             inf    0.0000000000
 -24671.5000000000             inf    0.0000000000
 -24670.0000000000             inf    0.0000000000
 -24668.5000000000             inf    0.0000000000
 -24667.0000000000             inf    0.0000000000
 -24665.5000000000             inf    0.0000000000
 -24664.0000000000             inf    0.0000000000
 -24662.5000000000             inf    0.0000000000
 -24661.0000000000             inf    0.0000000000
 -24659.5000000000             inf    0.0000000000
 -24658.0000000000             inf    0.0000000000
 -24656.5000000000             inf    0.0000000000
 -24655.0000000000             inf    0.0000000000
 -24653.5000000000             inf    0.0000000000
 -24652.0000000000             inf    0.0000000000
 -24650.5000000000             inf    0.0000000000
 -24649.0000000000             inf    0.0000000000
 -24647.5000000000             inf    0.0000000000
 -24646.0000000000             inf    0.0000000000
 -24644.5000000000             inf    0.0000000000
 -24643.0000000000             inf    0.0000000000
 -24641.5000000000             inf    0.0000000000
 -24640.0000000000             inf    0.0000000000
 -24638.5000000000             inf    0.0000000000
 -24637.0000000000             inf    0.0000000000
 -24635.5000000000             inf    0.0000000000
 -24634.0000000000             inf    0.0000000000
 -24632.5000000000             inf    0.0000000000
 -24631.0000000000             inf    0.0000000000
 -24629.5000000000             inf    0.0000000000
 -24628.0000000000             inf    0.0000000000
 -24626.5000000000             inf    0.0000000000
 -24625.0000000000             inf    0.0000000000
 -24623.5000000000             inf    0.0000000000
 -24622.0000000000             inf    0.0000000000
 -24620.5000000000             inf    0.0000000000
 -24619.0000000000             inf    0.0000000000
 -24617.5000000000             inf    0.0000000000
 -24616.0000000000             inf    0.0000000000
 -24614.5000000000             inf    0.0000000000
 -24613.0000000000             inf    0.0000000000
 -24611.5000000000             inf    0.0000000000
 -24610.0000000000             inf    0.0000000000
 -24608.5000000000             inf    0.0000000000
 -24607.0000000000             inf    0.0000000000
 -24605.5000000000             inf    0.0000000000
 -24604.0000000000             inf    0.0000000000
 -24602.5000000000             inf    0.0000000000
 -24601.0000000000             inf    0.0000000000
 -24599.5000000000             inf    0.0000000000
 -24598.0000000000             inf    0.0000000000
 -24596.5000000000             inf    0.0000000000
 -24595.0000000000             inf    0.0000000000
 -24593.5000000000             inf    0.0000000000
 -24592.0000000000             inf    0.0000000000
 -24590.5000000000             inf    0.0000000000
 -24589.0000000000             inf    0.0000000000
 -24587.5000000000             inf    0.0000000000
 -24586.0000000000             inf    0.0000000000
 -24584.5000000000             inf    0.0000000000
 -24583.0000000000             inf    0.0000000000
 -24581.5000000000             inf    0.0000000000
 -24580.0000000000             inf    0.0000000000
 -24578.5000000000             inf    0.0000000000
 -24577.0000000000             inf    0.0000000000
 -24575.5000000000             inf    0.0000000000
 -24574.0000000000             inf    0.0000000000
 -24572.5000000000             inf    0.0000000000
 -24571.0000000000             inf    0.0000000000
 -24569.5000000000             inf    0.0000000000
 -24568.0000000000             inf    0.0000000000
 -24566.5000000000             inf    0.0000000000
 -24565.0000000000             inf    0.0000000000
 -24563.5000000000             inf    0.0000000000
 -24562.0000000000             inf    0.0000000000
 -24560.5000000000             inf    0.0000000000
 -24559.0000000000             inf    0.0000000000
 -24557.5000000000   82.5886997979   -0.3252019087
 -24556.0000000000   82.1029547643   -0.3224581362
 -24554.5000000000   81.6213253893   -0.3197143637
 -24553.0000000000   81.1438116732   -0.3169705912
 -24551.5000000000   80.6704136157   -0.3142268187
 -24550.0000000000   80.2011312170   -0.3114830462
 -24548.5000000000   79.7359644770   -0.3087392737
 -24547.0000000000   79.2749133958   -0.3059955012
 -24545.5000000000   78.8179779733   -0.3032517287
 -24544.0000000000   78.3651582096   -0.3005079563
 -24542.5000000000   77.9164541046   -0.2977641838
 -24541.0000000000   77.4718656583   -0.2950204113
 -24539.5000000000   77.0313928708   -0.2922766388
 -24538.0000000000   75.4717524305   -0.2971212682
 -24536.5000000000   75.0280773698   -0.2944455523
 -24535.0000000000   74.5884155549   -0.2917702738
 -24533.5000000000   74.1527663299   -0.2890954323
 -24532.0000000000   73.1035630619   -0.2913028566
 -24530.5000000000   72.6685803108   -0.2886742446
 -24529.0000000000   72.2375400298   -0.2860462291
 -24527.5000000000   71.8104413281   -0.2834188047
 -24526.0000000000   71.3872833228   -0.2807919662
 -24524.5000000000   70.9680651392   -0.2781657083
 -24523.0000000000   70.2445296883   -0.2788294263
 -24521.5000000000   69.8282219853   -0.2762476613
 -24520.0000000000   69.4157862554   -0.2736667943
 -24518.5000000000   68.7713052185   -0.2737670995
 -24517.0000000000   68.3625617532   -0.2712243739
 -24515.5000000000   67.9576315415   -0.2686827590
 -24514.0000000000   67.5565129281   -0.2661422404
 -24512.5000000000   67.1592042794   -0.2636028036
 -24511.0000000000   66.6189150420   -0.2630601618
 -24509.5000000000   66.2262026717   -0.2605565643
 -24508.0000000000   65.8372446561   -0.2580543526
 -24506.5000000000   65.4520389305   -0.2555535079
 -24505.0000000000   64.8762898579   -0.2560546764
 -24503.5000000000   64.4940380588   -0.2536147298
 -24502.0000000000   64.1154446522   -0.2511768157
 -24500.5000000000   63.7405066076   -0.2487409096
 -24499.0000000000   63.3692209320   -0.2463069862
 -24497.5000000000   63.0015846710   -0.2438750189
 -24496.0000000000   62.6375949107   -0.2414449807
 -24494.5000000000   62.2772487787   -0.2390168430
 -24493.0000000000   61.9205434459   -0.2365905768
 -24491.5000000000   61.5674761276   -0.2341661518
 -24490.0000000000   61.2180440853   -0.2317435369
 -24488.5000000000   60.8722446278   -0.2293227001
 -24487.0000000000   60.5300751125   -0.2269036083
 -24485.5000000000   60.1915329471   -0.2244862277
 -24484.0000000000   59.8566155911   -0.2220705235
 -24482.5000000000   59.4650068257   -0.2210297494
 -24481.0000000000   59.1352397708   -0.2186601062
 -24479.5000000000   58.8090251647   -0.2162931480
 -24478.0000000000   58.4389327785   -0.2150731491
 -24476.5000000000   58.1180664075   -0.2127492897
 -24475.0000000000   57.8006830774   -0.2104290943
 -24473.5000000000   57.4867772932   -0.2081125614
 -24472.0000000000   57.1763435632   -0.2057996884
 -24470.5000000000   56.8693763998   -0.2034904718
 -24469.0000000000   56.5510329398   -0.2015898470
 -24467.5000000000   56.2503635966   -0.1993033001
 -24466.0000000000   55.9399946589   -0.1973903078
 -24464.5000000000   55.6328369779   -0.1954883816
 -24463.0000000000   55.3172115509   -0.1939335676
 -24461.5000000000   55.0163399394   -0.1920567496
 -24460.0000000000   54.7299003288   -0.1898638196
 -24458.5000000000   54.4467452021   -0.1876774467
 -24457.0000000000   54.1477735571   -0.1860748246
 -24455.5000000000   53.8456715331   -0.1846895523
 -24454.0000000000   53.5620972035   -0.1828335024
 -24452.5000000000   53.2819533371   -0.1809805229
 -24451.0000000000   52.9979284716   -0.1793621748
 -24449.5000000000   52.7172820965   -0.1777476585
 -24448.0000000000   52.4396958829   -0.1761449537
 -24446.5000000000   52.1769654402   -0.1741643169
 -24445.0000000000   51.9171968576   -0.1721958291
 -24443.5000000000   51.6603718126   -0.1702396214
 -24442.0000000000   51.4064717911   -0.1682958179
 -24440.5000000000   51.1463239419   -0.1666838242
 -24439.0000000000   50.8932505393   -0.1649374514
 -24437.5000000000   50.6472578777   -0.1630550441
 -24436.0000000000   50.3920751886   -0.1616164076
 -24434.5000000000   50.1471500182   -0.1599225006
 -24433.0000000000   49.9086271351   -0.1581105256
 -24431.5000000000   49.6658963692   -0.1565684144
 -24430.0000000000   49.4292287533   -0.1549173466
 -24428.5000000000   49.1981648817   -0.1531705009
 -24427.0000000000   48.9697091768   -0.1514398019
 -24425.5000000000   48.7438373742   -0.1497253058
 -24424.0000000000   48.5126441168   -0.1483326252
 -24422.5000000000   48.2839336080   -0.1469586642
 -24421.0000000000   48.0576354145   -0.1456048233
 -24419.5000000000   47.8404307535   -0.1440044365
 -24418.0000000000   47.6213315152   -0.1425938534
 -24416.5000000000   47.4043987984   -0.1412086223
 -24415.0000000000   47.1897541318   -0.1398433865
 -24413.5000000000   46.9754822822   -0.1385750712
 -24412.0000000000   46.7668935103   -0.1371835896
 -24410.5000000000   46.5586295416   -0.1358882618
 -24409.0000000000   46.3525556974   -0.1346114220
 -24407.5000000000   46.1484571414   -0.1333595238
 -24406.0000000000   45.9494397083   -0.1320004466
 -24404.5000000000   45.7495614280   -0.1307843700
 -24403.0000000000   45.5543711965   -0.1294726351
 -24401.5000000000   45.3598031016   -0.1282382518
 -24400.0000000000   45.1658164059   -0.1270813867
 -24398.5000000000   44.9737081718   -0.1259444596
 -24397.0000000000   44.7822145012   -0.1248807378
 -24395.5000000000   44.5923360466   -0.1238438034
 -24394.0000000000   44.4074430083   -0.1226834778
 -24392.5000000000   44.2192186358   -0.1217681357
 -24391.0000000000   44.0314729658   -0.1209244369
 -24389.5000000000   43.8461248171   -0.1200643334
 -24388.0000000000   43.6575004135   -0.1194405700
 -24386.5000000000   43.4747428281   -0.1186390269
 -24385.0000000000   43.2958579089   -0.1177472186
 -24383.5000000000   43.1158118758   -0.1169919516
 -24382.0000000000   42.9371483782   -0.1162557147
 -24380.5000000000   42.7627042253   -0.1154053828
 -24379.0000000000   42.5887711845   -0.1146097061
 -24377.5000000000   42.4160509379   -0.1138342361
 -24376.0000000000   42.2412321670   -0.1132308832
 -24374.5000000000   42.0686878745   -0.1125926666
 -24373.0000000000   41.8972490854   -0.1119727658
 -24371.5000000000   41.7280310855   -0.1113165365
 -24370.0000000000   41.5610293940   -0.1106224197
 -24368.5000000000   41.3927545630   -0.1100521906
 -24367.0000000000   41.2259843944   -0.1094728065
 -24365.5000000000   41.0596648640   -0.1089322580
 -24364.0000000000   40.8952074144   -0.1083610777
 -24362.5000000000   40.7282557749   -0.1079646816
 -24361.0000000000   40.5625206639   -0.1075633392
 -24359.5000000000   40.4002293221   -0.1070489637
 -24358.0000000000   40.2383083966   -0.1065673090
 -24356.5000000000   40.0771542068   -0.1060974326
 -24355.0000000000   39.9163480453   -0.1056576972
 -24353.5000000000   39.7543385991   -0.1053210440
 -24352.0000000000   39.5956018523   -0.1048692787
 -24350.5000000000   39.4368554062   -0.1044601526
 -24349.0000000000   39.2777070930   -0.1041107253
 -24347.5000000000   39.1201980194   -0.1037203648
 -24346.0000000000   38.9633234208   -0.1033367011
 -24344.5000000000   38.8073997574   -0.1029430698
 -24343.0000000000   38.6517876852   -0.1025693667
 -24341.5000000000   38.4967802728   -0.1022000398
 -24340.0000000000   38.3423776495   -0.1018340035
 -24338.5000000000   38.1885956435   -0.1014695714
 -24337.0000000000   38.0359053057   -0.1010823662
 -24335.5000000000   37.8837897321   -0.1006970686
 -24334.0000000000   37.7320317614   -0.1003237565
 -24332.5000000000   37.5808767241   -0.0999495616
 -24331.0000000000   37.4303057810   -0.0995746522
 -24329.5000000000   37.2803222716   -0.0991982873
 -24328.0000000000   37.1307221376   -0.0988301288
 -24326.5000000000   36.9819360590   -0.0984483141
 -24325.0000000000   36.8321151439   -0.0981443707
 -24323.5000000000   36.6844220574   -0.0977599207
 -24322.0000000000   36.5369492083   -0.0973903102
 -24320.5000000000   36.3885290117   -0.0970931887
 -24319.0000000000   36.2415717910   -0.0967476946
 -24317.5000000000   36.0958980568   -0.0963628967
 -24316.0000000000   35.9504821520   -0.0959902710
 -24314.5000000000   35.8054770045   -0.0956219076
 -24313.0000000000   35.6618790643   -0.0952078229
 -24311.5000000000   35.5186211211   -0.0948021231
 -24310.0000000000   35.3755430943   -0.0944128241
 -24308.5000000000   35.2328142947   -0.0940314781
 -24307.0000000000   35.0908483371   -0.0936371339
 -24305.5000000000   34.9501946054   -0.0932021322
 -24304.0000000000   34.8099352488   -0.0927735441
 -24302.5000000000   34.6706196058   -0.0923237658
 -24301.0000000000   34.5318758535   -0.0918721124
 -24299.5000000000   34.3938239070   -0.0914127234
 -24298.0000000000   34.2560135238   -0.0909690978
 -24296.5000000000   34.1190283201   -0.0905116075
 -24295.0000000000   33.9827480860   -0.0900467720
 -24293.5000000000   33.8473094753   -0.0895680997
 -24292.0000000000   33.7123886048   -0.0890926906
 -24290.5000000000   33.5781266333   -0.0886138547
 -24289.0000000000   33.4450245566   -0.0881061064
 -24287.5000000000   33.3127016574   -0.0875897794
 -24286.0000000000   33.1810816773   -0.0870694380
 -24284.5000000000   33.0501789062   -0.0865449204
 -24283.0000000000   32.9201615554   -0.0860079071
 -24281.5000000000   32.7911615516   -0.0854523033
 -24280.0000000000   32.6629331303   -0.0848916354
 -24278.5000000000   32.5351410926   -0.0843440684
 -24277.0000000000   32.4087646017   -0.0837586701
 -24275.5000000000   32.2832808645   -0.0831638416
 -24274.0000000000   32.1583976675   -0.0825757483
 -24272.5000000000   32.0343521060   -0.0819825179
 -24271.0000000000   31.9114286295   -0.0813696472
 -24269.5000000000   31.7891704623   -0.0807623629
 -24268.0000000000   31.6679057669   -0.0801437112
 -24266.5000000000   31.5475302592   -0.0795201253
 -24265.0000000000   31.4284222344   -0.0788719107
 -24263.5000000000   31.3103075386   -0.0782147785
 -24262.0000000000   31.1932586077   -0.0775455910
 -24260.5000000000   31.0771028298   -0.0768744657
 -24259.0000000000   30.9619717279   -0.0761950645
 -24257.5000000000   30.8478083586   -0.0755112236
 -24256.0000000000   30.7345266627   -0.0748285141
 -24254.5000000000   30.6222872690   -0.0741388632
 -24253.0000000000   30.5112483167   -0.0734343110
 -24251.5000000000   30.4011401646   -0.0727306550
 -24250.0000000000   30.2919506252   -0.0720292403
 -24248.5000000000   30.1841786164   -0.0713031847
 -24247.0000000000   30.0775486169   -0.0705685651
 -24245.5000000000   29.9719808848   -0.0698306098
 -24244.0000000000   29.8674481529   -0.0690916528
 -24242.5000000000   29.7641196648   -0.0683428515
 -24241.0000000000   29.6620063453   -0.0675843235
 -24239.5000000000   29.5610056540   -0.0668226536
 -24238.0000000000   29.4608628829   -0.0660728942
 -24236.5000000000   29.3622589885   -0.0652969906
 -24235.0000000000   29.2647102197   -0.0645232475
 -24233.5000000000   29.1681689284   -0.0637549584
 -24232.0000000000   29.0728237010   -0.0629819069
 -24230.5000000000   28.9786823370   -0.0622042388
 -24229.0000000000   28.8858243897   -0.0614179320
 -24227.5000000000   28.7940073135   -0.0606375501
 -24226.0000000000   28.7034350672   -0.0598517361
 -24224.5000000000   28.6140543154   -0.0590641240
 -24223.0000000000   28.5258204942   -0.0582776850
 -24221.5000000000   28.4388083655   -0.0574884997
 -24220.0000000000   28.3530108133   -0.0566973131
 -24218.5000000000   28.2684073512   -0.0559057302
 -24217.0000000000   28.1850870479   -0.0551087796
 -24215.5000000000   28.1029284292   -0.0543139252
 -24214.0000000000   28.0219084915   -0.0535228313
 -24212.5000000000   27.9421362693   -0.0527291825
 -24211.0000000000   27.8635803096   -0.0519350192
 -24209.5000000000   27.7861623302   -0.0511452237
 -24208.0000000000   27.7100139652   -0.0503519726
 -24206.5000000000   27.6349133102   -0.0495687093
 -24205.0000000000   27.5609888873   -0.0487877148
 -24203.5000000000   27.4883443115   -0.0480027167
 -24202.0000000000   27.4169027267   -0.0472221343
 -24200.5000000000   27.3466302635   -0.0464400184
 -24199.0000000000   27.2774532092   -0.0456650436
 -24197.5000000000   27.2094895741   -0.0448898562
 -24196.0000000000   27.1426605786   -0.0441191398
 -24194.5000000000   27.0770360806   -0.0433484267
 -24193.0000000000   27.0124715736   -0.0425864629
 -24191.5000000000   26.9490467312   -0.0418280510
 -24190.0000000000   26.8868300971   -0.0410686999
 -24188.5000000000   26.8257045626   -0.0403154362
 -24187.0000000000   26.7656849509   -0.0395670376
 -24185.5000000000   26.7067865243   -0.0388222308
 -24184.0000000000   26.6490251426   -0.0380796832
 -24182.5000000000   26.5924199667   -0.0373409007
 -24181.0000000000   26.5369650705   -0.0365994625
 -24179.5000000000   26.4825129377   -0.0358677692
 -24178.0000000000   26.4292420010   -0.0351341061
 -24176.5000000000   26.3770483429   -0.0344076830
 -24175.0000000000   26.3259630392   -0.0336798202
 -24173.5000000000   26.2759268143   -0.0329572644
 -24172.0000000000   26.2269744934   -0.0322373832
 -24170.5000000000   26.1791594894   -0.0315163267
 -24169.0000000000   26.1323849134   -0.0307999502
 -24167.5000000000   26.0866632114   -0.0300899397
 -24166.0000000000   26.0420645239   -0.0293752604
 -24164.5000000000   25.9984587527   -0.0286672184
 -24163.0000000000   25.9559913172   -0.0279586372
 -24161.5000000000   25.9145860824   -0.0272485215
 -24160.0000000000   25.8741711098   -0.0265442068
 -24158.5000000000   25.8348667422   -0.0258374553
 -24157.0000000000   25.7966036760   -0.0251325131
 -24155.5000000000   25.7594338326   -0.0244281911
 -24154.0000000000   25.7233217520   -0.0237212301
 -24152.5000000000   25.6882528807   -0.0230151699
 -24151.0000000000   25.6542077282   -0.0223110633
 -24149.5000000000   25.6212532454   -0.0216093203
 -24148.0000000000   25.5893533186   -0.0209014681
 -24146.5000000000   25.5584823054   -0.0201947460
 -24145.0000000000   25.5286533847   -0.0194881163
 -24143.5000000000   25.4999204978   -0.0187778625
 -24142.0000000000   25.4721686472   -0.0180716352
 -24140.5000000000   25.4455633842   -0.0173582242
 -24139.0000000000   25.4200310098   -0.0166425992
 -24137.5000000000   25.3955721360   -0.0159247147
 -24136.0000000000   25.3722268038   -0.0152019128
 -24134.5000000000   25.3499517917   -0.0144772077
 -24133.0000000000   25.3287311057   -0.0137517781
 -24131.5000000000   25.3086032351   -0.0130231460
 -24130.0000000000   25.2895689056   -0.0122914017
 -24128.5000000000   25.2716852580   -0.0115528330
 -24127.0000000000   25.2548966202   -0.0108160644
 -24125.5000000000   25.2392153570   -0.0100708663
 -24124.0000000000   25.2246215849   -0.0093239854
 -24122.5000000000   25.2111666654   -0.0085767493
 -24121.0000000000   25.1988375377   -0.0078207493
 -24119.5000000000   25.1876776181   -0.0070584185
 -24118.0000000000   25.1776022452   -0.0062960523
 -24116.5000000000   25.1686568740   -0.0055308463
 -24115.0000000000   25.1609253948   -0.0047573300
 -24113.5000000000   25.1543898182   -0.0039795951
 -24112.0000000000   25.1489921198   -0.0031971873
 -24110.5000000000   25.1447863299   -0.0024117521
 -24109.0000000000   25.1417781892   -0.0016207049
 -24107.5000000000   25.1399593020   -0.0008274828
 -24106.0000000000   25.1393335252   -0.0000275897
 -24104.5000000000   25.1398634621    0.0007753675
 -24103.0000000000   25.1416328121    0.0015844306
 -24101.5000000000   25.1446494908    0.0023952462
 -24100.0000000000   25.1488888016    0.0032075590
 -24098.5000000000   25.1543312738    0.0040273072
 -24097.0000000000   25.1609746482    0.0048482873
 -24095.5000000000   25.1688998891    0.0056735602
 -24094.0000000000   25.1780658987    0.0065020676
 -24092.5000000000   25.1884288165    0.0073301344
 -24091.0000000000   25.2000508916    0.0081663653
 -24089.5000000000   25.2129135336    0.0090037317
 -24088.0000000000   25.2270491943    0.0098441274
 -24086.5000000000   25.2424467803    0.0106862517
 -24085.0000000000   25.2591260496    0.0115262512
 -24083.5000000000   25.2770654373    0.0123698898
 -24082.0000000000   25.2962544335    0.0132155382
 -24080.5000000000   25.3167452903    0.0140569118
 -24079.0000000000   25.3384484091    0.0148996276
 -24077.5000000000   25.3614151822    0.0157441682
 -24076.0000000000   25.3856811981    0.0165855089
 -24074.5000000000   25.4111765628    0.0174256338
 -24073.0000000000   25.4379467804    0.0182676821
 -24071.5000000000   25.4659611816    0.0191063636
 -24070.0000000000   25.4952490809    0.0199437143
 -24068.5000000000   25.5258259271    0.0207732215
 -24067.0000000000   25.5576633802    0.0216008096
 -24065.5000000000   25.5907213891    0.0224233674
 -24064.0000000000   25.6249745002    0.0232466644
 -24062.5000000000   25.6604957396    0.0240626044
 -24061.0000000000   25.6972362042    0.0248733914
 -24059.5000000000   25.7351893043    0.0256784215
 -24058.0000000000   25.7743647122    0.0264759676
 -24056.5000000000   25.8146939746    0.0272693331
 -24055.0000000000   25.8562258232    0.0280541594
 -24053.5000000000   25.8989307619    0.0288311269
 -24052.0000000000   25.9427945887    0.0295998539
 -24050.5000000000   25.9877673157    0.0303622406
 -24049.0000000000   26.0339159607    0.0311126079
 -24047.5000000000   26.0811435133    0.0318557593
 -24046.0000000000   26.1294980164    0.0325871827
 -24044.5000000000   26.1789615842    0.0333065364
 -24043.0000000000   26.2294972539    0.0340146725
 -24041.5000000000   26.2811077071    0.0347098841
 -24040.0000000000   26.3337509340    0.0353932650
 -24038.5000000000   26.3873486502    0.0360682103
 -24037.0000000000   26.4420588729    0.0367231862
 -24035.5000000000   26.4977632928    0.0373639958
 -24034.0000000000   26.5543762774    0.0379913253
 -24032.5000000000   26.6120508841    0.0385997815
 -24031.0000000000   26.6705232637    0.0392015371
 -24029.5000000000   26.7298201794    0.0397933214
 -24028.0000000000   26.7900608999    0.0403661309
 -24026.5000000000   26.8511310579    0.0409221604
 -24025.0000000000   26.9129536242    0.0414709476
 -24023.5000000000   26.9755858137    0.0420009446
 -24022.0000000000   27.0390261107    0.0425173686
 -24020.5000000000   27.1033564743    0.0430106195
 -24019.0000000000   27.1683648371    0.0434922989
 -24017.5000000000   27.2340882663    0.0439588409
 -24016.0000000000   27.3004501246    0.0444136562
 -24014.5000000000   27.3674326678    0.0448566412
 -24013.0000000000   27.4351712710    0.0452783535
 -24011.5000000000   27.5035078611    0.0456873764
 -24010.0000000000   27.5724784074    0.0460805395
 -24008.5000000000   27.6419457606    0.0464613384
 -24007.0000000000   27.7122004493    0.0468186660
 -24005.5000000000   27.7829577715    0.0471655494
 -24004.0000000000   27.8540562411    0.0475111831
 -24002.5000000000   27.9256947959    0.0478430417
 -24001.0000000000   27.9978240582    0.0481636769
 -23999.5000000000   28.0704587740    0.0484718828
 -23998.0000000000   28.1437086236    0.0487608288
 -23996.5000000000   28.2171701467    0.0490547025
 -23995.0000000000   28.2911327060    0.0493361738
 -23993.5000000000   28.3656114018    0.0496044284
 -23992.0000000000   28.4403935158    0.0498724893
 -23990.5000000000   28.5155760991    0.0501349270
 -23989.0000000000   28.5911184212    0.0503946739
 -23987.5000000000   28.6670835647    0.0506485377
 -23986.0000000000   28.7434300988    0.0508996955
 -23984.5000000000   28.8201559688    0.0511490924
 -23983.0000000000   28.8972622262    0.0513976016
 -23981.5000000000   28.9746654649    0.0516511833
 -23980.0000000000   29.0524473623    0.0519061197
 -23978.5000000000   29.1306544478    0.0521608819
 -23977.0000000000   29.2092504105    0.0524189310
 -23975.5000000000   29.2882379929    0.0526814823
 -23974.0000000000   29.3676251220    0.0529495460
 -23972.5000000000   29.4474648373    0.0532215391
 -23971.0000000000   29.5276821831    0.0535035242
 -23969.5000000000   29.6086770998    0.0537734863
 -23968.0000000000   29.6897452108    0.0540747604
 -23966.5000000000   29.7713657399    0.0543809394
 -23965.0000000000   29.8538099059    0.0546777292
 -23963.5000000000   29.9364984434    0.0550012001
 -23962.0000000000   30.0195054385    0.0553489663
 -23960.5000000000   30.1031414834    0.0557047060
 -23959.0000000000   30.1873701415    0.0560724535
 -23957.5000000000   30.2719256110    0.0564698307
 -23956.0000000000   30.3571946844    0.0568761861
 -23954.5000000000   30.4432421384    0.0572896197
 -23953.0000000000   30.5300407501    0.0577136737
 -23951.5000000000   30.6174472667    0.0581586028
 -23950.0000000000   30.7052704888    0.0586374723
 -23948.5000000000   30.7939344067    0.0591275743
 -23947.0000000000   30.8832468626    0.0596419603
 -23945.5000000000   30.9734074351    0.0601708869
 -23944.0000000000   31.0643766619    0.0607183728
 -23942.5000000000   31.1564264567    0.0612704990
 -23941.0000000000   31.2492741088    0.0618452193
 -23939.5000000000   31.3430014770    0.0624394312
 -23938.0000000000   31.4375849674    0.0630561502
 -23936.5000000000   31.5332357859    0.0636847639
 -23935.0000000000   31.6299324149    0.0643280817
 -23933.5000000000   31.7273606844    0.0650053759
 -23932.0000000000   31.8258240133    0.0657007444
 -23930.5000000000   31.9254232609    0.0664097713
 -23929.0000000000   32.0261854162    0.0671321509
 -23927.5000000000   32.1279713870    0.0678767598
 -23926.0000000000   32.2307627547    0.0686458672
 -23924.5000000000   32.3348095656    0.0694264225
 -23923.0000000000   32.4404270697    0.0702016380
 -23921.5000000000   32.5466871265    0.0710241228
 -23920.0000000000   32.6541990038    0.0718608513
 -23918.5000000000   32.7633152887    0.0726930100
 -23917.0000000000   32.8738012073    0.0735342314
 -23915.5000000000   32.9853093615    0.0744040891
 -23914.0000000000   33.0985156362    0.0752661919
 -23912.5000000000   33.2129442003    0.0761467929
 -23911.0000000000   33.3288283015    0.0770337135
 -23909.5000000000   33.4455723651    0.0779593424
 -23908.0000000000   33.5637351976    0.0788939218
 -23906.5000000000   33.6832266086    0.0798424368
 -23905.0000000000   33.8043622028    0.0807879882
 -23903.5000000000   33.9269470845    0.0817410881
 -23902.0000000000   34.0510790892    0.0826963717
 -23900.5000000000   34.1770289532    0.0836396439
 -23899.0000000000   34.3044333207    0.0845898527
 -23897.5000000000   34.4329175690    0.0855663484
 -23896.0000000000   34.5633045265    0.0865262336
 -23894.5000000000   34.6955496521    0.0874713018
 -23893.0000000000   34.8283561905    0.0884685926
 -23891.5000000000   34.9625316976    0.0894758227
 -23890.0000000000   35.0983728165    0.0904773784
 -23888.5000000000   35.2360617505    0.0914636971
 -23887.0000000000   35.3749544631    0.0924668502
 -23885.5000000000   35.5150563436    0.0934860135
 -23884.0000000000   35.6569025673    0.0944939018
 -23882.5000000000   35.8014294789    0.0954426268
 -23881.0000000000   35.9457302723    0.0964770609
 -23879.5000000000   36.0921425034    0.0974802779
 -23878.0000000000   36.2407926902    0.0984451373
 -23876.5000000000   36.3907407028    0.0994174890
 -23875.0000000000   36.5419982258    0.1003961825
 -23873.5000000000   36.6941704960    0.1013999246
 -23872.0000000000   36.8486996022    0.1023577112
 -23870.5000000000   37.0042765600    0.1033323597
 -23869.0000000000   37.1614069938    0.1042991560
 -23867.5000000000   37.3202263562    0.1052504526
 -23866.0000000000   37.4803187405    0.1062059287
 -23864.5000000000   37.6416039342    0.1071683812
 -23863.0000000000   37.8044072554    0.1081222133
 -23861.5000000000   37.9678824765    0.1091065981
 -23860.0000000000   38.1330871393    0.1100710455
 -23858.5000000000   38.3003841251    0.1109985479
 -23857.0000000000   38.4685305422    0.1119463047
 -23855.5000000000   38.6377783435    0.1129019429
 -23854.0000000000   38.8091570744    0.1138179717
 -23852.5000000000   38.9809599035    0.1147723314
 -23851.0000000000   39.1558845806    0.1156409526
 -23849.5000000000   39.3321956563    0.1165030225
 -23848.0000000000   39.5084001834    0.1174262178
 -23846.5000000000   39.6860120830    0.1183419268
 -23845.0000000000   39.8646152662    0.1192687961
 -23843.5000000000   40.0458814949    0.1201319750
 -23842.0000000000   40.2276589370    0.1210276565
 -23840.5000000000   40.4112299627    0.1218986983
 -23839.0000000000   40.5952301270    0.1228059796
 -23837.5000000000   40.7826218535    0.1236195144
 -23836.0000000000   40.9712890312    0.1244318948
 -23834.5000000000   41.1597071801    0.1253106667
 -23833.0000000000   41.3506077313    0.1261374885
 -23831.5000000000   41.5434361147    0.1269369772
 -23830.0000000000   41.7375879748    0.1277358084
 -23828.5000000000   41.9324105407    0.1285627060
 -23827.0000000000   42.1279435577    0.1294171451
 -23825.5000000000   42.3227765055    0.1303599962
 -23824.0000000000   42.5226321673    0.1311496882
 -23822.5000000000   42.7208340383    0.1320689434
 -23821.0000000000   42.9220147371    0.1329242340
 -23819.5000000000   43.1229326631    0.1338522243
 -23818.0000000000   43.3270063573    0.1347119857
 -23816.5000000000   43.5325623425    0.1355744762
 -23815.0000000000   43.7366636398    0.1365614269
 -23813.5000000000   43.9442256895    0.1374729355
 -23812.0000000000   44.1552390567    0.1383103733
 -23810.5000000000   44.3634679755    0.1393294470
 -23809.0000000000   44.5777091739    0.1401754528
 -23807.5000000000   44.7899554933    0.1411726386
 -23806.0000000000   45.0025062666    0.1422300710
 -23804.5000000000   45.2219170727    0.1430890223
 -23803.0000000000   45.4386927012    0.1441261562
 -23801.5000000000   45.6585271772    0.1451194906
 -23800.0000000000   45.8784907748    0.1461854096
 -23798.5000000000   46.0986213890    0.1473243754
 -23797.0000000000   46.3221854654    0.1484116877
 -23795.5000000000   46.5509592173    0.1493807072
 -23794.0000000000   46.7812835738    0.1503721533
 -23792.5000000000   47.0096860714    0.1515215624
 -23791.0000000000   47.2441205398    0.1525303249
 -23789.5000000000   47.4823356855    0.1534830061
 -23788.0000000000   47.7179803280    0.1546197252
 -23786.5000000000   47.9674589330    0.1553340455
 -23785.0000000000   48.2064629093    0.1565244779
 -23783.5000000000   48.4476984155    0.1577271693
 -23782.0000000000   48.6907492820    0.1589563290
 -23780.5000000000   48.9302708529    0.1604086665
 -23779.0000000000   49.1751911219    0.1617648436
 -23777.5000000000   49.4285174944    0.1629180549
 -23776.0000000000   49.6845969901    0.1640745433
 -23774.5000000000   49.9426070417    0.1652598402
 -23773.0000000000   50.1916911817    0.1668552346
 -23771.5000000000   50.4557818767    0.1680381407
 -23770.0000000000   50.7133749264    0.1695410252
 -23768.5000000000   50.9824477105    0.1707575209
 -23767.0000000000   51.2589237617    0.1718279644
 -23765.5000000000   51.5283834594    0.1732375031
 -23764.0000000000   51.7895762657    0.1750221670
 -23762.5000000000   52.0775297985    0.1760449811
 -23761.0000000000   52.3746113119    0.1768757970
 -23759.5000000000   52.6481330140    0.1785653186
 -23758.0000000000   52.9174252392    0.1804931770
 -23756.5000000000   53.1973644117    0.1821942871
 -23755.0000000000   53.4796326765    0.1839246296
 -23753.5000000000   53.7570078565    0.1859110559
 -23752.0000000000   54.0461725699    0.1876451762
 -23750.5000000000   54.3291554320    0.1896673671
 -23749.0000000000   54.6354603994    0.1911090518
 -23747.5000000000   54.9236746303    0.1931785303
 -23746.0000000000   55.2150018059    0.1952596396
 -23744.5000000000   55.5216575815    0.1970104165
 -23743.0000000000   55.8187593688    0.1991271602
 -23741.5000000000   56.1476062802    0.2004811020
 -23740.0000000000   56.4499513718    0.2026473997
 -23738.5000000000   56.7555536005    0.2048239397
 -23737.0000000000   57.1173350158    0.2056406785
 -23735.5000000000   57.4274773833    0.2078839450
 -23734.0000000000   57.7620748229    0.2096104170
 -23732.5000000000   58.0781978671    0.2118883395
 -23731.0000000000   58.3977439126    0.2141744043
 -23729.5000000000   58.7452210069    0.2158827538
 -23728.0000000000   59.0707845980    0.2182032766
 -23726.5000000000   59.3998345406    0.2205312070
 -23725.0000000000   59.7623118857    0.2221887031
 -23723.5000000000   60.1650756280    0.2230521403
 -23722.0000000000   60.5376731252    0.2246700129
 -23720.5000000000   60.9148248967    0.2262786777
 -23719.0000000000   61.3445924268    0.2268742310
 -23717.5000000000   61.6868009735    0.2294042924
 -23716.0000000000   62.0837779316    0.2308896762
 -23714.5000000000   62.4320361299    0.2334549060
 -23713.0000000000   62.8429094747    0.2348586436
 -23711.5000000000   63.1971481099    0.2374597076
 -23710.0000000000   63.6235884581    0.2387615894
 -23708.5000000000   63.9837092690    0.2413995105
 -23707.0000000000   64.3477870468    0.2440375463
 -23705.5000000000   64.7158219680    0.2466757026
 -23704.0000000000   65.0878142178    0.2493139854
 -23702.5000000000   65.4637639902    0.2519524004
 -23701.0000000000   65.8436714879    0.2545909534
 -23699.5000000000   66.2275369222    0.2572296502
 -23698.0000000000   66.6153605132    0.2598684965
 -23696.5000000000   67.0071424895    0.2625074981
 -23695.0000000000   67.4028830881    0.2651466607
 -23693.5000000000   67.8025825548    0.2677859898
 -23692.0000000000   68.2062411437    0.2704254912
 -23690.5000000000   68.6138591173    0.2730651704
 -23689.0000000000   69.0254367465    0.2757050329
 -23687.5000000000   69.4409743104    0.2783450843
 -23686.0000000000   69.8604720965    0.2809853300
 -23684.5000000000   70.2839304004    0.2836257756
 -23683.0000000000   70.7113495258    0.2862664263
 -23681.5000000000   71.1427297846    0.2889072876
 -23680.0000000000   71.5780714966    0.2915483647
 -23678.5000000000   72.4983549193    0.2907714710
 -23677.0000000000   72.9365135004    0.2934399972
 -23675.5000000000   73.3786749926    0.2961086865
 -23674.0000000000   73.8248396431    0.2987775422
 -23672.5000000000   74.2750077039    0.3014465673
 -23671.0000000000   75.6185848502    0.2995095671
 -23669.5000000000   76.0698687595    0.3022023500
 -23668.0000000000   77.8863142618    0.2975789755
 -23666.5000000000   78.3347405543    0.3003227480
 -23665.0000000000   78.7872825056    0.3030665204
 -23663.5000000000   79.2439401157    0.3058102929
 -23662.0000000000   79.7047133844    0.3085540654
 -23660.5000000000   80.1696023120    0.3112978379
 -23659.0000000000   80.6386068982    0.3140416104
 -23657.5000000000   81.1117271432    0.3167853829
 -23656.0000000000   81.5889630469    0.3195291554
 -23654.5000000000   82.0703146094    0.3222729279
 -23653.0000000000             inf    0.0000000000
 -23651.5000000000             inf    0.0000000000
 -23650.0000000000             inf    0.0000000000
 -23648.5000000000             inf    0.0000000000
 -23647.0000000000             inf    0.0000000000
 -23645.5000000000             inf    0.0000000000
 -23644.0000000000             inf    0.0000000000
 -23642.5000000000             inf    0.0000000000
 -23641.0000000000             inf    0.0000000000
 -23639.5000000000             inf    0.0000000000
 -23638.0000000000             inf    0.0000000000
 -23636.5000000000             inf    0.0000000000
 -23635.0000000000             inf    0.0000000000
 -23633.5000000000             inf    0.0000000000
 -23632.0000000000             inf    0.0000000000
 -23630.5000000000             inf    0.0000000000
 -23629.0000000000             inf    0.0000000000
 -23627.5000000000             inf    0.0000000000
 -23626.0000000000             inf    0.0000000000
 -23624.5000000000             inf    0.0000000000
 -23623.0000000000             inf    0.0000000000
 -23621.5000000000             inf    0.0000000000
 -23620.0000000000             inf    0.0000000000
 -23618.5000000000             inf    0.0000000000
 -23617.0000000000             inf    0.0000000000
 -23615.5000000000             inf    0.0000000000
 -23614.0000000000             inf    0.0000000000
 -23612.5000000000             inf    0.0000000000
 -23611.0000000000             inf    0.0000000000
 -23609.5000000000             inf    0.0000000000
 -23608.0000000000             inf    0.0000000000
 -23606.5000000000             inf    0.0000000000
 -23605.0000000000             inf    0.0000000000
 -23603.5000000000             inf    0.0000000000
 -23602.0000000000             inf    0.0000000000
 -23600.5000000000             inf    0.0000000000
 -23599.0000000000             inf    0.0000000000
 -23597.5000000000             inf    0.0000000000
 -23596.0000000000             inf    0.0000000000
 -23594.5000000000             inf    0.0000000000
 -23593.0000000000             inf    0.0000000000
 -23591.5000000000             inf    0.0000000000
 -23590.0000000000             inf    0.0000000000
 -23588.5000000000             inf    0.0000000000
 -23587.0000000000             inf    0.0000000000
 -23585.5000000000             inf    0.0000000000
 -23584.0000000000             inf    0.0000000000
 -23582.5000000000             inf    0.0000000000
 -23581.0000000000             inf    0.0000000000
 -23579.5000000000             inf    0.0000000000
 -23578.0000000000             inf    0.0000000000
 -23576.5000000000             inf    0.0000000000
 -23575.0000000000             inf    0.0000000000
 -23573.5000000000             inf    0.0000000000
 -23572.0000000000             inf    0.0000000000
 -23570.5000000000             inf    0.0000000000
 -23569.0000000000             inf    0.0000000000
 -23567.5000000000             inf    0.0000000000
 -23566.0000000000             inf    0.0000000000
 -23564.5000000000             inf    0.0000000000
 -23563.0000000000             inf    0.0000000000
 -23561.5000000000             inf    0.0000000000
 -23560.0000000000             inf    0.0000000000
 -23558.5000000000             inf    0.0000000000
 -23557.0000000000             inf    0.0000000000
 -23555.5000000000             inf    0.0000000000
 -23554.0000000000             inf    0.0000000000
 -23552.5000000000             inf    0.0000000000
 -23551.0000000000             inf    0.0000000000
 -23549.5000000000             inf    0.0000000000
 -23548.0000000000             inf    0.0000000000
 -23546.5000000000             inf    0.0000000000
 -23545.0000000000             inf    0.0000000000
 -23543.5000000000             inf    0.0000000000
 -23542.0000000000             inf    0.0000000000
 -23540.5000000000             inf    0.0000000000
 -23539.0000000000             inf    0.0000000000
 -23537.5000000000             inf    0.0000000000
 -23536.0000000000             inf    0.0000000000
 -23534.5000000000             inf    0.0000000000
 -23533.0000000000             inf    0.0000000000
 -23531.5000000000             inf    0.0000000000
 -23530.0000000000             inf    0.0000000000
 -23528.5000000000             inf    0.0000000000
 -23527.0000000000             inf    0.0000000000
 -23525.5000000000             inf    0.0000000000
 -23524.0000000000             inf    0.0000000000
 -23522.5000000000             inf    0.0000000000
 -23521.0000000000             inf    0.0000000000
 -23519.5000000000             inf    0.0000000000
 -23518.0000000000             inf    0.0000000000
 -23516.5000000000             inf    0.0000000000
 -23515.0000000000             inf    0.0000000000
 -23513.5000000000             inf    0.0000000000
 -23512.0000000000             inf    0.0000000000
 -23510.5000000000             inf    0.0000000000
 -23509.0000000000             inf    0.0000000000
 -23507.5000000000             inf    0.0000000000
 -23506.0000000000             inf    0.0000000000
 -23504.5000000000             inf    0.0000000000
 -23503.0000000000             inf    0.0000000000
 -23501.5000000000             inf    0.0000000000
 -23500.0000000000             inf    0.0000000000
