#! FIELDS energy hh dhh_energy
#! SET normalisation  1000.0000000000
#! SET min_energy -25000
#! SET max_energy -23500
#! SET nbins_energy  1000
#! SET periodic_energy false
 -25000.0000000000    0.0000000000    0.0000000000
 -24998.5000000000    0.0000000000    0.0000000000
 -24997.0000000000    0.0000000000    0.0000000000
 -24995.5000000000    0.0000000000    0.0000000000
 -24994.0000000000    0.0000000000    0.0000000000
 -24992.5000000000    0.0000000000    0.0000000000
 -24991.0000000000    0.0000000000    0.0000000000
 -24989.5000000000    0.0000000000    0.0000000000
 -24988.0000000000    0.0000000000    0.0000000000
 -24986.5000000000    0.0000000000    0.0000000000
 -24985.0000000000    0.0000000000    0.0000000000
 -24983.5000000000    0.0000000000    0.0000000000
 -24982.0000000000    0.0000000000    0.0000000000
 -24980.5000000000    0.0000000000    0.0000000000
 -24979.0000000000    0.0000000000    0.0000000000
 -24977.5000000000    0.0000000000    0.0000000000
 -24976.0000000000    0.0000000000    0.0000000000
 -24974.5000000000    0.0000000000    0.0000000000
 -24973.0000000000    0.0000000000    0.0000000000
 -24971.5000000000    0.0000000000    0.0000000000
 -24970.0000000000    0.0000000000    0.0000000000
 -24968.5000000000    0.0000000000    0.0000000000
 -24967.0000000000    0.0000000000    0.0000000000
 -24965.5000000000    0.0000000000    0.0000000000
 -24964.0000000000    0.0000000000    0.0000000000
 -24962.5000000000    0.0000000000    0.0000000000
 -24961.0000000000    0.0000000000    0.0000000000
 -24959.5000000000    0.0000000000    0.0000000000
 -24958.0000000000    0.0000000000    0.0000000000
 -24956.5000000000    0.0000000000    0.0000000000
 -24955.0000000000    0.0000000000    0.0000000000
 -24953.5000000000    0.0000000000    0.0000000000
 -24952.0000000000    0.0000000000    0.0000000000
 -24950.5000000000    0.0000000000    0.0000000000
 -24949.0000000000    0.0000000000    0.0000000000
 -24947.5000000000    0.0000000000    0.0000000000
 -24946.0000000000    0.0000000000    0.0000000000
 -24944.5000000000    0.0000000000    0.0000000000
 -24943.0000000000    0.0000000000    0.0000000000
 -24941.5000000000    0.0000000000    0.0000000000
 -24940.0000000000    0.0000000000    0.0000000000
 -24938.5000000000    0.0000000000    0.0000000000
 -24937.0000000000    0.0000000000    0.0000000000
 -24935.5000000000    0.0000000000    0.0000000000
 -24934.0000000000    0.0000000000    0.0000000000
 -24932.5000000000    0.0000000000    0.0000000000
 -24931.0000000000    0.0000000000    0.0000000000
 -24929.5000000000    0.0000000000    0.0000000000
 -24928.0000000000    0.0000000000    0.0000000000
 -24926.5000000000    0.0000000000    0.0000000000
 -24925.0000000000    0.0000000000    0.0000000000
 -24923.5000000000    0.0000000000    0.0000000000
 -24922.0000000000    0.0000000000    0.0000000000
 -24920.5000000000    0.0000000000    0.0000000000
 -24919.0000000000    0.0000000000    0.0000000000
 -24917.5000000000    0.0000000000    0.0000000000
 -24916.0000000000    0.0000000000    0.0000000000
 -24914.5000000000    0.0000000000    0.0000000000
 -24913.0000000000    0.0000000000    0.0000000000
 -24911.5000000000    0.0000000000    0.0000000000
 -24910.0000000000    0.0000000000    0.0000000000
 -24908.5000000000    0.0000000000    0.0000000000
 -24907.0000000000    0.0000000000    0.0000000000
 -24905.5000000000    0.0000000000    0.0000000000
 -24904.0000000000    0.0000000000    0.0000000000
 -24902.5000000000    0.0000000000    0.0000000000
 -24901.0000000000    0.0000000000    0.0000000000
 -24899.5000000000    0.0000000000    0.0000000000
 -24898.0000000000    0.0000000000    0.0000000000
 -24896.5000000000    0.0000000000    0.0000000000
 -24895.0000000000    0.0000000000    0.0000000000
 -24893.5000000000    0.0000000000    0.0000000000
 -24892.0000000000    0.0000000000    0.0000000000
 -24890.5000000000    0.0000000000    0.0000000000
 -24889.0000000000    0.0000000000    0.0000000000
 -24887.5000000000    0.0000000000    0.0000000000
 -24886.0000000000    0.0000000000    0.0000000000
 -24884.5000000000    0.0000000000    0.0000000000
 -24883.0000000000    0.0000000000    0.0000000000
 -24881.5000000000    0.0000000000    0.0000000000
 -24880.0000000000    0.0000000000    0.0000000000
 -24878.5000000000    0.0000000000    0.0000000000
 -24877.0000000000    0.0000000000    0.0000000000
 -24875.5000000000    0.0000000000    0.0000000000
 -24874.0000000000    0.0000000000    0.0000000000
 -24872.5000000000    0.0000000000    0.0000000000
 -24871.0000000000    0.0000000000    0.0000000000
 -24869.5000000000    0.0000000000    0.0000000000
 -24868.0000000000    0.0000000000    0.0000000000
 -24866.5000000000    0.0000000000    0.0000000000
 -24865.0000000000    0.0000000000    0.0000000000
 -24863.5000000000    0.0000000000    0.0000000000
 -24862.0000000000    0.0000000000    0.0000000000
 -24860.5000000000    0.0000000000    0.0000000000
 -24859.0000000000    0.0000000000    0.0000000000
 -24857.5000000000    0.0000000000    0.0000000000
 -24856.0000000000    0.0000000000    0.0000000000
 -24854.5000000000    0.0000000000    0.0000000000
 -24853.0000000000    0.0000000000    0.0000000000
 -24851.5000000000    0.0000000000    0.0000000000
 -24850.0000000000    0.0000000000    0.0000000000
 -24848.5000000000    0.0000000000    0.0000000000
 -24847.0000000000    0.0000000000    0.0000000000
 -24845.5000000000    0.0000000000    0.0000000000
 -24844.0000000000    0.0000000000    0.0000000000
 -24842.5000000000    0.0000000000    0.0000000000
 -24841.0000000000    0.0000000000    0.0000000000
 -24839.5000000000    0.0000000000    0.0000000000
 -24838.0000000000    0.0000000000    0.0000000000
 -24836.5000000000    0.0000000000    0.0000000000
 -24835.0000000000    0.0000000000    0.0000000000
 -24833.5000000000    0.0000000000    0.0000000000
 -24832.0000000000    0.0000000000    0.0000000000
 -24830.5000000000    0.0000000000    0.0000000000
 -24829.0000000000    0.0000000000    0.0000000000
 -24827.5000000000    0.0000000000    0.0000000000
 -24826.0000000000    0.0000000000    0.0000000000
 -24824.5000000000    0.0000000000    0.0000000000
 -24823.0000000000    0.0000000000    0.0000000000
 -24821.5000000000    0.0000000000    0.0000000000
 -24820.0000000000    0.0000000000    0.0000000000
 -24818.5000000000    0.0000000000    0.0000000000
 -24817.0000000000    0.0000000000    0.0000000000
 -24815.5000000000    0.0000000000    0.0000000000
 -24814.0000000000    0.0000000000    0.0000000000
 -24812.5000000000    0.0000000000    0.0000000000
 -24811.0000000000    0.0000000000    0.0000000000
 -24809.5000000000    0.0000000000    0.0000000000
 -24808.0000000000    0.0000000000    0.0000000000
 -24806.5000000000    0.0000000000    0.0000000000
 -24805.0000000000    0.0000000000    0.0000000000
 -24803.5000000000    0.0000000000    0.0000000000
 -24802.0000000000    0.0000000000    0.0000000000
 -24800.5000000000    0.0000000000    0.0000000000
 -24799.0000000000    0.0000000000    0.0000000000
 -24797.5000000000    0.0000000000    0.0000000000
 -24796.0000000000    0.0000000000    0.0000000000
 -24794.5000000000    0.0000000000    0.0000000000
 -24793.0000000000    0.0000000000    0.0000000000
 -24791.5000000000    0.0000000000    0.0000000000
 -24790.0000000000    0.0000000000    0.0000000000
 -24788.5000000000    0.0000000000    0.0000000000
 -24787.0000000000    0.0000000000    0.0000000000
 -24785.5000000000    0.0000000000    0.0000000000
 -24784.0000000000    0.0000000000    0.0000000000
 -24782.5000000000    0.0000000000    0.0000000000
 -24781.0000000000    0.0000000000    0.0000000000
 -24779.5000000000    0.0000000000    0.0000000000
 -24778.0000000000    0.0000000000    0.0000000000
 -24776.5000000000    0.0000000000    0.0000000000
 -24775.0000000000    0.0000000000    0.0000000000
 -24773.5000000000    0.0000000000    0.0000000000
 -24772.0000000000    0.0000000000    0.0000000000
 -24770.5000000000    0.0000000000    0.0000000000
 -24769.0000000000    0.0000000000    0.0000000000
 -24767.5000000000    0.0000000000    0.0000000000
 -24766.0000000000    0.0000000000    0.0000000000
 -24764.5000000000    0.0000000000    0.0000000000
 -24763.0000000000    0.0000000000    0.0000000000
 -24761.5000000000    0.0000000000    0.0000000000
 -24760.0000000000    0.0000000000    0.0000000000
 -24758.5000000000    0.0000000000    0.0000000000
 -24757.0000000000    0.0000000000    0.0000000000
 -24755.5000000000    0.0000000000    0.0000000000
 -24754.0000000000    0.0000000000    0.0000000000
 -24752.5000000000    0.0000000000    0.0000000000
 -24751.0000000000    0.0000000000    0.0000000000
 -24749.5000000000    0.0000000000    0.0000000000
 -24748.0000000000    0.0000000000    0.0000000000
 -24746.5000000000    0.0000000000    0.0000000000
 -24745.0000000000    0.0000000000    0.0000000000
 -24743.5000000000    0.0000000000    0.0000000000
 -24742.0000000000    0.0000000000    0.0000000000
 -24740.5000000000    0.0000000000    0.0000000000
 -24739.0000000000    0.0000000000    0.0000000000
 -24737.5000000000    0.0000000000    0.0000000000
 -24736.0000000000    0.0000000000    0.0000000000
 -24734.5000000000    0.0000000000    0.0000000000
 -24733.0000000000    0.0000000000    0.0000000000
 -24731.5000000000    0.0000000000    0.0000000000
 -24730.0000000000    0.0000000000    0.0000000000
 -24728.5000000000    0.0000000000    0.0000000000
 -24727.0000000000    0.0000000000    0.0000000000
 -24725.5000000000    0.0000000000    0.0000000000
 -24724.0000000000    0.0000000000    0.0000000000
 -24722.5000000000    0.0000000000    0.0000000000
 -24721.0000000000    0.0000000000    0.0000000000
 -24719.5000000000    0.0000000000    0.0000000000
 -24718.0000000000    0.0000000000    0.0000000000
 -24716.5000000000    0.0000000000    0.0000000000
 -24715.0000000000    0.0000000000    0.0000000000
 -24713.5000000000    0.0000000000    0.0000000000
 -24712.0000000000    0.0000000000    0.0000000000
 -24710.5000000000    0.0000000000    0.0000000000
 -24709.0000000000    0.0000000000    0.0000000000
 -24707.5000000000    0.0000000000    0.0000000000
 -24706.0000000000    0.0000000000    0.0000000000
 -24704.5000000000    0.0000000000    0.0000000000
 -24703.0000000000    0.0000000000    0.0000000000
 -24701.5000000000    0.0000000000    0.0000000000
 -24700.0000000000    0.0000000000    0.0000000000
 -24698.5000000000    0.0000000000    0.0000000000
 -24697.0000000000    0.0000000000    0.0000000000
 -24695.5000000000    0.0000000000    0.0000000000
 -24694.0000000000    0.0000000000    0.0000000000
 -24692.5000000000    0.0000000000    0.0000000000
 -24691.0000000000    0.0000000000    0.0000000000
 -24689.5000000000    0.0000000000    0.0000000000
 -24688.0000000000    0.0000000000    0.0000000000
 -24686.5000000000    0.0000000000    0.0000000000
 -24685.0000000000    0.0000000000    0.0000000000
 -24683.5000000000    0.0000000000    0.0000000000
 -24682.0000000000    0.0000000000    0.0000000000
 -24680.5000000000    0.0000000000    0.0000000000
 -24679.0000000000    0.0000000000    0.0000000000
 -24677.5000000000    0.0000000000    0.0000000000
 -24676.0000000000    0.0000000000    0.0000000000
 -24674.5000000000    0.0000000000    0.0000000000
 -24673.0000000000    0.0000000000    0.0000000000
 -24671.5000000000    0.0000000000    0.0000000000
 -24670.0000000000    0.0000000000    0.0000000000
 -24668.5000000000    0.0000000000    0.0000000000
 -24667.0000000000    0.0000000000    0.0000000000
 -24665.5000000000    0.0000000000    0.0000000000
 -24664.0000000000    0.0000000000    0.0000000000
 -24662.5000000000    0.0000000000    0.0000000000
 -24661.0000000000    0.0000000000    0.0000000000
 -24659.5000000000    0.0000000000    0.0000000000
 -24658.0000000000    0.0000000000    0.0000000000
 -24656.5000000000    0.0000000000    0.0000000000
 -24655.0000000000    0.0000000000    0.0000000000
 -24653.5000000000    0.0000000000    0.0000000000
 -24652.0000000000    0.0000000000    0.0000000000
 -24650.5000000000    0.0000000000    0.0000000000
 -24649.0000000000    0.0000000000    0.0000000000
 -24647.5000000000    0.0000000000    0.0000000000
 -24646.0000000000    0.0000000000    0.0000000000
 -24644.5000000000    0.0000000000    0.0000000000
 -24643.0000000000    0.0000000000    0.0000000000
 -24641.5000000000    0.0000000000    0.0000000000
 -24640.0000000000    0.0000000000    0.0000000000
 -24638.5000000000    0.0000000000    0.0000000000
 -24637.0000000000    0.0000000000    0.0000000000
 -24635.5000000000    0.0000000000    0.0000000000
 -24634.0000000000    0.0000000000    0.0000000000
 -24632.5000000000    0.0000000000    0.0000000000
 -24631.0000000000    0.0000000000    0.0000000000
 -24629.5000000000    0.0000000000    0.0000000000
 -24628.0000000000    0.0000000000    0.0000000000
 -24626.5000000000    0.0000000000    0.0000000000
 -24625.0000000000    0.0000000000    0.0000000000
 -24623.5000000000    0.0000000000    0.0000000000
 -24622.0000000000    0.0000000000    0.0000000000
 -24620.5000000000    0.0000000000    0.0000000000
 -24619.0000000000    0.0000000000    0.0000000000
 -24617.5000000000    0.0000000000    0.0000000000
 -24616.0000000000    0.0000000000    0.0000000000
 -24614.5000000000    0.0000000000    0.0000000000
 -24613.0000000000    0.0000000000    0.0000000000
 -24611.5000000000    0.0000000000    0.0000000000
 -24610.0000000000    0.0000000000    0.0000000000
 -24608.5000000000    0.0000000000    0.0000000000
 -24607.0000000000    0.0000000000    0.0000000000
 -24605.5000000000    0.0000000000    0.0000000000
 -24604.0000000000    0.0000000000    0.0000000000
 -24602.5000000000    0.0000000000    0.0000000000
 -24601.0000000000    0.0000000000    0.0000000000
 -24599.5000000000    0.0000000000    0.0000000000
 -24598.0000000000    0.0000000000    0.0000000000
 -24596.5000000000    0.0000000000    0.0000000000
 -24595.0000000000    0.0000000000    0.0000000000
 -24593.5000000000    0.0000000000    0.0000000000
 -24592.0000000000    0.0000000000    0.0000000000
 -24590.5000000000    0.0000000000    0.0000000000
 -24589.0000000000    0.0000000000    0.0000000000
 -24587.5000000000    0.0000000000    0.0000000000
 -24586.0000000000    0.0000000000    0.0000000000
 -24584.5000000000    0.0000000000    0.0000000000
 -24583.0000000000    0.0000000000    0.0000000000
 -24581.5000000000    0.0000000000    0.0000000000
 -24580.0000000000    0.0000000000    0.0000000000
 -24578.5000000000    0.0000000000    0.0000000000
 -24577.0000000000    0.0000000000    0.0000000000
 -24575.5000000000    0.0000000000    0.0000000000
 -24574.0000000000    0.0000000000    0.0000000000
 -24572.5000000000    0.0000000000    0.0000000000
 -24571.0000000000    0.0000000000    0.0000000000
 -24569.5000000000    0.0000000000    0.0000000000
 -24568.0000000000    0.0000000000    0.0000000000
 -24566.5000000000    0.0000000000    0.0000000000
 -24565.0000000000    0.0000000000    0.0000000000
 -24563.5000000000    0.0000000000    0.0000000000
 -24562.0000000000    0.0000000000    0.0000000000
 -24560.5000000000    0.0000000000    0.0000000000
 -24559.0000000000    0.0000000000    0.0000000000
 -24557.5000000000    0.0000000143    0.0000000010
 -24556.0000000000    0.0000000159    0.0000000011
 -24554.5000000000    0.0000000177    0.0000000012
 -24553.0000000000    0.0000000197    0.0000000014
 -24551.5000000000    0.0000000218    0.0000000015
 -24550.0000000000    0.0000000242    0.0000000016
 -24548.5000000000    0.0000000268    0.0000000018
 -24547.0000000000    0.0000000296    0.0000000020
 -24545.5000000000    0.0000000327    0.0000000022
 -24544.0000000000    0.0000000361    0.0000000024
 -24542.5000000000    0.0000000398    0.0000000026
 -24541.0000000000    0.0000000439    0.0000000028
 -24539.5000000000    0.0000000483    0.0000000031
 -24538.0000000000    0.0000000680    0.0000000044
 -24536.5000000000    0.0000000749    0.0000000048
 -24535.0000000000    0.0000000825    0.0000000053
 -24533.5000000000    0.0000000907    0.0000000057
 -24532.0000000000    0.0000001141    0.0000000073
 -24530.5000000000    0.0000001255    0.0000000079
 -24529.0000000000    0.0000001379    0.0000000086
 -24527.5000000000    0.0000001514    0.0000000094
 -24526.0000000000    0.0000001661    0.0000000102
 -24524.5000000000    0.0000001820    0.0000000111
 -24523.0000000000    0.0000002132    0.0000000130
 -24521.5000000000    0.0000002336    0.0000000141
 -24520.0000000000    0.0000002556    0.0000000153
 -24518.5000000000    0.0000002943    0.0000000176
 -24517.0000000000    0.0000003218    0.0000000191
 -24515.5000000000    0.0000003516    0.0000000207
 -24514.0000000000    0.0000003838    0.0000000223
 -24512.5000000000    0.0000004187    0.0000000241
 -24511.0000000000    0.0000004712    0.0000000271
 -24509.5000000000    0.0000005134    0.0000000293
 -24508.0000000000    0.0000005590    0.0000000315
 -24506.5000000000    0.0000006081    0.0000000340
 -24505.0000000000    0.0000006897    0.0000000386
 -24503.5000000000    0.0000007499    0.0000000416
 -24502.0000000000    0.0000008146    0.0000000447
 -24500.5000000000    0.0000008842    0.0000000481
 -24499.0000000000    0.0000009590    0.0000000517
 -24497.5000000000    0.0000010393    0.0000000554
 -24496.0000000000    0.0000011254    0.0000000594
 -24494.5000000000    0.0000012176    0.0000000636
 -24493.0000000000    0.0000013164    0.0000000681
 -24491.5000000000    0.0000014221    0.0000000728
 -24490.0000000000    0.0000015350    0.0000000778
 -24488.5000000000    0.0000016556    0.0000000830
 -24487.0000000000    0.0000017842    0.0000000885
 -24485.5000000000    0.0000019213    0.0000000943
 -24484.0000000000    0.0000020673    0.0000001004
 -24482.5000000000    0.0000022521    0.0000001089
 -24481.0000000000    0.0000024205    0.0000001157
 -24479.5000000000    0.0000025995    0.0000001230
 -24478.0000000000    0.0000028187    0.0000001326
 -24476.5000000000    0.0000030235    0.0000001407
 -24475.0000000000    0.0000032408    0.0000001491
 -24473.5000000000    0.0000034711    0.0000001580
 -24472.0000000000    0.0000037149    0.0000001672
 -24470.5000000000    0.0000039729    0.0000001768
 -24469.0000000000    0.0000042593    0.0000001878
 -24467.5000000000    0.0000045487    0.0000001982
 -24466.0000000000    0.0000048682    0.0000002101
 -24464.5000000000    0.0000052064    0.0000002226
 -24463.0000000000    0.0000055784    0.0000002366
 -24461.5000000000    0.0000059578    0.0000002502
 -24460.0000000000    0.0000063429    0.0000002634
 -24458.5000000000    0.0000067481    0.0000002769
 -24457.0000000000    0.0000072040    0.0000002931
 -24455.5000000000    0.0000076960    0.0000003108
 -24454.0000000000    0.0000081883    0.0000003274
 -24452.5000000000    0.0000087056    0.0000003445
 -24451.0000000000    0.0000092635    0.0000003633
 -24449.5000000000    0.0000098498    0.0000003829
 -24448.0000000000    0.0000104662    0.0000004031
 -24446.5000000000    0.0000110852    0.0000004222
 -24445.0000000000    0.0000117331    0.0000004418
 -24443.5000000000    0.0000124109    0.0000004620
 -24442.0000000000    0.0000131195    0.0000004828
 -24440.5000000000    0.0000138874    0.0000005062
 -24439.0000000000    0.0000146777    0.0000005294
 -24437.5000000000    0.0000154888    0.0000005523
 -24436.0000000000    0.0000163777    0.0000005788
 -24434.5000000000    0.0000172788    0.0000006043
 -24433.0000000000    0.0000182040    0.0000006294
 -24431.5000000000    0.0000191964    0.0000006572
 -24430.0000000000    0.0000202160    0.0000006849
 -24428.5000000000    0.0000212637    0.0000007122
 -24427.0000000000    0.0000223530    0.0000007403
 -24425.5000000000    0.0000234848    0.0000007689
 -24424.0000000000    0.0000247026    0.0000008013
 -24422.5000000000    0.0000259695    0.0000008346
 -24421.0000000000    0.0000272870    0.0000008688
 -24419.5000000000    0.0000286143    0.0000009011
 -24418.0000000000    0.0000300187    0.0000009360
 -24416.5000000000    0.0000314770    0.0000009720
 -24415.0000000000    0.0000329897    0.0000010088
 -24413.5000000000    0.0000345723    0.0000010476
 -24412.0000000000    0.0000361858    0.0000010855
 -24410.5000000000    0.0000378718    0.0000011254
 -24409.0000000000    0.0000396175    0.0000011662
 -24407.5000000000    0.0000414258    0.0000012081
 -24406.0000000000    0.0000432685    0.0000012490
 -24404.5000000000    0.0000452016    0.0000012927
 -24403.0000000000    0.0000471727    0.0000013356
 -24401.5000000000    0.0000492231    0.0000013804
 -24400.0000000000    0.0000513561    0.0000014272
 -24398.5000000000    0.0000535595    0.0000014751
 -24397.0000000000    0.0000558500    0.0000015252
 -24395.5000000000    0.0000582178    0.0000015766
 -24394.0000000000    0.0000606199    0.0000016263
 -24392.5000000000    0.0000631671    0.0000016820
 -24391.0000000000    0.0000658144    0.0000017404
 -24389.5000000000    0.0000685368    0.0000017995
 -24388.0000000000    0.0000714229    0.0000018655
 -24386.5000000000    0.0000743351    0.0000019285
 -24385.0000000000    0.0000773006    0.0000019904
 -24383.5000000000    0.0000804047    0.0000020570
 -24382.0000000000    0.0000836083    0.0000021255
 -24380.5000000000    0.0000868593    0.0000021920
 -24379.0000000000    0.0000902267    0.0000022613
 -24377.5000000000    0.0000936997    0.0000023325
 -24376.0000000000    0.0000973511    0.0000024105
 -24374.5000000000    0.0001010944    0.0000024891
 -24373.0000000000    0.0001049564    0.0000025699
 -24371.5000000000    0.0001089130    0.0000026512
 -24370.0000000000    0.0001129639    0.0000027327
 -24368.5000000000    0.0001171982    0.0000028205
 -24367.0000000000    0.0001215511    0.0000029098
 -24365.5000000000    0.0001260534    0.0000030027
 -24364.0000000000    0.0001306691    0.0000030963
 -24362.5000000000    0.0001355278    0.0000031997
 -24361.0000000000    0.0001405298    0.0000033055
 -24359.5000000000    0.0001456066    0.0000034085
 -24358.0000000000    0.0001508547    0.0000035155
 -24356.5000000000    0.0001562657    0.0000036255
 -24355.0000000000    0.0001618585    0.0000037397
 -24353.5000000000    0.0001676956    0.0000038622
 -24352.0000000000    0.0001736188    0.0000039815
 -24350.5000000000    0.0001797517    0.0000041061
 -24349.0000000000    0.0001861176    0.0000042373
 -24347.5000000000    0.0001926398    0.0000043693
 -24346.0000000000    0.0001993629    0.0000045051
 -24344.5000000000    0.0002062778    0.0000046436
 -24343.0000000000    0.0002134180    0.0000047869
 -24341.5000000000    0.0002207761    0.0000049341
 -24340.0000000000    0.0002283578    0.0000050852
 -24338.5000000000    0.0002361677    0.0000052403
 -24337.0000000000    0.0002441864    0.0000053976
 -24335.5000000000    0.0002524457    0.0000055589
 -24334.0000000000    0.0002609639    0.0000057252
 -24332.5000000000    0.0002697340    0.0000058955
 -24331.0000000000    0.0002787632    0.0000060700
 -24329.5000000000    0.0002880577    0.0000062487
 -24328.0000000000    0.0002976370    0.0000064325
 -24326.5000000000    0.0003074803    0.0000066196
 -24325.0000000000    0.0003177209    0.0000068189
 -24323.5000000000    0.0003281498    0.0000070151
 -24322.0000000000    0.0003389048    0.0000072177
 -24320.5000000000    0.0003500848    0.0000074330
 -24319.0000000000    0.0003615179    0.0000076485
 -24317.5000000000    0.0003732196    0.0000078646
 -24316.0000000000    0.0003852784    0.0000080873
 -24314.5000000000    0.0003976910    0.0000083158
 -24313.0000000000    0.0004103773    0.0000085440
 -24311.5000000000    0.0004234368    0.0000087783
 -24310.0000000000    0.0004368947    0.0000090201
 -24308.5000000000    0.0004507458    0.0000092685
 -24307.0000000000    0.0004649586    0.0000095206
 -24305.5000000000    0.0004794819    0.0000097724
 -24304.0000000000    0.0004944161    0.0000100304
 -24302.5000000000    0.0005097104    0.0000102906
 -24301.0000000000    0.0005254120    0.0000105557
 -24299.5000000000    0.0005415154    0.0000108248
 -24298.0000000000    0.0005580829    0.0000111019
 -24296.5000000000    0.0005750535    0.0000113819
 -24295.0000000000    0.0005924488    0.0000116660
 -24293.5000000000    0.0006102579    0.0000119528
 -24292.0000000000    0.0006285313    0.0000122454
 -24290.5000000000    0.0006472585    0.0000125425
 -24289.0000000000    0.0006663747    0.0000128389
 -24287.5000000000    0.0006859386    0.0000131384
 -24286.0000000000    0.0007059683    0.0000134417
 -24284.5000000000    0.0007264690    0.0000137487
 -24283.0000000000    0.0007474203    0.0000140574
 -24281.5000000000    0.0007688047    0.0000143662
 -24280.0000000000    0.0007906675    0.0000146778
 -24278.5000000000    0.0008130745    0.0000149964
 -24277.0000000000    0.0008358577    0.0000153097
 -24275.5000000000    0.0008591116    0.0000156238
 -24274.0000000000    0.0008828964    0.0000159428
 -24272.5000000000    0.0009071736    0.0000162635
 -24271.0000000000    0.0009318896    0.0000165817
 -24269.5000000000    0.0009571397    0.0000169039
 -24268.0000000000    0.0009828605    0.0000172252
 -24266.5000000000    0.0010090762    0.0000175471
 -24265.0000000000    0.0010357041    0.0000178633
 -24263.5000000000    0.0010628037    0.0000181780
 -24262.0000000000    0.0010903583    0.0000184897
 -24260.5000000000    0.0011184088    0.0000188012
 -24259.0000000000    0.0011469239    0.0000191102
 -24257.5000000000    0.0011759171    0.0000194174
 -24256.0000000000    0.0012054109    0.0000197245
 -24254.5000000000    0.0012353628    0.0000200283
 -24253.0000000000    0.0012657266    0.0000203255
 -24251.5000000000    0.0012965728    0.0000206214
 -24250.0000000000    0.0013279039    0.0000209160
 -24248.5000000000    0.0013595707    0.0000211989
 -24247.0000000000    0.0013916450    0.0000214755
 -24245.5000000000    0.0014241451    0.0000217472
 -24244.0000000000    0.0014570745    0.0000220146
 -24242.5000000000    0.0014903727    0.0000222736
 -24241.0000000000    0.0015240268    0.0000225238
 -24239.5000000000    0.0015580617    0.0000227673
 -24238.0000000000    0.0015925579    0.0000230103
 -24236.5000000000    0.0016272702    0.0000232357
 -24235.0000000000    0.0016623555    0.0000234554
 -24233.5000000000    0.0016978232    0.0000236706
 -24232.0000000000    0.0017335941    0.0000238763
 -24230.5000000000    0.0017696527    0.0000240719
 -24229.0000000000    0.0018059544    0.0000242552
 -24227.5000000000    0.0018425813    0.0000244327
 -24226.0000000000    0.0018794394    0.0000245985
 -24224.5000000000    0.0019165354    0.0000247539
 -24223.0000000000    0.0019538734    0.0000249001
 -24221.5000000000    0.0019914068    0.0000250348
 -24220.0000000000    0.0020291222    0.0000251579
 -24218.5000000000    0.0020670121    0.0000252698
 -24217.0000000000    0.0021050187    0.0000253676
 -24215.5000000000    0.0021431797    0.0000254550
 -24214.0000000000    0.0021814892    0.0000255326
 -24212.5000000000    0.0022198777    0.0000255967
 -24211.0000000000    0.0022583410    0.0000256480
 -24209.5000000000    0.0022968992    0.0000256892
 -24208.0000000000    0.0023354671    0.0000257154
 -24206.5000000000    0.0023741387    0.0000257346
 -24205.0000000000    0.0024128299    0.0000257419
 -24203.5000000000    0.0024514654    0.0000257333
 -24202.0000000000    0.0024900645    0.0000257134
 -24200.5000000000    0.0025286248    0.0000256791
 -24199.0000000000    0.0025671672    0.0000256355
 -24197.5000000000    0.0026056056    0.0000255776
 -24196.0000000000    0.0026439634    0.0000255085
 -24194.5000000000    0.0026821793    0.0000254252
 -24193.0000000000    0.0027203170    0.0000253334
 -24191.5000000000    0.0027583094    0.0000252298
 -24190.0000000000    0.0027960937    0.0000251111
 -24188.5000000000    0.0028337192    0.0000249822
 -24187.0000000000    0.0028711567    0.0000248424
 -24185.5000000000    0.0029083756    0.0000246907
 -24184.0000000000    0.0029453445    0.0000245263
 -24182.5000000000    0.0029820293    0.0000243500
 -24181.0000000000    0.0030184117    0.0000241577
 -24179.5000000000    0.0030545681    0.0000239584
 -24178.0000000000    0.0030903592    0.0000237433
 -24176.5000000000    0.0031258332    0.0000235193
 -24175.0000000000    0.0031609482    0.0000232804
 -24173.5000000000    0.0031957245    0.0000230316
 -24172.0000000000    0.0032301177    0.0000227710
 -24170.5000000000    0.0032640691    0.0000224956
 -24169.0000000000    0.0032976271    0.0000222103
 -24167.5000000000    0.0033307631    0.0000219163
 -24166.0000000000    0.0033634060    0.0000216055
 -24164.5000000000    0.0033956314    0.0000212867
 -24163.0000000000    0.0034273123    0.0000209543
 -24161.5000000000    0.0034584854    0.0000206078
 -24160.0000000000    0.0034891864    0.0000202534
 -24158.5000000000    0.0035193050    0.0000198843
 -24157.0000000000    0.0035488755    0.0000195043
 -24155.5000000000    0.0035778390    0.0000191124
 -24154.0000000000    0.0036062046    0.0000187064
 -24152.5000000000    0.0036339660    0.0000182893
 -24151.0000000000    0.0036611215    0.0000178623
 -24149.5000000000    0.0036876002    0.0000174256
 -24148.0000000000    0.0037134140    0.0000169728
 -24146.5000000000    0.0037385673    0.0000165100
 -24145.0000000000    0.0037630333    0.0000160366
 -24143.5000000000    0.0037867517    0.0000155495
 -24142.0000000000    0.0038098022    0.0000150558
 -24140.5000000000    0.0038320321    0.0000145458
 -24139.0000000000    0.0038534875    0.0000140242
 -24137.5000000000    0.0038741534    0.0000134912
 -24136.0000000000    0.0038939819    0.0000129448
 -24134.5000000000    0.0039129959    0.0000123879
 -24133.0000000000    0.0039311963    0.0000118219
 -24131.5000000000    0.0039485376    0.0000112449
 -24130.0000000000    0.0039650071    0.0000106573
 -24128.5000000000    0.0039805436    0.0000100562
 -24127.0000000000    0.0039951842    0.0000094495
 -24125.5000000000    0.0040089077    0.0000088287
 -24124.0000000000    0.0040217218    0.0000082001
 -24122.5000000000    0.0040335723    0.0000075651
 -24121.0000000000    0.0040444619    0.0000069169
 -24119.5000000000    0.0040543441    0.0000062579
 -24118.0000000000    0.0040632867    0.0000055943
 -24116.5000000000    0.0040712429    0.0000049240
 -24115.0000000000    0.0040781319    0.0000042426
 -24113.5000000000    0.0040839645    0.0000035541
 -24112.0000000000    0.0040887878    0.0000028587
 -24110.5000000000    0.0040925501    0.0000021584
 -24109.0000000000    0.0040952431    0.0000014514
 -24107.5000000000    0.0040968723    0.0000007413
 -24106.0000000000    0.0040974330    0.0000000247
 -24104.5000000000    0.0040969581   -0.0000006947
 -24103.0000000000    0.0040953733   -0.0000014190
 -24101.5000000000    0.0040926725   -0.0000021437
 -24100.0000000000    0.0040888802   -0.0000028680
 -24098.5000000000    0.0040840168   -0.0000035967
 -24097.0000000000    0.0040780880   -0.0000043236
 -24095.5000000000    0.0040710265   -0.0000050508
 -24094.0000000000    0.0040628747   -0.0000057768
 -24092.5000000000    0.0040536782   -0.0000064978
 -24091.0000000000    0.0040433889   -0.0000072207
 -24089.5000000000    0.0040320318   -0.0000079387
 -24088.0000000000    0.0040195874   -0.0000086529
 -24086.5000000000    0.0040060758   -0.0000093615
 -24085.0000000000    0.0039914908   -0.0000100607
 -24083.5000000000    0.0039758631   -0.0000107548
 -24082.0000000000    0.0039592146   -0.0000114419
 -24080.5000000000    0.0039415135   -0.0000121159
 -24079.0000000000    0.0039228515   -0.0000127815
 -24077.5000000000    0.0039031992   -0.0000134383
 -24076.0000000000    0.0038825420   -0.0000140815
 -24074.5000000000    0.0038609561   -0.0000147125
 -24073.0000000000    0.0038384200   -0.0000153334
 -24071.5000000000    0.0038149773   -0.0000159394
 -24070.0000000000    0.0037906220   -0.0000165318
 -24068.5000000000    0.0037653607   -0.0000171046
 -24067.0000000000    0.0037392369   -0.0000176627
 -24065.5000000000    0.0037123033   -0.0000182032
 -24064.0000000000    0.0036846006   -0.0000187307
 -24062.5000000000    0.0036560907   -0.0000192381
 -24061.0000000000    0.0036268343   -0.0000197272
 -24059.5000000000    0.0035968581   -0.0000201974
 -24058.0000000000    0.0035661762   -0.0000206470
 -24056.5000000000    0.0035348641   -0.0000210790
 -24055.0000000000    0.0035029056   -0.0000214896
 -24053.5000000000    0.0034703457   -0.0000218795
 -24052.0000000000    0.0034372172   -0.0000222484
 -24050.5000000000    0.0034035796   -0.0000225981
 -24049.0000000000    0.0033694046   -0.0000229241
 -24047.5000000000    0.0033347858   -0.0000232305
 -24046.0000000000    0.0032997095   -0.0000235140
 -24044.5000000000    0.0032642104   -0.0000237745
 -24043.0000000000    0.0032283362   -0.0000240131
 -24041.5000000000    0.0031921060   -0.0000242289
 -24040.0000000000    0.0031555696   -0.0000244231
 -24038.5000000000    0.0031188004   -0.0000245989
 -24037.0000000000    0.0030817098   -0.0000247477
 -24035.5000000000    0.0030443983   -0.0000248747
 -24034.0000000000    0.0030069411   -0.0000249812
 -24032.5000000000    0.0029692554   -0.0000250631
 -24031.0000000000    0.0029315305   -0.0000251305
 -24029.5000000000    0.0028937631   -0.0000251812
 -24028.0000000000    0.0028558928   -0.0000252094
 -24026.5000000000    0.0028180070   -0.0000252176
 -24025.0000000000    0.0027801662   -0.0000252126
 -24023.5000000000    0.0027423480   -0.0000251875
 -24022.0000000000    0.0027045663   -0.0000251459
 -24020.5000000000    0.0026667859   -0.0000250823
 -24019.0000000000    0.0026291435   -0.0000250052
 -24017.5000000000    0.0025916272   -0.0000249128
 -24016.0000000000    0.0025542896   -0.0000248079
 -24014.5000000000    0.0025171482   -0.0000246910
 -24013.0000000000    0.0024801368   -0.0000245567
 -24011.5000000000    0.0024433500   -0.0000244110
 -24010.0000000000    0.0024067753   -0.0000242525
 -24008.5000000000    0.0023704905   -0.0000240842
 -24007.0000000000    0.0023343507   -0.0000238995
 -24005.5000000000    0.0022985093   -0.0000237069
 -24004.0000000000    0.0022630494   -0.0000235122
 -24002.5000000000    0.0022278734   -0.0000233084
 -24001.0000000000    0.0021930088   -0.0000230974
 -23999.5000000000    0.0021584512   -0.0000228789
 -23998.0000000000    0.0021241524   -0.0000226496
 -23996.5000000000    0.0020903019   -0.0000224230
 -23995.0000000000    0.0020567655   -0.0000221898
 -23993.5000000000    0.0020235387   -0.0000219500
 -23992.0000000000    0.0019907166   -0.0000217107
 -23990.5000000000    0.0019582554   -0.0000214691
 -23989.0000000000    0.0019261720   -0.0000212267
 -23987.5000000000    0.0018944391   -0.0000209822
 -23986.0000000000    0.0018630735   -0.0000207371
 -23984.5000000000    0.0018320753   -0.0000204920
 -23983.0000000000    0.0018014430   -0.0000202473
 -23981.5000000000    0.0017712078   -0.0000200057
 -23980.0000000000    0.0017413359   -0.0000197653
 -23978.5000000000    0.0017118086   -0.0000195256
 -23977.0000000000    0.0016826389   -0.0000192878
 -23975.5000000000    0.0016538247   -0.0000190524
 -23974.0000000000    0.0016253618   -0.0000188198
 -23972.5000000000    0.0015972307   -0.0000185891
 -23971.0000000000    0.0015694569   -0.0000183626
 -23969.5000000000    0.0015419039   -0.0000181313
 -23968.0000000000    0.0015148103   -0.0000179125
 -23966.5000000000    0.0014880130   -0.0000176952
 -23965.0000000000    0.0014614265   -0.0000174739
 -23963.5000000000    0.0014352383   -0.0000172623
 -23962.0000000000    0.0014094213   -0.0000170590
 -23960.5000000000    0.0013838783   -0.0000168575
 -23959.0000000000    0.0013586221   -0.0000166591
 -23957.5000000000    0.0013337316   -0.0000164698
 -23956.0000000000    0.0013090927   -0.0000162819
 -23954.5000000000    0.0012846904   -0.0000160945
 -23953.0000000000    0.0012605358   -0.0000159088
 -23951.5000000000    0.0012366710   -0.0000157279
 -23950.0000000000    0.0012131474   -0.0000155558
 -23948.5000000000    0.0011898525   -0.0000153846
 -23947.0000000000    0.0011668395   -0.0000152183
 -23945.5000000000    0.0011440593   -0.0000150535
 -23944.0000000000    0.0011215256   -0.0000148913
 -23942.5000000000    0.0010991759   -0.0000147273
 -23941.0000000000    0.0010770836   -0.0000145666
 -23939.5000000000    0.0010552324   -0.0000144082
 -23938.0000000000    0.0010336309   -0.0000142527
 -23936.5000000000    0.0010122354   -0.0000140968
 -23935.0000000000    0.0009910561   -0.0000139413
 -23933.5000000000    0.0009701646   -0.0000137911
 -23932.0000000000    0.0009494987   -0.0000136417
 -23930.5000000000    0.0009290421   -0.0000134918
 -23929.0000000000    0.0009087951   -0.0000133413
 -23927.5000000000    0.0008887904   -0.0000131924
 -23926.0000000000    0.0008690349   -0.0000130453
 -23924.5000000000    0.0008494853   -0.0000128969
 -23923.0000000000    0.0008300903   -0.0000127431
 -23921.5000000000    0.0008110242   -0.0000125963
 -23920.0000000000    0.0007921791   -0.0000124486
 -23918.5000000000    0.0007735005   -0.0000122958
 -23917.0000000000    0.0007550361   -0.0000121412
 -23915.5000000000    0.0007368478   -0.0000119889
 -23914.0000000000    0.0007188306   -0.0000118312
 -23912.5000000000    0.0007010665   -0.0000116738
 -23911.0000000000    0.0006835239   -0.0000115143
 -23909.5000000000    0.0006662949   -0.0000113589
 -23908.0000000000    0.0006492987   -0.0000112019
 -23906.5000000000    0.0006325523   -0.0000110442
 -23905.0000000000    0.0006160162   -0.0000108828
 -23903.5000000000    0.0005997223   -0.0000107200
 -23902.0000000000    0.0005836619   -0.0000105548
 -23900.5000000000    0.0005678059   -0.0000103852
 -23899.0000000000    0.0005522049   -0.0000102146
 -23897.5000000000    0.0005369058   -0.0000100463
 -23896.0000000000    0.0005218134   -0.0000098734
 -23894.5000000000    0.0005069392   -0.0000096967
 -23893.0000000000    0.0004924285   -0.0000095265
 -23891.5000000000    0.0004781900   -0.0000093564
 -23890.0000000000    0.0004641941   -0.0000091842
 -23888.5000000000    0.0004504259   -0.0000090090
 -23887.0000000000    0.0004369509   -0.0000088353
 -23885.5000000000    0.0004237670   -0.0000086632
 -23884.0000000000    0.0004108241   -0.0000084891
 -23882.5000000000    0.0003980432   -0.0000083076
 -23881.0000000000    0.0003856789   -0.0000081368
 -23879.5000000000    0.0003735263   -0.0000079623
 -23878.0000000000    0.0003615795   -0.0000077840
 -23876.5000000000    0.0003499155   -0.0000076073
 -23875.0000000000    0.0003385308   -0.0000074322
 -23873.5000000000    0.0003274511   -0.0000072608
 -23872.0000000000    0.0003165707   -0.0000070859
 -23870.5000000000    0.0003059818   -0.0000069141
 -23869.0000000000    0.0002956466   -0.0000067431
 -23867.5000000000    0.0002855550   -0.0000065723
 -23866.0000000000    0.0002757311   -0.0000064038
 -23864.5000000000    0.0002661757   -0.0000062379
 -23863.0000000000    0.0002568662   -0.0000060733
 -23861.5000000000    0.0002478459   -0.0000059134
 -23860.0000000000    0.0002390519   -0.0000057540
 -23858.5000000000    0.0002304644   -0.0000055940
 -23857.0000000000    0.0002221442   -0.0000054381
 -23855.5000000000    0.0002140728   -0.0000052853
 -23854.0000000000    0.0002061986   -0.0000051322
 -23852.5000000000    0.0001985955   -0.0000049844
 -23851.0000000000    0.0001911423   -0.0000048336
 -23849.5000000000    0.0001839131   -0.0000046855
 -23848.0000000000    0.0001769613   -0.0000045441
 -23846.5000000000    0.0001702200   -0.0000044051
 -23845.0000000000    0.0001636999   -0.0000042695
 -23843.5000000000    0.0001573380   -0.0000041333
 -23842.0000000000    0.0001512064   -0.0000040018
 -23840.5000000000    0.0001452568   -0.0000038720
 -23839.0000000000    0.0001395282   -0.0000037470
 -23837.5000000000    0.0001339261   -0.0000036204
 -23836.0000000000    0.0001285131   -0.0000034969
 -23834.5000000000    0.0001233256   -0.0000033794
 -23833.0000000000    0.0001182833   -0.0000032627
 -23831.5000000000    0.0001133993   -0.0000031478
 -23830.0000000000    0.0001086856   -0.0000030359
 -23828.5000000000    0.0001041525   -0.0000029281
 -23827.0000000000    0.0000997929   -0.0000028242
 -23825.5000000000    0.0000956305   -0.0000027261
 -23824.0000000000    0.0000915411   -0.0000026253
 -23822.5000000000    0.0000876583   -0.0000025316
 -23821.0000000000    0.0000838854   -0.0000024383
 -23819.5000000000    0.0000802796   -0.0000023498
 -23818.0000000000    0.0000767758   -0.0000022617
 -23816.5000000000    0.0000734011   -0.0000021761
 -23815.0000000000    0.0000701971   -0.0000020963
 -23813.5000000000    0.0000670822   -0.0000020166
 -23812.0000000000    0.0000640571   -0.0000019374
 -23810.5000000000    0.0000612056   -0.0000018648
 -23809.0000000000    0.0000584043   -0.0000017903
 -23807.5000000000    0.0000557555   -0.0000017212
 -23806.0000000000    0.0000532233   -0.0000016554
 -23804.5000000000    0.0000507299   -0.0000015874
 -23803.0000000000    0.0000483813   -0.0000015248
 -23801.5000000000    0.0000461105   -0.0000014633
 -23800.0000000000    0.0000439450   -0.0000014048
 -23798.5000000000    0.0000418797   -0.0000013492
 -23797.0000000000    0.0000398815   -0.0000012943
 -23795.5000000000    0.0000379354   -0.0000012392
 -23794.0000000000    0.0000360721   -0.0000011862
 -23792.5000000000    0.0000343146   -0.0000011370
 -23791.0000000000    0.0000325998   -0.0000010874
 -23789.5000000000    0.0000309451   -0.0000010386
 -23788.0000000000    0.0000293909   -0.0000009938
 -23786.5000000000    0.0000278304   -0.0000009453
 -23785.0000000000    0.0000264132   -0.0000009041
 -23783.5000000000    0.0000250560   -0.0000008642
 -23782.0000000000    0.0000237590   -0.0000008259
 -23780.5000000000    0.0000225466   -0.0000007909
 -23779.0000000000    0.0000213708   -0.0000007560
 -23777.5000000000    0.0000202191   -0.0000007203
 -23776.0000000000    0.0000191180   -0.0000006859
 -23774.5000000000    0.0000180692   -0.0000006530
 -23773.0000000000    0.0000171113   -0.0000006243
 -23771.5000000000    0.0000161511   -0.0000005935
 -23770.0000000000    0.0000152665   -0.0000005660
 -23768.5000000000    0.0000143941   -0.0000005375
 -23767.0000000000    0.0000135497   -0.0000005091
 -23765.5000000000    0.0000127743   -0.0000004839
 -23764.0000000000    0.0000120651   -0.0000004618
 -23762.5000000000    0.0000113288   -0.0000004361
 -23761.0000000000    0.0000106163   -0.0000004106
 -23759.5000000000    0.0000099999   -0.0000003905
 -23758.0000000000    0.0000094280   -0.0000003721
 -23756.5000000000    0.0000088682   -0.0000003533
 -23755.0000000000    0.0000083373   -0.0000003353
 -23753.5000000000    0.0000078467   -0.0000003190
 -23752.0000000000    0.0000073658   -0.0000003022
 -23750.5000000000    0.0000069239   -0.0000002872
 -23749.0000000000    0.0000064753   -0.0000002706
 -23747.5000000000    0.0000060798   -0.0000002568
 -23746.0000000000    0.0000057045   -0.0000002436
 -23744.5000000000    0.0000053345   -0.0000002298
 -23743.0000000000    0.0000049990   -0.0000002177
 -23741.5000000000    0.0000046521   -0.0000002040
 -23740.0000000000    0.0000043545   -0.0000001930
 -23738.5000000000    0.0000040730   -0.0000001824
 -23737.0000000000    0.0000037632   -0.0000001692
 -23735.5000000000    0.0000035164   -0.0000001599
 -23734.0000000000    0.0000032683   -0.0000001498
 -23732.5000000000    0.0000030500   -0.0000001413
 -23731.0000000000    0.0000028442   -0.0000001332
 -23729.5000000000    0.0000026360   -0.0000001244
 -23728.0000000000    0.0000024549   -0.0000001171
 -23726.5000000000    0.0000022845   -0.0000001102
 -23725.0000000000    0.0000021104   -0.0000001025
 -23723.5000000000    0.0000019325   -0.0000000943
 -23722.0000000000    0.0000017812   -0.0000000875
 -23720.5000000000    0.0000016402   -0.0000000812
 -23719.0000000000    0.0000014931   -0.0000000741
 -23717.5000000000    0.0000013854   -0.0000000695
 -23716.0000000000    0.0000012703   -0.0000000641
 -23714.5000000000    0.0000011771   -0.0000000601
 -23713.0000000000    0.0000010760   -0.0000000553
 -23711.5000000000    0.0000009958   -0.0000000517
 -23710.0000000000    0.0000009071   -0.0000000474
 -23708.5000000000    0.0000008384   -0.0000000443
 -23707.0000000000    0.0000007742   -0.0000000413
 -23705.5000000000    0.0000007144   -0.0000000385
 -23704.0000000000    0.0000006586   -0.0000000359
 -23702.5000000000    0.0000006066   -0.0000000334
 -23701.0000000000    0.0000005582   -0.0000000311
 -23699.5000000000    0.0000005133   -0.0000000289
 -23698.0000000000    0.0000004715   -0.0000000268
 -23696.5000000000    0.0000004328   -0.0000000248
 -23695.0000000000    0.0000003969   -0.0000000230
 -23693.5000000000    0.0000003637   -0.0000000213
 -23692.0000000000    0.0000003330   -0.0000000197
 -23690.5000000000    0.0000003046   -0.0000000182
 -23689.0000000000    0.0000002784   -0.0000000168
 -23687.5000000000    0.0000002542   -0.0000000155
 -23686.0000000000    0.0000002319   -0.0000000143
 -23684.5000000000    0.0000002114   -0.0000000131
 -23683.0000000000    0.0000001925   -0.0000000121
 -23681.5000000000    0.0000001752   -0.0000000111
 -23680.0000000000    0.0000001593   -0.0000000102
 -23678.5000000000    0.0000001303   -0.0000000083
 -23677.0000000000    0.0000001184   -0.0000000076
 -23675.5000000000    0.0000001075   -0.0000000070
 -23674.0000000000    0.0000000975   -0.0000000064
 -23672.5000000000    0.0000000883   -0.0000000058
 -23671.0000000000    0.0000000658   -0.0000000043
 -23669.5000000000    0.0000000597   -0.0000000039
 -23668.0000000000    0.0000000401   -0.0000000026
 -23666.5000000000    0.0000000364   -0.0000000024
 -23665.0000000000    0.0000000329   -0.0000000022
 -23663.5000000000    0.0000000298   -0.0000000020
 -23662.0000000000    0.0000000269   -0.0000000018
 -23660.5000000000    0.0000000243   -0.0000000017
 -23659.0000000000    0.0000000220   -0.0000000015
 -23657.5000000000    0.0000000198   -0.0000000014
 -23656.0000000000    0.0000000178   -0.0000000012
 -23654.5000000000    0.0000000161   -0.0000000011
 -23653.0000000000    0.0000000000    0.0000000000
 -23651.5000000000    0.0000000000    0.0000000000
 -23650.0000000000    0.0000000000    0.0000000000
 -23648.5000000000    0.0000000000    0.0000000000
 -23647.0000000000    0.0000000000    0.0000000000
 -23645.5000000000    0.0000000000    0.0000000000
 -23644.0000000000    0.0000000000    0.0000000000
 -23642.5000000000    0.0000000000    0.0000000000
 -23641.0000000000    0.0000000000    0.0000000000
 -23639.5000000000    0.0000000000    0.0000000000
 -23638.0000000000    0.0000000000    0.0000000000
 -23636.5000000000    0.0000000000    0.0000000000
 -23635.0000000000    0.0000000000    0.0000000000
 -23633.5000000000    0.0000000000    0.0000000000
 -23632.0000000000    0.0000000000    0.0000000000
 -23630.5000000000    0.0000000000    0.0000000000
 -23629.0000000000    0.0000000000    0.0000000000
 -23627.5000000000    0.0000000000    0.0000000000
 -23626.0000000000    0.0000000000    0.0000000000
 -23624.5000000000    0.0000000000    0.0000000000
 -23623.0000000000    0.0000000000    0.0000000000
 -23621.5000000000    0.0000000000    0.0000000000
 -23620.0000000000    0.0000000000    0.0000000000
 -23618.5000000000    0.0000000000    0.0000000000
 -23617.0000000000    0.0000000000    0.0000000000
 -23615.5000000000    0.0000000000    0.0000000000
 -23614.0000000000    0.0000000000    0.0000000000
 -23612.5000000000    0.0000000000    0.0000000000
 -23611.0000000000    0.0000000000    0.0000000000
 -23609.5000000000    0.0000000000    0.0000000000
 -23608.0000000000    0.0000000000    0.0000000000
 -23606.5000000000    0.0000000000    0.0000000000
 -23605.0000000000    0.0000000000    0.0000000000
 -23603.5000000000    0.0000000000    0.0000000000
 -23602.0000000000    0.0000000000    0.0000000000
 -23600.5000000000    0.0000000000    0.0000000000
 -23599.0000000000    0.0000000000    0.0000000000
 -23597.5000000000    0.0000000000    0.0000000000
 -23596.0000000000    0.0000000000    0.0000000000
 -23594.5000000000    0.0000000000    0.0000000000
 -23593.0000000000    0.0000000000    0.0000000000
 -23591.5000000000    0.0000000000    0.0000000000
 -23590.0000000000    0.0000000000    0.0000000000
 -23588.5000000000    0.0000000000    0.0000000000
 -23587.0000000000    0.0000000000    0.0000000000
 -23585.5000000000    0.0000000000    0.0000000000
 -23584.0000000000    0.0000000000    0.0000000000
 -23582.5000000000    0.0000000000    0.0000000000
 -23581.0000000000    0.0000000000    0.0000000000
 -23579.5000000000    0.0000000000    0.0000000000
 -23578.0000000000    0.0000000000    0.0000000000
 -23576.5000000000    0.0000000000    0.0000000000
 -23575.0000000000    0.0000000000    0.0000000000
 -23573.5000000000    0.0000000000    0.0000000000
 -23572.0000000000    0.0000000000    0.0000000000
 -23570.5000000000    0.0000000000    0.0000000000
 -23569.0000000000    0.0000000000    0.0000000000
 -23567.5000000000    0.0000000000    0.0000000000
 -23566.0000000000    0.0000000000    0.0000000000
 -23564.5000000000    0.0000000000    0.0000000000
 -23563.0000000000    0.0000000000    0.0000000000
 -23561.5000000000    0.0000000000    0.0000000000
 -23560.0000000000    0.0000000000    0.0000000000
 -23558.5000000000    0.0000000000    0.0000000000
 -23557.0000000000    0.0000000000    0.0000000000
 -23555.5000000000    0.0000000000    0.0000000000
 -23554.0000000000    0.0000000000    0.0000000000
 -23552.5000000000    0.0000000000    0.0000000000
 -23551.0000000000    0.0000000000    0.0000000000
 -23549.5000000000    0.0000000000    0.0000000000
 -23548.0000000000    0.0000000000    0.0000000000
 -23546.5000000000    0.0000000000    0.0000000000
 -23545.0000000000    0.0000000000    0.0000000000
 -23543.5000000000    0.0000000000    0.0000000000
 -23542.0000000000    0.0000000000    0.0000000000
 -23540.5000000000    0.0000000000    0.0000000000
 -23539.0000000000    0.0000000000    0.0000000000
 -23537.5000000000    0.0000000000    0.0000000000
 -23536.0000000000    0.0000000000    0.0000000000
 -23534.5000000000    0.0000000000    0.0000000000
 -23533.0000000000    0.0000000000    0.0000000000
 -23531.5000000000    0.0000000000    0.0000000000
 -23530.0000000000    0.0000000000    0.0000000000
 -23528.5000000000    0.0000000000    0.0000000000
 -23527.0000000000    0.0000000000    0.0000000000
 -23525.5000000000    0.0000000000    0.0000000000
 -23524.0000000000    0.0000000000    0.0000000000
 -23522.5000000000    0.0000000000    0.0000000000
 -23521.0000000000    0.0000000000    0.0000000000
 -23519.5000000000    0.0000000000    0.0000000000
 -23518.0000000000    0.0000000000    0.0000000000
 -23516.5000000000    0.0000000000    0.0000000000
 -23515.0000000000    0.0000000000    0.0000000000
 -23513.5000000000    0.0000000000    0.0000000000
 -23512.0000000000    0.0000000000    0.0000000000
 -23510.5000000000    0.0000000000    0.0000000000
 -23509.0000000000    0.0000000000    0.0000000000
 -23507.5000000000    0.0000000000    0.0000000000
 -23506.0000000000    0.0000000000    0.0000000000
 -23504.5000000000    0.0000000000    0.0000000000
 -23503.0000000000    0.0000000000    0.0000000000
 -23501.5000000000    0.0000000000    0.0000000000
 -23500.0000000000    0.0000000000    0.0000000000
